0.000000000000000000e+00 1.118392979086567374e-01
1.000000000000000000e+01 1.127129880710378840e-01
2.000000000000000000e+01 1.153180952310496749e-01
3.000000000000000000e+01 1.195993236767140949e-01
4.000000000000000000e+01 1.254737940807492957e-01
5.000000000000000000e+01 1.328322660122772114e-01
6.000000000000000000e+01 1.415456277203727131e-01
7.000000000000000000e+01 1.514708838830546023e-01
8.000000000000000000e+01 1.624572133182604350e-01
9.000000000000000000e+01 1.743516271698709319e-01
1.000000000000000000e+02 1.870038306466090261e-01
1.100000000000000000e+02 2.002700002540501456e-01
1.200000000000000000e+02 2.140153150977859298e-01
1.300000000000000000e+02 2.281152081532881737e-01
1.400000000000000000e+02 2.424554280997317790e-01
1.500000000000000000e+02 2.569310979446868815e-01
1.600000000000000000e+02 2.714450345830051736e-01
1.700000000000000000e+02 2.859056463892176159e-01
1.800000000000000000e+02 3.002246914806108724e-01
1.900000000000000000e+02 3.143152499906309294e-01
2.000000000000000000e+02 3.280901532164469669e-01
2.100000000000000000e+02 3.414610679523864545e-01
2.200000000000000000e+02 3.543384278548251110e-01
2.300000000000000000e+02 3.666322339063285973e-01
2.400000000000000000e+02 3.782537699277992993e-01
2.500000000000000000e+02 3.891181025160299622e-01
2.600000000000000000e+02 3.991472403400004310e-01
2.700000000000000000e+02 4.082737262452021398e-01
2.800000000000000000e+02 4.164444011423882319e-01
2.900000000000000000e+02 4.236240307306943786e-01
3.000000000000000000e+02 4.297984616270068559e-01
3.100000000000000000e+02 4.349770489912987981e-01
3.200000000000000000e+02 4.391940917889811113e-01
3.300000000000000000e+02 4.425090861922000851e-01
3.400000000000000000e+02 4.450056948719036676e-01
3.500000000000000000e+02 4.467894163903829430e-01
3.600000000000000000e+02 4.479840706511076798e-01
3.700000000000000000e+02 4.487272840651590489e-01
3.800000000000000000e+02 4.491652673316784417e-01
3.900000000000000000e+02 4.494472165849861534e-01
4.000000000000000000e+02 4.497196674004753092e-01
4.100000000000000000e+02 4.501211912919421687e-01
4.200000000000000000e+02 4.507777565518288898e-01
4.300000000000000000e+02 4.517989817878455550e-01
4.400000000000000000e+02 4.532754792147078438e-01
4.500000000000000000e+02 4.552773442954414218e-01
4.600000000000000000e+02 4.578537957503967526e-01
4.700000000000000000e+02 4.610338611065157854e-01
4.800000000000000000e+02 4.648279362058243547e-01
4.900000000000000000e+02 4.692299983030512878e-01
5.000000000000000000e+02 4.742202502481601689e-01
5.100000000000000000e+02 4.797679327120348836e-01
5.200000000000000000e+02 4.858340721026383480e-01
5.300000000000000000e+02 4.923739904324618277e-01
5.400000000000000000e+02 4.993394411520440945e-01
5.500000000000000000e+02 5.066802794682964128e-01
5.600000000000000000e+02 5.143456258892732391e-01
5.700000000000000000e+02 5.222845517353627010e-01
5.800000000000000000e+02 5.304463511975519019e-01
5.900000000000000000e+02 5.387805014269360093e-01
6.000000000000000000e+02 5.472364248464908210e-01
6.100000000000000000e+02 5.557631758112566711e-01
6.200000000000000000e+02 5.643091805970239516e-01
6.300000000000000000e+02 5.728221288287979052e-01
6.400000000000000000e+02 5.812491066385125915e-01
6.500000000000000000e+02 5.895370117551653744e-01
6.600000000000000000e+02 5.976332675507668446e-01
6.700000000000000000e+02 6.054868162026314504e-01
6.800000000000000000e+02 6.130493309391793488e-01
6.900000000000000000e+02 6.202765614537701921e-01
7.000000000000000000e+02 6.271297180797937854e-01
7.100000000000000000e+02 6.335767710861627267e-01
7.200000000000000000e+02 6.395935569876034510e-01
7.300000000000000000e+02 6.451645847169881209e-01
7.400000000000000000e+02 6.502834706756974725e-01
7.500000000000000000e+02 6.549529533532006953e-01
7.600000000000000000e+02 6.591844656263653457e-01
7.700000000000000000e+02 6.629972825534261593e-01
7.800000000000000000e+02 6.664173088497247210e-01
7.900000000000000000e+02 6.694755800806533319e-01
8.000000000000000000e+02 6.722065742943371669e-01
8.100000000000000000e+02 6.746464575602492131e-01
8.200000000000000000e+02 6.768313774896282942e-01
8.300000000000000000e+02 6.787959020922589293e-01
8.400000000000000000e+02 6.805716905003997841e-01
8.500000000000000000e+02 6.821864686671549327e-01
8.600000000000000000e+02 6.836633426222651355e-01
8.700000000000000000e+02 6.850204628148223174e-01
8.800000000000000000e+02 6.862710249761589942e-01
8.900000000000000000e+02 6.874235700514608194e-01
9.000000000000000000e+02 6.884825285163617137e-01
9.100000000000000000e+02 6.894489452155017073e-01
9.200000000000000000e+02 6.903213169068104227e-01
9.300000000000000000e+02 6.910964759899611565e-01
9.400000000000000000e+02 6.917704535180164704e-01
9.500000000000000000e+02 6.923392777579531199e-01
9.600000000000000000e+02 6.927996751121852093e-01
9.700000000000000000e+02 6.931496400929901824e-01
9.800000000000000000e+02 6.933888563787590220e-01
9.900000000000000000e+02 6.935189760261640801e-01
1.000000000000000000e+03 6.935437660022519823e-01
1.010000000000000000e+03 6.934691363887502957e-01
1.020000000000000000e+03 6.933030654344878307e-01
1.030000000000000000e+03 6.930554408875050365e-01
1.040000000000000000e+03 6.927378410913107576e-01
1.050000000000000000e+03 6.923632745415864154e-01
1.060000000000000000e+03 6.919458902647016574e-01
1.070000000000000000e+03 6.915006723985307469e-01
1.080000000000000000e+03 6.910431308472732015e-01
1.090000000000000000e+03 6.905889962624223166e-01
1.100000000000000000e+03 6.901539268360833423e-01
1.110000000000000000e+03 6.897532293239376777e-01
1.120000000000000000e+03 6.894015959127210991e-01
1.130000000000000000e+03 6.891128640219209567e-01
1.140000000000000000e+03 6.888998023508215995e-01
1.150000000000000000e+03 6.887739239557876259e-01
1.160000000000000000e+03 6.887453265673511016e-01
1.170000000000000000e+03 6.888225651582677855e-01
1.180000000000000000e+03 6.890125648729454877e-01
1.190000000000000000e+03 6.893205694926569649e-01
1.200000000000000000e+03 6.897501212710415164e-01
1.210000000000000000e+03 6.903030830851816235e-01
1.220000000000000000e+03 6.909797010356757418e-01
1.230000000000000000e+03 6.917786986783058811e-01
1.240000000000000000e+03 6.926974014665598922e-01
1.250000000000000000e+03 6.937318879806582128e-01
1.260000000000000000e+03 6.948771596180572940e-01
1.270000000000000000e+03 6.961273233029253715e-01
1.280000000000000000e+03 6.974757816012570055e-01
1.290000000000000000e+03 6.989154213412578365e-01
1.300000000000000000e+03 7.004387945647493341e-01
1.310000000000000000e+03 7.020382852728822565e-01
1.320000000000000000e+03 7.037062561809619421e-01
1.330000000000000000e+03 7.054351717409037548e-01
1.340000000000000000e+03 7.072176939157427400e-01
1.350000000000000000e+03 7.090467491213754414e-01
1.360000000000000000e+03 7.109155678887870700e-01
1.370000000000000000e+03 7.128176985180509906e-01
1.380000000000000000e+03 7.147469936460768558e-01
1.390000000000000000e+03 7.166975715213118603e-01
1.400000000000000000e+03 7.186637574469136869e-01
1.410000000000000000e+03 7.206400150494673973e-01
1.420000000000000000e+03 7.226208710581929484e-01
1.430000000000000000e+03 7.246008433686869088e-01
1.440000000000000000e+03 7.265743837134656102e-01
1.450000000000000000e+03 7.285358348304452614e-01
1.460000000000000000e+03 7.304794077454714873e-01
1.470000000000000000e+03 7.323991840832816402e-01
1.480000000000000000e+03 7.342891482427152949e-01
1.490000000000000000e+03 7.361432500383093824e-01
1.500000000000000000e+03 7.379554944602144673e-01
1.510000000000000000e+03 7.397200543784023807e-01
1.520000000000000000e+03 7.414313974368570426e-01
1.530000000000000000e+03 7.430844179286467677e-01
1.540000000000000000e+03 7.446745627481994312e-01
1.550000000000000000e+03 7.461979415467805410e-01
1.560000000000000000e+03 7.476514097656687952e-01
1.570000000000000000e+03 7.490326150368697977e-01
1.580000000000000000e+03 7.503400029054518861e-01
1.590000000000000000e+03 7.515727811820668292e-01
1.600000000000000000e+03 7.527308448321006207e-01
1.610000000000000000e+03 7.538146663758175103e-01
1.620000000000000000e+03 7.548251609637038895e-01
1.630000000000000000e+03 7.557635383526685180e-01
1.640000000000000000e+03 7.566311533341781859e-01
1.650000000000000000e+03 7.574293669126112016e-01
1.660000000000000000e+03 7.581594295151903307e-01
1.670000000000000000e+03 7.588223927436398286e-01
1.680000000000000000e+03 7.594190534614194688e-01
1.690000000000000000e+03 7.599499321544451735e-01
1.700000000000000000e+03 7.604152837783972885e-01
1.710000000000000000e+03 7.608151367237404594e-01
1.720000000000000000e+03 7.611493541467921897e-01
1.730000000000000000e+03 7.614177100675298959e-01
1.740000000000000000e+03 7.616199703632705598e-01
1.750000000000000000e+03 7.617559695395723640e-01
1.760000000000000000e+03 7.618256775789736812e-01
1.770000000000000000e+03 7.618292524761011153e-01
1.780000000000000000e+03 7.617670738560083921e-01
1.790000000000000000e+03 7.616397567506290045e-01
1.800000000000000000e+03 7.614481468643939932e-01
1.810000000000000000e+03 7.611932991182205344e-01
1.820000000000000000e+03 7.608764431100016878e-01
1.830000000000000000e+03 7.604989397021203468e-01
1.840000000000000000e+03 7.600622322586207957e-01
1.850000000000000000e+03 7.595677967284247822e-01
1.860000000000000000e+03 7.590170969658085465e-01
1.870000000000000000e+03 7.584115515316742773e-01
1.880000000000000000e+03 7.577525147763694013e-01
1.890000000000000000e+03 7.570412733074981526e-01
1.900000000000000000e+03 7.562790599033050176e-01
1.910000000000000000e+03 7.554670860079746308e-01
1.920000000000000000e+03 7.546065915453499251e-01
1.930000000000000000e+03 7.536989086957194273e-01
1.940000000000000000e+03 7.527455350139674595e-01
1.950000000000000000e+03 7.517482116494220712e-01
1.960000000000000000e+03 7.507090025386913279e-01
1.970000000000000000e+03 7.496303699147355282e-01
1.980000000000000000e+03 7.485152415961108252e-01
1.990000000000000000e+03 7.473670670004064487e-01
2.000000000000000000e+03 7.461898592514906170e-01
2.010000000000000000e+03 7.449882212668380577e-01
2.020000000000000000e+03 7.437673539207754203e-01
2.030000000000000000e+03 7.425330451690939082e-01
2.040000000000000000e+03 7.412916406463370134e-01
2.050000000000000000e+03 7.400499969952785140e-01
2.060000000000000000e+03 7.388154187849039767e-01
2.070000000000000000e+03 7.375955800613509528e-01
2.080000000000000000e+03 7.363984327854241618e-01
2.090000000000000000e+03 7.352321048846277574e-01
2.100000000000000000e+03 7.341047905569842991e-01
2.110000000000000000e+03 7.330246357695113790e-01
2.120000000000000000e+03 7.319996215372059911e-01
2.130000000000000000e+03 7.310374472009771862e-01
2.140000000000000000e+03 7.301454160593392473e-01
2.150000000000000000e+03 7.293303252169390793e-01
2.160000000000000000e+03 7.285983610593331772e-01
2.170000000000000000e+03 7.279550020948636346e-01
2.180000000000000000e+03 7.274049308308464523e-01
2.190000000000000000e+03 7.269519554752716939e-01
2.200000000000000000e+03 7.265989425929995082e-01
2.210000000000000000e+03 7.263477635102432162e-01
2.220000000000000000e+03 7.261992575200026945e-01
2.230000000000000000e+03 7.261532139579409684e-01
2.240000000000000000e+03 7.262083743406353431e-01
2.250000000000000000e+03 7.263624555008038053e-01
2.260000000000000000e+03 7.266121943344918677e-01
2.270000000000000000e+03 7.269534137260940110e-01
2.280000000000000000e+03 7.273811087726635982e-01
2.290000000000000000e+03 7.278895513583121257e-01
2.300000000000000000e+03 7.284724090777375816e-01
2.310000000000000000e+03 7.291228739548577531e-01
2.320000000000000000e+03 7.298337969957239268e-01
2.330000000000000000e+03 7.305978243869126754e-01
2.340000000000000000e+03 7.314075303771359060e-01
2.350000000000000000e+03 7.322555419914926755e-01
2.360000000000000000e+03 7.331346514093899369e-01
2.370000000000000000e+03 7.340379127255179936e-01
2.380000000000000000e+03 7.349587207159109514e-01
2.390000000000000000e+03 7.358908702028760240e-01
2.400000000000000000e+03 7.368285956458178187e-01
2.410000000000000000e+03 7.377665914833339000e-01
2.420000000000000000e+03 7.387000145140596441e-01
2.430000000000000000e+03 7.396244699982144066e-01
2.440000000000000000e+03 7.405359834311501244e-01
2.450000000000000000e+03 7.414309604783468899e-01
2.460000000000000000e+03 7.423061383256311929e-01
2.470000000000000000e+03 7.431585322345847233e-01
2.480000000000000000e+03 7.439853811580785514e-01
2.490000000000000000e+03 7.447840962923668595e-01
2.500000000000000000e+03 7.455522163759230603e-01
2.510000000000000000e+03 7.462873728310869259e-01
2.520000000000000000e+03 7.469872669480474014e-01
2.530000000000000000e+03 7.476496603962347054e-01
2.540000000000000000e+03 7.482723790495987570e-01
2.550000000000000000e+03 7.488533289593284348e-01
2.560000000000000000e+03 7.493905221055181531e-01
2.570000000000000000e+03 7.498821083463768078e-01
2.580000000000000000e+03 7.503264094086194991e-01
2.590000000000000000e+03 7.507219507797410207e-01
2.600000000000000000e+03 7.510674879303764762e-01
2.610000000000000000e+03 7.513620240458875887e-01
2.620000000000000000e+03 7.516048172346058154e-01
2.630000000000000000e+03 7.517953763225676544e-01
2.640000000000000000e+03 7.519334457677802064e-01
2.650000000000000000e+03 7.520189816920606063e-01
2.660000000000000000e+03 7.520521222240434955e-01
2.670000000000000000e+03 7.520331556504938897e-01
2.680000000000000000e+03 7.519624894610760224e-01
2.690000000000000000e+03 7.518406229124839912e-01
2.700000000000000000e+03 7.516681252304918681e-01
2.710000000000000000e+03 7.514456208373402335e-01
2.720000000000000000e+03 7.511737822425019750e-01
2.730000000000000000e+03 7.508533305471799535e-01
2.740000000000000000e+03 7.504850427575930905e-01
2.750000000000000000e+03 7.500697648151357644e-01
2.760000000000000000e+03 7.496084297789051831e-01
2.770000000000000000e+03 7.491020811064461604e-01
2.780000000000000000e+03 7.485519008564333054e-01
2.790000000000000000e+03 7.479592420944618514e-01
2.800000000000000000e+03 7.473256642088856871e-01
2.810000000000000000e+03 7.466529695139798584e-01
2.820000000000000000e+03 7.459432393880626178e-01
2.830000000000000000e+03 7.451988679712716612e-01
2.840000000000000000e+03 7.444225910865638340e-01
2.850000000000000000e+03 7.436175080776583624e-01
2.860000000000000000e+03 7.427870948207303536e-01
2.870000000000000000e+03 7.419352070317134507e-01
2.880000000000000000e+03 7.410660738538108472e-01
2.890000000000000000e+03 7.401842823153649276e-01
2.900000000000000000e+03 7.392947537044928241e-01
2.910000000000000000e+03 7.384027129298506020e-01
2.920000000000000000e+03 7.375136515839540996e-01
2.930000000000000000e+03 7.366332852239310114e-01
2.940000000000000000e+03 7.357675053522992892e-01
2.950000000000000000e+03 7.349223264762462238e-01
2.960000000000000000e+03 7.341038285025375254e-01
2.970000000000000000e+03 7.333180947091387791e-01
2.980000000000000000e+03 7.325711458461142689e-01
2.990000000000000000e+03 7.318688712743127711e-01
3.000000000000000000e+03 7.312169583148692142e-01
3.010000000000000000e+03 7.306208212152143222e-01
3.020000000000000000e+03 7.300855312964258381e-01
3.030000000000000000e+03 7.296157500311996058e-01
3.040000000000000000e+03 7.292156665116056313e-01
3.050000000000000000e+03 7.288889401560777470e-01
3.060000000000000000e+03 7.286386491104187568e-01
3.070000000000000000e+03 7.284672450723941317e-01
3.080000000000000000e+03 7.283765156761515813e-01
3.090000000000000000e+03 7.283675552376921436e-01
3.100000000000000000e+03 7.284407438120941158e-01
3.110000000000000000e+03 7.285957347424604214e-01
3.120000000000000000e+03 7.288314518380826224e-01
3.130000000000000000e+03 7.291460974500305614e-01
3.140000000000000000e+03 7.295371723167224376e-01
3.150000000000000000e+03 7.300015078997772466e-01
3.160000000000000000e+03 7.305353119549808927e-01
3.170000000000000000e+03 7.311342274290520971e-01
3.180000000000000000e+03 7.317934035971294104e-01
3.190000000000000000e+03 7.325075774963054620e-01
3.200000000000000000e+03 7.332711632122601575e-01
3.210000000000000000e+03 7.340783459712658665e-01
3.220000000000000000e+03 7.349231773870026352e-01
3.230000000000000000e+03 7.357996681490956981e-01
3.240000000000000000e+03 7.367018748340585788e-01
3.250000000000000000e+03 7.376239779237124816e-01
3.260000000000000000e+03 7.385603487277735413e-01
3.270000000000000000e+03 7.395056039521712421e-01
3.280000000000000000e+03 7.404546475876783163e-01
3.290000000000000000e+03 7.414027005265553250e-01
3.300000000000000000e+03 7.423453193092315328e-01
3.310000000000000000e+03 7.432784059699076851e-01
3.320000000000000000e+03 7.441982103532357451e-01
3.330000000000000000e+03 7.451013253901545008e-01
3.340000000000000000e+03 7.459846753802692465e-01
3.350000000000000000e+03 7.468454972497226008e-01
3.360000000000000000e+03 7.476813149215011389e-01
3.370000000000000000e+03 7.484899072708496304e-01
3.380000000000000000e+03 7.492692707328442170e-01
3.390000000000000000e+03 7.500175786368155073e-01
3.400000000000000000e+03 7.507331404292582056e-01
3.410000000000000000e+03 7.514143645816481198e-01
3.420000000000000000e+03 7.520597291544105500e-01
3.430000000000000000e+03 7.526677636108966007e-01
3.440000000000000000e+03 7.532370440804035949e-01
3.450000000000000000e+03 7.537662022208949653e-01
3.460000000000000000e+03 7.542539459184601780e-01
3.470000000000000000e+03 7.546990885655893155e-01
3.480000000000000000e+03 7.551005827698795692e-01
3.490000000000000000e+03 7.554575542409507349e-01
3.500000000000000000e+03 7.557693321704818112e-01
3.510000000000000000e+03 7.560354733801611937e-01
3.520000000000000000e+03 7.562557787932635556e-01
3.530000000000000000e+03 7.564303021181306708e-01
3.540000000000000000e+03 7.565593516401691865e-01
3.550000000000000000e+03 7.566434865964809520e-01
3.560000000000000000e+03 7.566835096669177751e-01
3.570000000000000000e+03 7.566804566910317886e-01
3.580000000000000000e+03 7.566355840176569592e-01
3.590000000000000000e+03 7.565503532283419652e-01
3.600000000000000000e+03 7.564264126357668205e-01
3.610000000000000000e+03 7.562655750702512725e-01
3.620000000000000000e+03 7.560697918705018283e-01
3.630000000000000000e+03 7.558411235658510918e-01
3.640000000000000000e+03 7.555817086489742263e-01
3.650000000000000000e+03 7.552937330476409139e-01
3.660000000000000000e+03 7.549794037898076571e-01
3.670000000000000000e+03 7.546409301155222460e-01
3.680000000000000000e+03 7.542805138899341122e-01
3.690000000000000000e+03 7.539003494763177882e-01
3.700000000000000000e+03 7.535026317991849742e-01
3.710000000000000000e+03 7.530895700837634266e-01
3.720000000000000000e+03 7.526634037977664171e-01
3.730000000000000000e+03 7.522264171417006873e-01
3.740000000000000000e+03 7.517809491074347594e-01
3.750000000000000000e+03 7.513293972246939401e-01
3.760000000000000000e+03 7.508742144038176303e-01
3.770000000000000000e+03 7.504178995928270091e-01
3.780000000000000000e+03 7.499629839427963685e-01
3.790000000000000000e+03 7.495120145395054445e-01
3.800000000000000000e+03 7.490675375413925474e-01
3.810000000000000000e+03 7.486320819927562153e-01
3.820000000000000000e+03 7.482081448328787854e-01
3.830000000000000000e+03 7.477981769854545879e-01
3.840000000000000000e+03 7.474045699881043392e-01
3.850000000000000000e+03 7.470296424348136233e-01
3.860000000000000000e+03 7.466756256431172911e-01
3.870000000000000000e+03 7.463446482214632915e-01
3.880000000000000000e+03 7.460387195454974973e-01
3.890000000000000000e+03 7.457597126358911366e-01
3.900000000000000000e+03 7.455093472372122942e-01
3.910000000000000000e+03 7.452891740012143051e-01
3.920000000000000000e+03 7.451005606797150849e-01
3.930000000000000000e+03 7.449446810361659566e-01
3.940000000000000000e+03 7.448225067743232675e-01
3.950000000000000000e+03 7.447348023425740537e-01
3.960000000000000000e+03 7.446821223006097057e-01
3.970000000000000000e+03 7.446648110041538260e-01
3.980000000000000000e+03 7.446830044418890626e-01
3.990000000000000000e+03 7.447366339964681670e-01
4.000000000000000000e+03 7.448254317673406177e-01
4.010000000000000000e+03 7.449489370563722179e-01
4.020000000000000000e+03 7.451065036449658896e-01
4.030000000000000000e+03 7.452973075828511762e-01
4.040000000000000000e+03 7.455203553548486184e-01
4.050000000000000000e+03 7.457744924159286359e-01
4.060000000000000000e+03 7.460584121962369197e-01
4.070000000000000000e+03 7.463706657296705904e-01
4.080000000000000000e+03 7.467096720389220232e-01
4.090000000000000000e+03 7.470737292339366675e-01
4.100000000000000000e+03 7.474610259423879466e-01
4.110000000000000000e+03 7.478696523499291926e-01
4.120000000000000000e+03 7.482976100008328357e-01
4.130000000000000000e+03 7.487428196936721791e-01
4.140000000000000000e+03 7.492031273151950055e-01
4.150000000000000000e+03 7.496763081273243312e-01
4.160000000000000000e+03 7.501600706298996446e-01
4.170000000000000000e+03 7.506520616696027437e-01
4.180000000000000000e+03 7.511498747926697028e-01
4.190000000000000000e+03 7.516510638122388954e-01
4.200000000000000000e+03 7.521531631851423594e-01
4.210000000000000000e+03 7.526537157557907642e-01
4.220000000000000000e+03 7.531503069077495338e-01
4.230000000000000000e+03 7.536406026029081051e-01
4.240000000000000000e+03 7.541223875936307053e-01
4.250000000000000000e+03 7.545935995905509452e-01
4.260000000000000000e+03 7.550523553476540251e-01
4.270000000000000000e+03 7.554969655119501137e-01
4.280000000000000000e+03 7.559259367858711665e-01
4.290000000000000000e+03 7.563379619350076855e-01
4.300000000000000000e+03 7.567318998570840005e-01
4.310000000000000000e+03 7.571067493562979589e-01
4.320000000000000000e+03 7.574616212668252579e-01
4.330000000000000000e+03 7.577957135851954851e-01
4.340000000000000000e+03 7.581082931151913451e-01
4.350000000000000000e+03 7.583986851482320546e-01
4.360000000000000000e+03 7.586662705871061174e-01
4.370000000000000000e+03 7.589104881885226916e-01
4.380000000000000000e+03 7.591308384229333850e-01
4.390000000000000000e+03 7.593268851989071200e-01
4.400000000000000000e+03 7.594982527052016597e-01
4.410000000000000000e+03 7.596446165869753520e-01
4.420000000000000000e+03 7.597656909853125473e-01
4.430000000000000000e+03 7.598612149790463510e-01
4.440000000000000000e+03 7.599309430346063987e-01
4.450000000000000000e+03 7.599746438777277291e-01
4.460000000000000000e+03 7.599921105474669591e-01
4.470000000000000000e+03 7.599831813660641311e-01
4.480000000000000000e+03 7.599477683006814477e-01
4.490000000000000000e+03 7.598858868489212215e-01
4.500000000000000000e+03 7.597976807171727964e-01
4.510000000000000000e+03 7.596834354338798390e-01
4.520000000000000000e+03 7.595435773427070547e-01
4.530000000000000000e+03 7.593786575101063585e-01
4.540000000000000000e+03 7.591893236883732188e-01
4.550000000000000000e+03 7.589762864043638757e-01
4.560000000000000000e+03 7.587402864571317629e-01
4.570000000000000000e+03 7.584820706797221757e-01
4.580000000000000000e+03 7.582023807865101439e-01
4.590000000000000000e+03 7.579019570537061101e-01
4.600000000000000000e+03 7.575815555165338333e-01
4.610000000000000000e+03 7.572419748097308778e-01
4.620000000000000000e+03 7.568840870307519397e-01
4.630000000000000000e+03 7.565088664524967088e-01
4.640000000000000000e+03 7.561174106401007400e-01
4.650000000000000000e+03 7.557109503336973955e-01
4.660000000000000000e+03 7.552908466944597832e-01
4.670000000000000000e+03 7.548585765632213063e-01
4.680000000000000000e+03 7.544157081404917475e-01
4.690000000000000000e+03 7.539638706766944587e-01
4.700000000000000000e+03 7.535047221722585009e-01
4.710000000000000000e+03 7.530399188792596954e-01
4.720000000000000000e+03 7.525710895958991342e-01
4.730000000000000000e+03 7.520998165117168677e-01
4.740000000000000000e+03 7.516276230831289151e-01
4.750000000000000000e+03 7.511559684525359604e-01
4.760000000000000000e+03 7.506862473934587943e-01
4.770000000000000000e+03 7.502197945354968089e-01
4.780000000000000000e+03 7.497578916191969256e-01
4.790000000000000000e+03 7.493017768244456533e-01
4.800000000000000000e+03 7.488526555620405034e-01
4.810000000000000000e+03 7.484117121621151059e-01
4.820000000000000000e+03 7.479801216851632573e-01
4.830000000000000000e+03 7.475590608686543126e-01
4.840000000000000000e+03 7.471497170106449204e-01
4.850000000000000000e+03 7.467532933424039232e-01
4.860000000000000000e+03 7.463710094419638841e-01
4.870000000000000000e+03 7.460040956560421987e-01
4.880000000000000000e+03 7.456537811754564427e-01
4.890000000000000000e+03 7.453212763016179299e-01
4.900000000000000000e+03 7.450077503335669205e-01
4.910000000000000000e+03 7.447143070293528178e-01
4.920000000000000000e+03 7.444419597437144098e-01
4.930000000000000000e+03 7.441916082952250155e-01
4.940000000000000000e+03 7.439640194032314247e-01
4.950000000000000000e+03 7.437598121339199508e-01
4.960000000000000000e+03 7.435794492710117165e-01
4.970000000000000000e+03 7.434232350399405664e-01
4.980000000000000000e+03 7.432913191116294893e-01
4.990000000000000000e+03 7.431837060783014204e-01
5.000000000000000000e+03 7.431002688191769012e-01
5.010000000000000000e+03 7.430407637874930638e-01
5.020000000000000000e+03 7.430048463137419734e-01
5.030000000000000000e+03 7.429920843451873758e-01
5.040000000000000000e+03 7.430019696505527627e-01
5.050000000000000000e+03 7.430339264074922179e-01
5.060000000000000000e+03 7.430873178631768328e-01
5.070000000000000000e+03 7.431614522206387852e-01
5.080000000000000000e+03 7.432555891302934370e-01
5.090000000000000000e+03 7.433689479557566981e-01
5.100000000000000000e+03 7.435007181397770282e-01
5.110000000000000000e+03 7.436500706451890652e-01
5.120000000000000000e+03 7.438161682237504069e-01
5.130000000000000000e+03 7.439981721392286973e-01
5.140000000000000000e+03 7.441952437496823780e-01
5.150000000000000000e+03 7.444065402405288800e-01
5.160000000000000000e+03 7.446312047788559152e-01
5.170000000000000000e+03 7.448683525108004133e-01
5.180000000000000000e+03 7.451170547828196433e-01
5.190000000000000000e+03 7.453763244659098453e-01
5.200000000000000000e+03 7.456451051799554142e-01
5.210000000000000000e+03 7.459222665394400487e-01
5.220000000000000000e+03 7.462066065935707426e-01
5.230000000000000000e+03 7.464968617042406773e-01
5.240000000000000000e+03 7.467917232437460973e-01
5.250000000000000000e+03 7.470898596734784070e-01
5.260000000000000000e+03 7.473899418811392747e-01
5.270000000000000000e+03 7.476906692583926706e-01
5.280000000000000000e+03 7.479907939548608997e-01
5.290000000000000000e+03 7.482891410508569763e-01
5.300000000000000000e+03 7.485846230322210637e-01
5.310000000000000000e+03 7.488762478193425887e-01
5.320000000000000000e+03 7.491631204422964929e-01
5.330000000000000000e+03 7.494444389911822935e-01
5.340000000000000000e+03 7.497194857699006620e-01
5.350000000000000000e+03 7.499876147924838810e-01
5.360000000000000000e+03 7.502482369570012688e-01
5.370000000000000000e+03 7.505008043735132972e-01
5.380000000000000000e+03 7.507447953277335273e-01
5.390000000000000000e+03 7.509797011948192713e-01
5.400000000000000000e+03 7.512050162800210096e-01
5.410000000000000000e+03 7.514202311909766729e-01
5.420000000000000000e+03 7.516248299554955103e-01
5.430000000000000000e+03 7.518182905022257057e-01
5.440000000000000000e+03 7.520000874646541877e-01
5.450000000000000000e+03 7.521696959903850788e-01
5.460000000000000000e+03 7.523265954437442504e-01
5.470000000000000000e+03 7.524702723916381064e-01
5.480000000000000000e+03 7.526002229472474880e-01
5.490000000000000000e+03 7.527159551278038707e-01
5.500000000000000000e+03 7.528169921334753045e-01
5.510000000000000000e+03 7.529028773414319087e-01
5.520000000000000000e+03 7.529731813431643772e-01
5.530000000000000000e+03 7.530275106459215495e-01
5.540000000000000000e+03 7.530655169423740025e-01
5.550000000000000000e+03 7.530869054291197129e-01
5.560000000000000000e+03 7.530914407569938573e-01
5.570000000000000000e+03 7.530789497924821330e-01
5.580000000000000000e+03 7.530493212465333430e-01
5.590000000000000000e+03 7.530025033264134970e-01
5.600000000000000000e+03 7.529385016270251363e-01
5.610000000000000000e+03 7.528573798769572223e-01
5.620000000000000000e+03 7.527592654823079821e-01
5.630000000000000000e+03 7.526443602591159632e-01
5.640000000000000000e+03 7.525129549906206528e-01
5.650000000000000000e+03 7.523654450393127968e-01
5.660000000000000000e+03 7.522023434916582652e-01
5.670000000000000000e+03 7.520242884237828829e-01
5.680000000000000000e+03 7.518320418529069737e-01
5.690000000000000000e+03 7.516264794980987984e-01
5.700000000000000000e+03 7.514085723497532232e-01
5.710000000000000000e+03 7.511793629214893464e-01
5.720000000000000000e+03 7.509399403330685452e-01
5.730000000000000000e+03 7.506914185294450981e-01
5.740000000000000000e+03 7.504349212944037006e-01
5.750000000000000000e+03 7.501715765845941020e-01
5.760000000000000000e+03 7.499025211747616382e-01
5.770000000000000000e+03 7.496289150239723309e-01
5.780000000000000000e+03 7.493519631773385425e-01
5.790000000000000000e+03 7.490729415555754667e-01
5.800000000000000000e+03 7.487932220099468017e-01
5.810000000000000000e+03 7.485142918435064852e-01
5.820000000000000000e+03 7.482377635810630867e-01
5.830000000000000000e+03 7.479653720165937436e-01
5.840000000000000000e+03 7.476989574444363740e-01
5.850000000000000000e+03 7.474404362793258816e-01
5.860000000000000000e+03 7.471917625267782137e-01
5.870000000000000000e+03 7.469548851177519877e-01
5.880000000000000000e+03 7.467317064797716064e-01
5.890000000000000000e+03 7.465240468895035786e-01
5.900000000000000000e+03 7.463336173836596643e-01
5.910000000000000000e+03 7.461620016810283085e-01
5.920000000000000000e+03 7.460106454509998208e-01
5.930000000000000000e+03 7.458808500724085633e-01
5.940000000000000000e+03 7.457737678779623458e-01
5.950000000000000000e+03 7.456903965533790979e-01
5.960000000000000000e+03 7.456315715059664839e-01
5.970000000000000000e+03 7.455979562578386455e-01
5.980000000000000000e+03 7.455900318965892337e-01
5.990000000000000000e+03 7.456080871293699897e-01
6.000000000000000000e+03 7.456522105814290535e-01
6.010000000000000000e+03 7.457222868017111539e-01
6.020000000000000000e+03 7.458179970802980563e-01
6.030000000000000000e+03 7.459388257163113156e-01
6.040000000000000000e+03 7.460840718826786677e-01
6.050000000000000000e+03 7.462528667872109223e-01
6.060000000000000000e+03 7.464441953844320743e-01
6.070000000000000000e+03 7.466569214065517102e-01
6.080000000000000000e+03 7.468898140114025308e-01
6.090000000000000000e+03 7.471415739730266070e-01
6.100000000000000000e+03 7.474108572056136213e-01
6.110000000000000000e+03 7.476962936994598907e-01
6.120000000000000000e+03 7.479965006356845691e-01
6.130000000000000000e+03 7.483100893712575363e-01
6.140000000000000000e+03 7.486356669411224907e-01
6.150000000000000000e+03 7.489718334583589376e-01
6.160000000000000000e+03 7.493171771460777064e-01
6.170000000000000000e+03 7.496702687310791147e-01
6.180000000000000000e+03 7.500296566732290726e-01
6.190000000000000000e+03 7.503938643262969554e-01
6.200000000000000000e+03 7.507613897528977454e-01
6.210000000000000000e+03 7.511307086383025577e-01
6.220000000000000000e+03 7.515002805811953346e-01
6.230000000000000000e+03 7.518685588623656990e-01
6.240000000000000000e+03 7.522340035405871150e-01
6.250000000000000000e+03 7.525950974387842773e-01
6.260000000000000000e+03 7.529503642876390623e-01
6.270000000000000000e+03 7.532983880183543590e-01
6.280000000000000000e+03 7.536378319366021650e-01
6.290000000000000000e+03 7.539674562947801251e-01
6.300000000000000000e+03 7.542861327051123554e-01
6.310000000000000000e+03 7.545928539946782365e-01
6.320000000000000000e+03 7.548867385031579058e-01
6.330000000000000000e+03 7.551670284564071522e-01
6.340000000000000000e+03 7.554330828295705569e-01
6.350000000000000000e+03 7.556843658427065957e-01
6.360000000000000000e+03 7.559204327082514885e-01
6.370000000000000000e+03 7.561409143659436616e-01
6.380000000000000000e+03 7.563455026912939694e-01
6.390000000000000000e+03 7.565339372047733546e-01
6.400000000000000000e+03 7.567059939046609784e-01
6.410000000000000000e+03 7.568614766916710312e-01
6.420000000000000000e+03 7.570002119147323238e-01
6.430000000000000000e+03 7.571220466668858728e-01
6.440000000000000000e+03 7.572268513537031565e-01
6.450000000000000000e+03 7.573145265707726947e-01
6.460000000000000000e+03 7.573850134891767505e-01
6.470000000000000000e+03 7.574383059742785251e-01
6.480000000000000000e+03 7.574744618723994183e-01
6.490000000000000000e+03 7.574936105956761034e-01
6.500000000000000000e+03 7.574959545498873847e-01
6.510000000000000000e+03 7.574817631336462354e-01
6.520000000000000000e+03 7.574513597681836741e-01
6.530000000000000000e+03 7.574051042642691023e-01
6.540000000000000000e+03 7.573433742775692590e-01
6.550000000000000000e+03 7.572665501965422097e-01
6.560000000000000000e+03 7.571750073076912724e-01
6.570000000000000000e+03 7.570691175498731607e-01
6.580000000000000000e+03 7.569492609048252829e-01
6.590000000000000000e+03 7.568158439858838626e-01
6.600000000000000000e+03 7.566693213613657765e-01
6.610000000000000000e+03 7.565102142114060735e-01
6.620000000000000000e+03 7.563391214137965557e-01
6.630000000000000000e+03 7.561567199813266082e-01
6.640000000000000000e+03 7.559637544392803221e-01
6.650000000000000000e+03 7.557610175607303304e-01
6.660000000000000000e+03 7.555493270804573003e-01
6.670000000000000000e+03 7.553295039271867850e-01
6.680000000000000000e+03 7.551023568889784210e-01
6.690000000000000000e+03 7.548686767156819188e-01
6.700000000000000000e+03 7.546292400955375568e-01
6.710000000000000000e+03 7.543848214395399987e-01
6.720000000000000000e+03 7.541362086124824282e-01
6.730000000000000000e+03 7.538842181141240939e-01
6.740000000000000000e+03 7.536297057701800695e-01
6.750000000000000000e+03 7.533735704020328994e-01
6.760000000000000000e+03 7.531167497336179739e-01
6.770000000000000000e+03 7.528602095083413159e-01
6.780000000000000000e+03 7.526049280755766624e-01
6.790000000000000000e+03 7.523518794263538423e-01
6.800000000000000000e+03 7.521020177648908289e-01
6.810000000000000000e+03 7.518562662055496837e-01
6.820000000000000000e+03 7.516155112634848035e-01
6.830000000000000000e+03 7.513806036430354940e-01
6.840000000000000000e+03 7.511523645729329957e-01
6.850000000000000000e+03 7.509315958637435839e-01
6.860000000000000000e+03 7.507190911711167924e-01
6.870000000000000000e+03 7.505156457706849693e-01
6.880000000000000000e+03 7.503220625370883301e-01
6.890000000000000000e+03 7.501391526014350442e-01
6.900000000000000000e+03 7.499677301511299410e-01
6.910000000000000000e+03 7.498086018331142633e-01
6.920000000000000000e+03 7.496625520047162095e-01
6.930000000000000000e+03 7.495303255845469081e-01
6.940000000000000000e+03 7.494126104650823406e-01
6.950000000000000000e+03 7.493100212021922557e-01
6.960000000000000000e+03 7.492230851621772825e-01
6.970000000000000000e+03 7.491522317593496405e-01
6.980000000000000000e+03 7.490977849418529733e-01
6.990000000000000000e+03 7.490599586821139466e-01
7.000000000000000000e+03 7.490388550809988777e-01
7.010000000000000000e+03 7.490344647524498356e-01
7.020000000000000000e+03 7.490466693050560343e-01
7.030000000000000000e+03 7.490752460127185763e-01
7.040000000000000000e+03 7.491198749641850840e-01
7.050000000000000000e+03 7.491801489782519141e-01
7.060000000000000000e+03 7.492555863971377406e-01
7.070000000000000000e+03 7.493456464416694551e-01
7.080000000000000000e+03 7.494497462627537354e-01
7.090000000000000000e+03 7.495672782034943360e-01
7.100000000000000000e+03 7.496976252369600413e-01
7.110000000000000000e+03 7.498401723526014750e-01
7.120000000000000000e+03 7.499943119615053444e-01
7.130000000000000000e+03 7.501594421075866714e-01
7.140000000000000000e+03 7.503349574813298339e-01
7.150000000000000000e+03 7.505202344422141625e-01
7.160000000000000000e+03 7.507146122337476912e-01
7.170000000000000000e+03 7.509173736783213426e-01
7.180000000000000000e+03 7.511277289932921652e-01
7.190000000000000000e+03 7.513448061451236670e-01
7.200000000000000000e+03 7.515676502646660984e-01
7.210000000000000000e+03 7.517952331924316889e-01
7.220000000000000000e+03 7.520264723048348809e-01
7.230000000000000000e+03 7.522602565602961588e-01
7.240000000000000000e+03 7.524954761807842729e-01
7.250000000000000000e+03 7.527310514383898088e-01
7.260000000000000000e+03 7.529659565564545964e-01
7.270000000000000000e+03 7.531992357762342660e-01
7.280000000000000000e+03 7.534300102543672883e-01
7.290000000000000000e+03 7.536574762843111230e-01
7.300000000000000000e+03 7.538808969663645110e-01
7.310000000000000000e+03 7.540995904412709505e-01
7.320000000000000000e+03 7.543129178688207093e-01
7.330000000000000000e+03 7.545202735223819346e-01
7.340000000000000000e+03 7.547210780597350954e-01
7.350000000000000000e+03 7.549147747270704700e-01
7.360000000000000000e+03 7.551008273640097412e-01
7.370000000000000000e+03 7.552787187804949065e-01
7.380000000000000000e+03 7.554479483147513719e-01
7.390000000000000000e+03 7.556080280068200317e-01
7.400000000000000000e+03 7.557584776221045741e-01
7.410000000000000000e+03 7.558988194949737283e-01
7.420000000000000000e+03 7.560285746570324372e-01
7.430000000000000000e+03 7.561472618788370736e-01
7.440000000000000000e+03 7.562544010563310160e-01
7.450000000000000000e+03 7.563495218500193573e-01
7.460000000000000000e+03 7.564321777872567987e-01
7.470000000000000000e+03 7.565019653005120581e-01
7.480000000000000000e+03 7.565585464832876861e-01
7.490000000000000000e+03 7.566016737811736004e-01
7.500000000000000000e+03 7.566312143093795184e-01
7.510000000000000000e+03 7.566471710336242218e-01
7.520000000000000000e+03 7.566496978243202332e-01
7.530000000000000000e+03 7.566391055213744776e-01
7.540000000000000000e+03 7.566158567407647029e-01
7.550000000000000000e+03 7.565805483095467965e-01
7.560000000000000000e+03 7.565338819028322170e-01
7.570000000000000000e+03 7.564766253827205356e-01
7.580000000000000000e+03 7.564095691146545120e-01
7.590000000000000000e+03 7.563334827641265967e-01
7.600000000000000000e+03 7.562490783647715098e-01
7.610000000000000000e+03 7.561569846009241758e-01
7.620000000000000000e+03 7.560577353820041591e-01
7.630000000000000000e+03 7.559517733095085790e-01
7.640000000000000000e+03 7.558394661731739905e-01
7.650000000000000000e+03 7.557211326846685617e-01
7.660000000000000000e+03 7.555970726127634318e-01
7.670000000000000000e+03 7.554675964835151358e-01
7.680000000000000000e+03 7.553330509199345233e-01
7.690000000000000000e+03 7.551938371076861722e-01
7.700000000000000000e+03 7.550504213559608990e-01
7.710000000000000000e+03 7.549033379379834763e-01
7.720000000000000000e+03 7.547531851947005821e-01
7.730000000000000000e+03 7.546006162999443490e-01
7.740000000000000000e+03 7.544463262296847716e-01
7.750000000000000000e+03 7.542910364128359024e-01
7.760000000000000000e+03 7.541354782828567638e-01
7.770000000000000000e+03 7.539803765776460498e-01
7.780000000000000000e+03 7.538264328534834968e-01
7.790000000000000000e+03 7.536743094318236746e-01
7.800000000000000000e+03 7.535246139345822547e-01
7.810000000000000000e+03 7.533778847455309124e-01
7.820000000000000000e+03 7.532345781910044780e-01
7.830000000000000000e+03 7.530950588584492955e-01
7.840000000000000000e+03 7.529595950136167559e-01
7.850000000000000000e+03 7.528283612635644495e-01
7.860000000000000000e+03 7.527014503036937310e-01
7.870000000000000000e+03 7.525788946565438176e-01
7.880000000000000000e+03 7.524606976975924955e-01
7.890000000000000000e+03 7.523468711776167828e-01
7.900000000000000000e+03 7.522374744610341724e-01
7.910000000000000000e+03 7.521326494516041850e-01
7.920000000000000000e+03 7.520326450812399033e-01
7.930000000000000000e+03 7.519378264690930180e-01
7.940000000000000000e+03 7.518486663533630043e-01
7.950000000000000000e+03 7.517657197041258677e-01
7.960000000000000000e+03 7.516895857393370850e-01
7.970000000000000000e+03 7.516208640444529410e-01
7.980000000000000000e+03 7.515601125349378187e-01
7.990000000000000000e+03 7.515078143584921211e-01
8.000000000000000000e+03 7.514643586861416980e-01
8.010000000000000000e+03 7.514300372169935294e-01
8.020000000000000000e+03 7.514050548935442553e-01
8.030000000000000000e+03 7.513895505377097273e-01
8.040000000000000000e+03 7.513836214921887358e-01
8.050000000000000000e+03 7.513873461687999855e-01
8.060000000000000000e+03 7.514007995898164260e-01
8.070000000000000000e+03 7.514240591103259481e-01
8.080000000000000000e+03 7.514571999332946284e-01
8.090000000000000000e+03 7.515002821765762731e-01
8.100000000000000000e+03 7.515533326967133165e-01
8.110000000000000000e+03 7.516163254407370875e-01
8.120000000000000000e+03 7.516891638790020869e-01
8.130000000000000000e+03 7.517716682456832000e-01
8.140000000000000000e+03 7.518635691662997056e-01
8.150000000000000000e+03 7.519645081775805373e-01
8.160000000000000000e+03 7.520740448162366310e-01
8.170000000000000000e+03 7.521916692852050890e-01
8.180000000000000000e+03 7.523168191070189748e-01
8.190000000000000000e+03 7.524488976643400884e-01
8.200000000000000000e+03 7.525872921763986367e-01
8.210000000000000000e+03 7.527313885474710142e-01
8.220000000000000000e+03 7.528805807516676385e-01
8.230000000000000000e+03 7.530342731627095443e-01
8.240000000000000000e+03 7.531918755458207881e-01
8.250000000000000000e+03 7.533527920342836248e-01
8.260000000000000000e+03 7.535164069886345350e-01
8.270000000000000000e+03 7.536820717753413001e-01
8.280000000000000000e+03 7.538490967757816019e-01
8.290000000000000000e+03 7.540167521233674952e-01
8.300000000000000000e+03 7.541842787961711148e-01
8.310000000000000000e+03 7.543509091637714548e-01
8.320000000000000000e+03 7.545158935749856077e-01
8.330000000000000000e+03 7.546785277624641353e-01
8.340000000000000000e+03 7.548381752742941986e-01
8.350000000000000000e+03 7.549942800894740014e-01
8.360000000000000000e+03 7.551463668571261056e-01
8.370000000000000000e+03 7.552940291627604497e-01
8.380000000000000000e+03 7.554369090283591381e-01
8.390000000000000000e+03 7.555746728218959429e-01
8.400000000000000000e+03 7.557069894108067176e-01
8.410000000000000000e+03 7.558335156112041542e-01
8.420000000000000000e+03 7.559538920341958290e-01
8.430000000000000000e+03 7.560677498590310242e-01
8.440000000000000000e+03 7.561747264410484393e-01
8.450000000000000000e+03 7.562744855942438171e-01
8.460000000000000000e+03 7.563667373955497153e-01
8.470000000000000000e+03 7.564512525952803434e-01
8.480000000000000000e+03 7.565278680446104742e-01
8.490000000000000000e+03 7.565964816130277271e-01
8.500000000000000000e+03 7.566570373800093341e-01
8.510000000000000000e+03 7.567095038883142610e-01
8.520000000000000000e+03 7.567538495490930828e-01
8.530000000000000000e+03 7.567900197696334486e-01
8.540000000000000000e+03 7.568179199951498015e-01
8.550000000000000000e+03 7.568374076990466159e-01
8.560000000000000000e+03 7.568482946587701266e-01
8.570000000000000000e+03 7.568503589275445975e-01
8.580000000000000000e+03 7.568433641243458299e-01
8.590000000000000000e+03 7.568270824150009624e-01
8.600000000000000000e+03 7.568013171287166774e-01
8.610000000000000000e+03 7.567659214307772553e-01
8.620000000000000000e+03 7.567208105925985473e-01
8.630000000000000000e+03 7.566659668177525555e-01
8.640000000000000000e+03 7.566014369992142274e-01
8.650000000000000000e+03 7.565273248376489512e-01
8.660000000000000000e+03 7.564437792266139882e-01
8.670000000000000000e+03 7.563509806674625358e-01
8.680000000000000000e+03 7.562491268997750815e-01
8.690000000000000000e+03 7.561384183532305903e-01
8.700000000000000000e+03 7.560190437312347411e-01
8.710000000000000000e+03 7.558911661129968929e-01
8.720000000000000000e+03 7.557549103807735813e-01
8.730000000000000000e+03 7.556103534297875512e-01
8.740000000000000000e+03 7.554575192596489908e-01
8.750000000000000000e+03 7.552963811515863712e-01
8.760000000000000000e+03 7.551268724147127687e-01
8.770000000000000000e+03 7.549489058363058058e-01
8.780000000000000000e+03 7.547624003566937301e-01
8.790000000000000000e+03 7.545673120336381379e-01
8.800000000000000000e+03 7.543636654671808106e-01
8.810000000000000000e+03 7.541515817169395230e-01
8.820000000000000000e+03 7.539312993024505083e-01
8.830000000000000000e+03 7.537031861412407663e-01
8.840000000000000000e+03 7.534677419844549862e-01
8.850000000000000000e+03 7.532255924917617973e-01
8.860000000000000000e+03 7.529774770658929084e-01
8.870000000000000000e+03 7.527242327972231140e-01
8.880000000000000000e+03 7.524667763717737268e-01
8.890000000000000000e+03 7.522060849839001806e-01
8.900000000000000000e+03 7.519431767637398956e-01
8.910000000000000000e+03 7.516790911729667179e-01
8.920000000000000000e+03 7.514148701765840377e-01
8.930000000000000000e+03 7.511515417317007337e-01
8.940000000000000000e+03 7.508901078858547518e-01
8.950000000000000000e+03 7.506315397932881162e-01
8.960000000000000000e+03 7.503767811566951496e-01
8.970000000000000000e+03 7.501267601861585366e-01
8.980000000000000000e+03 7.498824084347697205e-01
8.990000000000000000e+03 7.496446833675313171e-01
9.000000000000000000e+03 7.494145908184142169e-01
9.010000000000000000e+03 7.491932027574909059e-01
9.020000000000000000e+03 7.489816671310233209e-01
9.030000000000000000e+03 7.487812085200492573e-01
9.040000000000000000e+03 7.485931186378492752e-01
9.050000000000000000e+03 7.484187377934665708e-01
9.060000000000000000e+03 7.482594295986469968e-01
9.070000000000000000e+03 7.481165514591461285e-01
9.080000000000000000e+03 7.479914233526676615e-01
9.090000000000000000e+03 7.478852971980032294e-01
9.100000000000000000e+03 7.477993276847628712e-01
9.110000000000000000e+03 7.477345446162255715e-01
9.120000000000000000e+03 7.476918266183825157e-01
9.130000000000000000e+03 7.476718761097055355e-01
9.140000000000000000e+03 7.476751959798848546e-01
9.150000000000000000e+03 7.477020685498615427e-01
9.160000000000000000e+03 7.477525385558821958e-01
9.170000000000000000e+03 7.478264036225777955e-01
9.180000000000000000e+03 7.479232140293473607e-01
9.190000000000000000e+03 7.480422836265806508e-01
9.200000000000000000e+03 7.481827127214246698e-01
9.210000000000000000e+03 7.483434221228140171e-01
9.220000000000000000e+03 7.485231956450451030e-01
9.230000000000000000e+03 7.487207266996790400e-01
9.240000000000000000e+03 7.489346638009212187e-01
9.250000000000000000e+03 7.491636496437694692e-01
9.260000000000000000e+03 7.494063490623383839e-01
9.270000000000000000e+03 7.496614628344957509e-01
9.280000000000000000e+03 7.499277262601058425e-01
9.290000000000000000e+03 7.502038936892581056e-01
9.300000000000000000e+03 7.504887125146257887e-01
9.310000000000000000e+03 7.507808918824232514e-01
9.320000000000000000e+03 7.510790723016392834e-01
9.330000000000000000e+03 7.513818022488608639e-01
9.340000000000000000e+03 7.516875265038487353e-01
9.350000000000000000e+03 7.519945887273138396e-01
9.360000000000000000e+03 7.523012482674317214e-01
9.370000000000000000e+03 7.526057086192858847e-01
9.380000000000000000e+03 7.529061530078410280e-01
9.390000000000000000e+03 7.532007815993136957e-01
9.400000000000000000e+03 7.534878449601439820e-01
9.410000000000000000e+03 7.537656696375839571e-01
9.420000000000000000e+03 7.540326736692437581e-01
9.430000000000000000e+03 7.542873719389132647e-01
9.440000000000000000e+03 7.545283731642828950e-01
9.450000000000000000e+03 7.547543716526007307e-01
9.460000000000000000e+03 7.549641376863968079e-01
9.470000000000000000e+03 7.551565102884505443e-01
9.480000000000000000e+03 7.553303951764672730e-01
9.490000000000000000e+03 7.554847691958138656e-01
9.500000000000000000e+03 7.556186908195871021e-01
9.510000000000000000e+03 7.557313147661112174e-01
9.520000000000000000e+03 7.558219077502583705e-01
9.530000000000000000e+03 7.558898622360986641e-01
9.540000000000000000e+03 7.559347059222150111e-01
9.550000000000000000e+03 7.559561061906141521e-01
9.560000000000000000e+03 7.559538702890851170e-01
9.570000000000000000e+03 7.559279430409908684e-01
9.580000000000000000e+03 7.558784041549601040e-01
9.590000000000000000e+03 7.558054667803252302e-01
9.600000000000000000e+03 7.557094779575301846e-01
9.610000000000000000e+03 7.555909203681421271e-01
9.620000000000000000e+03 7.554504137860315049e-01
9.630000000000000000e+03 7.552887142220051642e-01
9.640000000000000000e+03 7.551067089733832782e-01
9.650000000000000000e+03 7.549054064521905083e-01
9.660000000000000000e+03 7.546859205162229634e-01
9.670000000000000000e+03 7.544494498777305491e-01
9.680000000000000000e+03 7.541972539541980103e-01
9.690000000000000000e+03 7.539306271529779835e-01
9.700000000000000000e+03 7.536508739434212290e-01
9.710000000000000000e+03 7.533592871855511186e-01
9.720000000000000000e+03 7.530571321755850089e-01
9.730000000000000000e+03 7.527456387300358598e-01
9.740000000000000000e+03 7.524260030829619250e-01
9.750000000000000000e+03 7.520994003097828395e-01
9.760000000000000000e+03 7.517670066383832506e-01
9.770000000000000000e+03 7.514300292839664053e-01
9.780000000000000000e+03 7.510897395710510738e-01
9.790000000000000000e+03 7.507475036191397777e-01
9.800000000000000000e+03 7.504048044173078358e-01
9.810000000000000000e+03 7.500632495865354743e-01
9.820000000000000000e+03 7.497245608374850656e-01
9.830000000000000000e+03 7.493905446840549711e-01
9.840000000000000000e+03 7.490630476713147079e-01
9.850000000000000000e+03 7.487439025995841213e-01
9.860000000000000000e+03 7.484348744207496296e-01
9.870000000000000000e+03 7.481376146126998972e-01
9.880000000000000000e+03 7.478536310635923723e-01
9.890000000000000000e+03 7.475842774232674959e-01
9.900000000000000000e+03 7.473307617952843485e-01
9.910000000000000000e+03 7.470941707600936565e-01
9.920000000000000000e+03 7.468755020594171068e-01
9.930000000000000000e+03 7.466756984490934279e-01
9.940000000000000000e+03 7.464956757662690734e-01
9.950000000000000000e+03 7.463363403572637056e-01
9.960000000000000000e+03 7.461985945659804775e-01
9.970000000000000000e+03 7.460833315446694369e-01
9.980000000000000000e+03 7.459914224314747599e-01
9.990000000000000000e+03 7.459236999314975414e-01
1.000000000000000000e+04 7.458809425731488529e-01
1.001000000000000000e+04 7.458638606766201384e-01
1.002000000000000000e+04 7.458730843202546756e-01
1.003000000000000000e+04 7.459091531631245608e-01
1.004000000000000000e+04 7.459725065841446012e-01
1.005000000000000000e+04 7.460634727895424367e-01
1.006000000000000000e+04 7.461822563060672708e-01
1.007000000000000000e+04 7.463289249818239046e-01
1.008000000000000000e+04 7.465033974511156023e-01
1.009000000000000000e+04 7.467054319430490583e-01
1.010000000000000000e+04 7.469346183786903515e-01
1.011000000000000000e+04 7.471903746092919407e-01
1.012000000000000000e+04 7.474719474236589667e-01
1.013000000000000000e+04 7.477784182734381613e-01
1.014000000000000000e+04 7.481087131005058621e-01
1.015000000000000000e+04 7.484616155716662389e-01
1.016000000000000000e+04 7.488357824651825645e-01
1.017000000000000000e+04 7.492297599197329516e-01
1.018000000000000000e+04 7.496419993100442714e-01
1.019000000000000000e+04 7.500708719492051868e-01
1.020000000000000000e+04 7.505146825683941536e-01
1.021000000000000000e+04 7.509716818946969852e-01
1.022000000000000000e+04 7.514400787975265006e-01
1.023000000000000000e+04 7.519180522522993515e-01
1.024000000000000000e+04 7.524037629190757359e-01
1.025000000000000000e+04 7.528953635875177408e-01
1.026000000000000000e+04 7.533910071731202418e-01
1.027000000000000000e+04 7.538888509544189320e-01
1.028000000000000000e+04 7.543870558645059399e-01
1.029000000000000000e+04 7.548837804245631666e-01
1.030000000000000000e+04 7.553771698977871374e-01
1.031000000000000000e+04 7.558653424450125780e-01
1.032000000000000000e+04 7.563463753674564138e-01
1.033000000000000000e+04 7.568182951420550086e-01
1.034000000000000000e+04 7.572790749089853835e-01
1.035000000000000000e+04 7.577266421957122855e-01
1.036000000000000000e+04 7.581588977865615364e-01
1.037000000000000000e+04 7.585737449384704068e-01
1.038000000000000000e+04 7.589691258675475005e-01
1.039000000000000000e+04 7.593430603016109171e-01
1.040000000000000000e+04 7.596936813048823511e-01
1.041000000000000000e+04 7.600192639601839328e-01
1.042000000000000000e+04 7.603182442899851790e-01
1.043000000000000000e+04 7.605892278389606576e-01
1.044000000000000000e+04 7.608309887244234515e-01
1.045000000000000000e+04 7.610424609748360769e-01
1.046000000000000000e+04 7.612227238651571026e-01
1.047000000000000000e+04 7.613709822444153508e-01
1.048000000000000000e+04 7.614865424664214455e-01
1.049000000000000000e+04 7.615687842953411391e-01
1.050000000000000000e+04 7.616171296992617634e-01
1.051000000000000000e+04 7.616310111978668029e-01
1.052000000000000000e+04 7.616098441062479907e-01
1.053000000000000000e+04 7.615530083728326849e-01
1.054000000000000000e+04 7.614598455429972823e-01
1.055000000000000000e+04 7.613296747352501503e-01
1.056000000000000000e+04 7.611618291507545875e-01
1.057000000000000000e+04 7.609557109523633622e-01
1.058000000000000000e+04 7.607108586197117717e-01
1.059000000000000000e+04 7.604270183661102633e-01
1.060000000000000000e+04 7.601042098934008839e-01
1.061000000000000000e+04 7.597427773893263847e-01
1.062000000000000000e+04 7.593434195260684305e-01
1.063000000000000000e+04 7.589071958325632750e-01
1.064000000000000000e+04 7.584355110837081027e-01
1.065000000000000000e+04 7.579300827897679227e-01
1.066000000000000000e+04 7.573928988330739243e-01
1.067000000000000000e+04 7.568261734440070443e-01
1.068000000000000000e+04 7.562323086246014459e-01
1.069000000000000000e+04 7.556138655709645491e-01
1.070000000000000000e+04 7.549735480794611542e-01
1.071000000000000000e+04 7.543141969189561813e-01
1.072000000000000000e+04 7.536387918698993493e-01
1.073000000000000000e+04 7.529504573867211725e-01
1.074000000000000000e+04 7.522524670217568543e-01
1.075000000000000000e+04 7.515482421308764538e-01
1.076000000000000000e+04 7.508413411643947155e-01
1.077000000000000000e+04 7.501354380183430370e-01
1.078000000000000000e+04 7.494342909004910736e-01
1.079000000000000000e+04 7.487417029675705882e-01
1.080000000000000000e+04 7.480614810968646555e-01
1.081000000000000000e+04 7.473973983075038463e-01
1.082000000000000000e+04 7.467531638454587561e-01
1.083000000000000000e+04 7.461324027585203300e-01
1.084000000000000000e+04 7.455386435642462617e-01
1.085000000000000000e+04 7.449753095029798544e-01
1.086000000000000000e+04 7.444457066129845924e-01
1.087000000000000000e+04 7.439530018819611179e-01
1.088000000000000000e+04 7.435001866860938557e-01
1.089000000000000000e+04 7.430900250511653926e-01
1.090000000000000000e+04 7.427249904930594004e-01
1.091000000000000000e+04 7.424071978439075181e-01
1.092000000000000000e+04 7.421383403843263560e-01
1.093000000000000000e+04 7.419196422845198979e-01
1.094000000000000000e+04 7.417518343713569440e-01
1.095000000000000000e+04 7.416351577929962691e-01
1.096000000000000000e+04 7.415693953848415676e-01
1.097000000000000000e+04 7.415539257368219950e-01
1.098000000000000000e+04 7.415877917472080139e-01
1.099000000000000000e+04 7.416697732731807324e-01
1.100000000000000000e+04 7.417984532036865364e-01
1.101000000000000000e+04 7.419722683335359115e-01
1.102000000000000000e+04 7.421895400446156810e-01
1.103000000000000000e+04 7.424484825937484045e-01
1.104000000000000000e+04 7.427471913082924759e-01
1.105000000000000000e+04 7.430836165139470539e-01
1.106000000000000000e+04 7.434555310455018828e-01
1.107000000000000000e+04 7.438605000595954753e-01
1.108000000000000000e+04 7.442958615474920547e-01
1.109000000000000000e+04 7.447587242991072776e-01
1.110000000000000000e+04 7.452459871317280715e-01
1.111000000000000000e+04 7.457543793834242596e-01
1.112000000000000000e+04 7.462805188367342968e-01
1.113000000000000000e+04 7.468209802684921961e-01
1.114000000000000000e+04 7.473723660080690001e-01
1.115000000000000000e+04 7.479313694350838704e-01
1.116000000000000000e+04 7.484948235254813564e-01
1.117000000000000000e+04 7.490597293793350708e-01
1.118000000000000000e+04 7.496232635264920008e-01
1.119000000000000000e+04 7.501827668966275509e-01
1.120000000000000000e+04 7.507357218487068495e-01
1.121000000000000000e+04 7.512797254250387358e-01
1.122000000000000000e+04 7.518124667782246640e-01
1.123000000000000000e+04 7.523317146985489812e-01
1.124000000000000000e+04 7.528353178645198485e-01
1.125000000000000000e+04 7.533212182646201738e-01
1.126000000000000000e+04 7.537874735688594452e-01
1.127000000000000000e+04 7.542322826698373284e-01
1.128000000000000000e+04 7.546540095074911747e-01
1.129000000000000000e+04 7.550512008846922418e-01
1.130000000000000000e+04 7.554225960008139618e-01
1.131000000000000000e+04 7.557671272841858245e-01
1.132000000000000000e+04 7.560839140204953512e-01
1.133000000000000000e+04 7.563722517276978419e-01
1.134000000000000000e+04 7.566316006238246183e-01
1.135000000000000000e+04 7.568615763067039204e-01
1.136000000000000000e+04 7.570619448879781777e-01
1.137000000000000000e+04 7.572326235076662915e-01
1.138000000000000000e+04 7.573736855788000266e-01
1.139000000000000000e+04 7.574853689075294882e-01
1.140000000000000000e+04 7.575680840329696020e-01
1.141000000000000000e+04 7.576224198118105546e-01
1.142000000000000000e+04 7.576491438661152600e-01
1.143000000000000000e+04 7.576491967385595716e-01
1.144000000000000000e+04 7.576236794353871096e-01
1.145000000000000000e+04 7.575738348409745138e-01
1.146000000000000000e+04 7.575010242688529072e-01
1.147000000000000000e+04 7.574067004138035353e-01
1.148000000000000000e+04 7.572923774350255322e-01
1.149000000000000000e+04 7.571595990135875365e-01
1.150000000000000000e+04 7.570099052076918467e-01
1.151000000000000000e+04 7.568447991287099441e-01
1.152000000000000000e+04 7.566657151050754093e-01
1.153000000000000000e+04 7.564739907511938144e-01
1.154000000000000000e+04 7.562708460137322897e-01
1.155000000000000000e+04 7.560573727603655536e-01
1.156000000000000000e+04 7.558345382417513969e-01
1.157000000000000000e+04 7.556032046568268434e-01
1.158000000000000000e+04 7.553641653515293930e-01
1.159000000000000000e+04 7.551181958292190188e-01
1.160000000000000000e+04 7.548661151683975223e-01
1.161000000000000000e+04 7.546088509971518032e-01
1.162000000000000000e+04 7.543474993888096281e-01
1.163000000000000000e+04 7.540833705715987989e-01
1.164000000000000000e+04 7.538180125489698513e-01
1.165000000000000000e+04 7.535532073801076702e-01
1.166000000000000000e+04 7.532909384849811874e-01
1.167000000000000000e+04 7.530333313021323471e-01
1.168000000000000000e+04 7.527825733794152319e-01
1.169000000000000000e+04 7.525408232156475252e-01
1.170000000000000000e+04 7.523101184552937193e-01
1.171000000000000000e+04 7.520922941631715819e-01
1.172000000000000000e+04 7.518889209561607778e-01
1.173000000000000000e+04 7.517012695313691761e-01
1.174000000000000000e+04 7.515303041391683259e-01
1.175000000000000000e+04 7.513767033740904600e-01
1.176000000000000000e+04 7.512409028707097702e-01
1.177000000000000000e+04 7.511231505671098763e-01
1.178000000000000000e+04 7.510235644121303622e-01
1.179000000000000000e+04 7.509421827608768751e-01
1.180000000000000000e+04 7.508789997042105702e-01
1.181000000000000000e+04 7.508339809351076699e-01
1.182000000000000000e+04 7.508070603075730487e-01
1.183000000000000000e+04 7.507981207970758630e-01
1.184000000000000000e+04 7.508069666381682605e-01
1.185000000000000000e+04 7.508332955469312342e-01
1.186000000000000000e+04 7.508766795203528632e-01
1.187000000000000000e+04 7.509365609810315645e-01
1.188000000000000000e+04 7.510122673591218545e-01
1.189000000000000000e+04 7.511030427313442059e-01
1.190000000000000000e+04 7.512080912763134943e-01
1.191000000000000000e+04 7.513266241671342494e-01
1.192000000000000000e+04 7.514579003169469251e-01
1.193000000000000000e+04 7.516012521079961095e-01
1.194000000000000000e+04 7.517560903545552620e-01
1.195000000000000000e+04 7.519218859086999052e-01
1.196000000000000000e+04 7.520981299637141682e-01
1.197000000000000000e+04 7.522842792193836781e-01
1.198000000000000000e+04 7.524796948334018243e-01
1.199000000000000000e+04 7.526835855982417778e-01
1.200000000000000000e+04 7.528949654027057292e-01
1.201000000000000000e+04 7.531126330392083901e-01
1.202000000000000000e+04 7.533351791974782774e-01
1.203000000000000000e+04 7.535610214528567496e-01
1.204000000000000000e+04 7.537884637574295832e-01
1.205000000000000000e+04 7.540157728929574033e-01
1.206000000000000000e+04 7.542412613580883329e-01
1.207000000000000000e+04 7.544633650837393457e-01
1.208000000000000000e+04 7.546807057732588531e-01
1.209000000000000000e+04 7.548921309634014642e-01
1.210000000000000000e+04 7.550967289628476298e-01
1.211000000000000000e+04 7.552938200963006388e-01
1.212000000000000000e+04 7.554829290331178671e-01
1.213000000000000000e+04 7.556637446735340324e-01
1.214000000000000000e+04 7.558360742641797581e-01
1.215000000000000000e+04 7.559997973089888079e-01
1.216000000000000000e+04 7.561548230839970630e-01
1.217000000000000000e+04 7.563010536234963110e-01
1.218000000000000000e+04 7.564383525573202816e-01
1.219000000000000000e+04 7.565665195225477202e-01
1.220000000000000000e+04 7.566852698663287802e-01
1.221000000000000000e+04 7.567942202367364812e-01
1.222000000000000000e+04 7.568928814736424204e-01
1.223000000000000000e+04 7.569806606578195485e-01
1.224000000000000000e+04 7.570568748022257211e-01
1.225000000000000000e+04 7.571207785343141428e-01
1.226000000000000000e+04 7.571716067255421789e-01
1.227000000000000000e+04 7.572086308912598929e-01
1.228000000000000000e+04 7.572312256984180534e-01
1.229000000000000000e+04 7.572389379380319863e-01
1.230000000000000000e+04 7.572315483961645777e-01
1.231000000000000000e+04 7.572091164660113005e-01
1.232000000000000000e+04 7.571719985606921721e-01
1.233000000000000000e+04 7.571208350488489724e-01
1.234000000000000000e+04 7.570565058089180344e-01
1.235000000000000000e+04 7.569800600767113696e-01
1.236000000000000000e+04 7.568926313507016168e-01
1.237000000000000000e+04 7.567953506144851072e-01
1.238000000000000000e+04 7.566892708120903643e-01
1.239000000000000000e+04 7.565753128568741825e-01
1.240000000000000000e+04 7.564542391547599554e-01
1.241000000000000000e+04 7.563266551184387732e-01
1.242000000000000000e+04 7.561930349889688374e-01
1.243000000000000000e+04 7.560537651461745057e-01
1.244000000000000000e+04 7.559091968915487847e-01
1.245000000000000000e+04 7.557597013528887242e-01
1.246000000000000000e+04 7.556057204574700981e-01
1.247000000000000000e+04 7.554478095407437532e-01
1.248000000000000000e+04 7.552866689463658689e-01
1.249000000000000000e+04 7.551231632635329039e-01
1.250000000000000000e+04 7.549583284992221754e-01
1.251000000000000000e+04 7.547933683489679302e-01
1.252000000000000000e+04 7.546296402632534095e-01
1.253000000000000000e+04 7.544686335685115708e-01
1.254000000000000000e+04 7.543119420349337911e-01
1.255000000000000000e+04 7.541612334815326335e-01
1.256000000000000000e+04 7.540182188311410627e-01
1.257000000000000000e+04 7.538846225216268016e-01
1.258000000000000000e+04 7.537621560097463869e-01
1.259000000000000000e+04 7.536524938698366816e-01
1.260000000000000000e+04 7.535572513802983874e-01
1.261000000000000000e+04 7.534779614979504325e-01
1.262000000000000000e+04 7.534160488332337646e-01
1.263000000000000000e+04 7.533727986613265593e-01
1.264000000000000000e+04 7.533493204729153625e-01
1.265000000000000000e+04 7.533465079161876243e-01
1.266000000000000000e+04 7.533649986370920537e-01
1.267000000000000000e+04 7.534051389902151064e-01
1.268000000000000000e+04 7.534669592404240612e-01
1.269000000000000000e+04 7.535501637713258871e-01
1.270000000000000000e+04 7.536541387318644869e-01
1.271000000000000000e+04 7.537779767038339518e-01
1.272000000000000000e+04 7.539205153418562233e-01
1.273000000000000000e+04 7.540803859541562737e-01
1.274000000000000000e+04 7.542560667683441133e-01
1.275000000000000000e+04 7.544459352827919130e-01
1.276000000000000000e+04 7.546483151938505607e-01
1.277000000000000000e+04 7.548615143399517446e-01
1.278000000000000000e+04 7.550838515984588106e-01
1.279000000000000000e+04 7.553136725830693621e-01
1.280000000000000000e+04 7.555493556274914813e-01
1.281000000000000000e+04 7.557893109836462120e-01
1.282000000000000000e+04 7.560319771859592697e-01
1.283000000000000000e+04 7.562758188379149482e-01
1.284000000000000000e+04 7.565193295730731071e-01
1.285000000000000000e+04 7.567610416831029863e-01
1.286000000000000000e+04 7.569995409904911599e-01
1.287000000000000000e+04 7.572334833740002047e-01
1.288000000000000000e+04 7.574616074579255676e-01
1.289000000000000000e+04 7.576827380542244805e-01
1.290000000000000000e+04 7.578957772858221364e-01
1.291000000000000000e+04 7.580996842959265569e-01
1.292000000000000000e+04 7.582934471090602147e-01
1.293000000000000000e+04 7.584760532656842358e-01
1.294000000000000000e+04 7.586464681674967014e-01
1.295000000000000000e+04 7.588036261037057750e-01
1.296000000000000000e+04 7.589464370924979830e-01
1.297000000000000000e+04 7.590738072572736916e-01
1.298000000000000000e+04 7.591846675346843876e-01
1.299000000000000000e+04 7.592780039544312354e-01
1.300000000000000000e+04 7.593528834735290278e-01
1.301000000000000000e+04 7.594084717535221074e-01
1.302000000000000000e+04 7.594440424545770840e-01
1.303000000000000000e+04 7.594589809996175056e-01
1.304000000000000000e+04 7.594527875703579456e-01
1.305000000000000000e+04 7.594250841299856614e-01
1.306000000000000000e+04 7.593756286504639297e-01
1.307000000000000000e+04 7.593043368263242554e-01
1.308000000000000000e+04 7.592113086140477307e-01
1.309000000000000000e+04 7.590968539810848403e-01
1.310000000000000000e+04 7.589615102606525054e-01
1.311000000000000000e+04 7.588060445698135981e-01
1.312000000000000000e+04 7.586314361156130115e-01
1.313000000000000000e+04 7.584388361948846136e-01
1.314000000000000000e+04 7.582295083302544869e-01
1.315000000000000000e+04 7.580047555491131739e-01
1.316000000000000000e+04 7.577658440553981523e-01
1.317000000000000000e+04 7.575139345938401991e-01
1.318000000000000000e+04 7.572500317600646680e-01
1.319000000000000000e+04 7.569749579841057452e-01
1.320000000000000000e+04 7.566893546714413832e-01
1.321000000000000000e+04 7.563937101269228025e-01
1.322000000000000000e+04 7.560884074003888511e-01
1.323000000000000000e+04 7.557737845609459049e-01
1.324000000000000000e+04 7.554501995496095690e-01
1.325000000000000000e+04 7.551180925104992170e-01
1.326000000000000000e+04 7.547780399742233248e-01
1.327000000000000000e+04 7.544307968397045983e-01
1.328000000000000000e+04 7.540773241227558543e-01
1.329000000000000000e+04 7.537188020761406149e-01
1.330000000000000000e+04 7.533566291753714950e-01
1.331000000000000000e+04 7.529924083106721566e-01
1.332000000000000000e+04 7.526279218736734444e-01
1.333000000000000000e+04 7.522650974651328148e-01
1.334000000000000000e+04 7.519059663139779914e-01
1.335000000000000000e+04 7.515526166171158096e-01
1.336000000000000000e+04 7.512071444748803506e-01
1.337000000000000000e+04 7.508716060742841591e-01
1.338000000000000000e+04 7.505479751524732901e-01
1.339000000000000000e+04 7.502381095948825740e-01
1.340000000000000000e+04 7.499437301787382770e-01
1.341000000000000000e+04 7.496664124921343930e-01
1.342000000000000000e+04 7.494075900662391376e-01
1.343000000000000000e+04 7.491685652753184987e-01
1.344000000000000000e+04 7.489505237364819656e-01
1.345000000000000000e+04 7.487545482499994298e-01
1.346000000000000000e+04 7.485816300692805791e-01
1.347000000000000000e+04 7.484326772276176376e-01
1.348000000000000000e+04 7.483085209833947316e-01
1.349000000000000000e+04 7.482099221179505655e-01
1.350000000000000000e+04 7.481375780457444336e-01
1.351000000000000000e+04 7.480921296779627916e-01
1.352000000000000000e+04 7.480741650169395740e-01
1.353000000000000000e+04 7.480842152796347566e-01
1.354000000000000000e+04 7.481227392754452588e-01
1.355000000000000000e+04 7.481900936088415888e-01
1.356000000000000000e+04 7.482864894069107820e-01
1.357000000000000000e+04 7.484119398175498317e-01
1.358000000000000000e+04 7.485662052346071516e-01
1.359000000000000000e+04 7.487487446040416161e-01
1.360000000000000000e+04 7.489586809306449933e-01
1.361000000000000000e+04 7.491947870104643803e-01
1.362000000000000000e+04 7.494554942475594173e-01
1.363000000000000000e+04 7.497389237093400327e-01
1.364000000000000000e+04 7.500429354573713292e-01
1.365000000000000000e+04 7.503651901678892733e-01
1.366000000000000000e+04 7.507032161764878309e-01
1.367000000000000000e+04 7.510544755272899886e-01
1.368000000000000000e+04 7.514164236572765665e-01
1.369000000000000000e+04 7.517865586356768937e-01
1.370000000000000000e+04 7.521624573657808011e-01
1.371000000000000000e+04 7.525417977991432084e-01
1.372000000000000000e+04 7.529223678920216045e-01
1.373000000000000000e+04 7.533020635380185404e-01
1.374000000000000000e+04 7.536788791472449622e-01
1.375000000000000000e+04 7.540508957414882030e-01
1.376000000000000000e+04 7.544162716784899025e-01
1.377000000000000000e+04 7.547732403525134748e-01
1.378000000000000000e+04 7.551201175743620375e-01
1.379000000000000000e+04 7.554553188742259007e-01
1.380000000000000000e+04 7.557773842522174101e-01
1.381000000000000000e+04 7.560850058300445653e-01
1.382000000000000000e+04 7.563770526499381530e-01
1.383000000000000000e+04 7.566525870320646163e-01
1.384000000000000000e+04 7.569108682291183499e-01
1.385000000000000000e+04 7.571513411911420244e-01
1.386000000000000000e+04 7.573736109948804307e-01
1.387000000000000000e+04 7.575774060338106297e-01
1.388000000000000000e+04 7.577625347499526987e-01
1.389000000000000000e+04 7.579288416254035265e-01
1.390000000000000000e+04 7.580761679196620362e-01
1.391000000000000000e+04 7.582043215232125988e-01
1.392000000000000000e+04 7.583130589956783574e-01
1.393000000000000000e+04 7.584020813135181616e-01
1.394000000000000000e+04 7.584710433824277676e-01
1.395000000000000000e+04 7.585195762802654507e-01
1.396000000000000000e+04 7.585473201004067079e-01
1.397000000000000000e+04 7.585539642400165317e-01
1.398000000000000000e+04 7.585392912151054379e-01
1.399000000000000000e+04 7.585032193844338799e-01
1.400000000000000000e+04 7.584458398883153762e-01
1.401000000000000000e+04 7.583674446733024155e-01
1.402000000000000000e+04 7.582685437158427355e-01
1.403000000000000000e+04 7.581498696742138277e-01
1.404000000000000000e+04 7.580123692789227929e-01
1.405000000000000000e+04 7.578571831480221954e-01
1.406000000000000000e+04 7.576856171905166359e-01
1.407000000000000000e+04 7.574991091261467080e-01
1.408000000000000000e+04 7.572991935463515567e-01
1.409000000000000000e+04 7.570874683472869071e-01
1.410000000000000000e+04 7.568655646042913299e-01
1.411000000000000000e+04 7.566351210549435713e-01
1.412000000000000000e+04 7.563977636259260340e-01
1.413000000000000000e+04 7.561550899495010913e-01
1.414000000000000000e+04 7.559086584067670200e-01
1.415000000000000000e+04 7.556599810627713243e-01
1.416000000000000000e+04 7.554105200277599907e-01
1.417000000000000000e+04 7.551616866130325123e-01
1.418000000000000000e+04 7.549148418256790283e-01
1.419000000000000000e+04 7.546712965067471357e-01
1.420000000000000000e+04 7.544323100440712970e-01
1.421000000000000000e+04 7.541990875196449284e-01
1.422000000000000000e+04 7.539727763656238757e-01
1.423000000000000000e+04 7.537544644748718214e-01
1.424000000000000000e+04 7.535451819412991581e-01
1.425000000000000000e+04 7.533459081085331910e-01
1.426000000000000000e+04 7.531575845442193273e-01
1.427000000000000000e+04 7.529811330842783867e-01
1.428000000000000000e+04 7.528174765598057983e-01
1.429000000000000000e+04 7.526675586493658532e-01
1.430000000000000000e+04 7.525323587046887086e-01
1.431000000000000000e+04 7.524128971114802944e-01
1.432000000000000000e+04 7.523102272302231164e-01
1.433000000000000000e+04 7.522254112063636589e-01
1.434000000000000000e+04 7.521594783478069424e-01
1.435000000000000000e+04 7.521133671100469487e-01
1.436000000000000000e+04 7.520878547458641483e-01
1.437000000000000000e+04 7.520834817548077700e-01
1.438000000000000000e+04 7.521004808212150561e-01
1.439000000000000000e+04 7.521387210622466624e-01
1.440000000000000000e+04 7.521976774204951477e-01
1.441000000000000000e+04 7.522764319614327899e-01
1.442000000000000000e+04 7.523737092041657970e-01
1.443000000000000000e+04 7.524879422569132892e-01
1.444000000000000000e+04 7.526173613851581123e-01
1.445000000000000000e+04 7.527600926031270401e-01
1.446000000000000000e+04 7.529142523622470717e-01
1.447000000000000000e+04 7.530780259182906500e-01
1.448000000000000000e+04 7.532497206193807804e-01
1.449000000000000000e+04 7.534277903987042224e-01
1.450000000000000000e+04 7.536108330255487653e-01
1.451000000000000000e+04 7.537975664168767853e-01
1.452000000000000000e+04 7.539867934293256191e-01
1.453000000000000000e+04 7.541773651319596539e-01
1.454000000000000000e+04 7.543681509647451877e-01
1.455000000000000000e+04 7.545580210213298500e-01
1.456000000000000000e+04 7.547458415218910588e-01
1.457000000000000000e+04 7.549304805074383840e-01
1.458000000000000000e+04 7.551108181883124937e-01
1.459000000000000000e+04 7.552857554944556462e-01
1.460000000000000000e+04 7.554542156629083793e-01
1.461000000000000000e+04 7.556151368935508650e-01
1.462000000000000000e+04 7.557674580099641437e-01
1.463000000000000000e+04 7.559101027675083628e-01
1.464000000000000000e+04 7.560419703877900854e-01
1.465000000000000000e+04 7.561619395756965512e-01
1.466000000000000000e+04 7.562688905460446254e-01
1.467000000000000000e+04 7.563617450564118494e-01
1.468000000000000000e+04 7.564395196579257741e-01
1.469000000000000000e+04 7.565013835144721588e-01
1.470000000000000000e+04 7.565467106284803345e-01
1.471000000000000000e+04 7.565751176248023402e-01
1.472000000000000000e+04 7.565864818303041917e-01
1.473000000000000000e+04 7.565809388296560467e-01
1.474000000000000000e+04 7.565588622016602427e-01
1.475000000000000000e+04 7.565208300896953952e-01
1.476000000000000000e+04 7.564675841049095517e-01
1.477000000000000000e+04 7.563999858760385164e-01
1.478000000000000000e+04 7.563189753670628290e-01
1.479000000000000000e+04 7.562255334877439061e-01
1.480000000000000000e+04 7.561206501130240953e-01
1.481000000000000000e+04 7.560052978111970745e-01
1.482000000000000000e+04 7.558804113653396772e-01
1.483000000000000000e+04 7.557468732171981340e-01
1.484000000000000000e+04 7.556055050843726306e-01
1.485000000000000000e+04 7.554570660389031689e-01
1.486000000000000000e+04 7.553022571921251815e-01
1.487000000000000000e+04 7.551417328249395711e-01
1.488000000000000000e+04 7.549761178344032153e-01
1.489000000000000000e+04 7.548060312445706854e-01
1.490000000000000000e+04 7.546321149705962350e-01
1.491000000000000000e+04 7.544550659760637101e-01
1.492000000000000000e+04 7.542756691562968463e-01
1.493000000000000000e+04 7.540948276316939980e-01
1.494000000000000000e+04 7.539135867612912767e-01
1.495000000000000000e+04 7.537331487127220120e-01
1.496000000000000000e+04 7.535548750153095998e-01
1.497000000000000000e+04 7.533802756586215343e-01
1.498000000000000000e+04 7.532109842424500323e-01
1.499000000000000000e+04 7.530487193324227890e-01
1.500000000000000000e+04 7.528952332788397817e-01
