0.000000000000000000e+00 6.901937070998134249e-01
1.000000000000000000e+01 6.893200169728364024e-01
2.000000000000000000e+01 6.867157044552772982e-01
3.000000000000000000e+01 6.824344762966149114e-01
4.000000000000000000e+01 6.765600058688812091e-01
5.000000000000000000e+01 6.692015339514367778e-01
6.000000000000000000e+01 6.604881722161292101e-01
7.000000000000000000e+01 6.505629160634333052e-01
8.000000000000000000e+01 6.395765866404453659e-01
9.000000000000000000e+01 6.276821728076201756e-01
1.000000000000000000e+02 6.150299692890593972e-01
1.100000000000000000e+02 6.017637995954677743e-01
1.200000000000000000e+02 5.880184846455932535e-01
1.300000000000000000e+02 5.739185905942353338e-01
1.400000000000000000e+02 5.595783697772852561e-01
1.500000000000000000e+02 5.451026985807931879e-01
1.600000000000000000e+02 5.305887600618713895e-01
1.700000000000000000e+02 5.161281471672580778e-01
1.800000000000000000e+02 5.018091049621500321e-01
1.900000000000000000e+02 4.877185436678332375e-01
2.000000000000000000e+02 4.739436380368655111e-01
2.100000000000000000e+02 4.605727207591004957e-01
2.200000000000000000e+02 4.476953603864985975e-01
2.300000000000000000e+02 4.354015555266875226e-01
2.400000000000000000e+02 4.237800218238615413e-01
2.500000000000000000e+02 4.129156933717650357e-01
2.600000000000000000e+02 4.028865619048374036e-01
2.700000000000000000e+02 3.937600802051596238e-01
2.800000000000000000e+02 3.855894055958195010e-01
2.900000000000000000e+02 3.784097746533611750e-01
3.000000000000000000e+02 3.722353433499385189e-01
3.100000000000000000e+02 3.670567571615759861e-01
3.200000000000000000e+02 3.628397146448255062e-01
3.300000000000000000e+02 3.595247171590976176e-01
3.400000000000000000e+02 3.570281047370592598e-01
3.500000000000000000e+02 3.552443798104145123e-01
3.600000000000000000e+02 3.540497226885729876e-01
3.700000000000000000e+02 3.533065025679699156e-01
3.800000000000000000e+02 3.528685044437514517e-01
3.900000000000000000e+02 3.525865380681318939e-01
4.000000000000000000e+02 3.523140710232418038e-01
4.100000000000000000e+02 3.519125297348256187e-01
4.200000000000000000e+02 3.512559456778805989e-01
4.300000000000000000e+02 3.502346983253626367e-01
4.400000000000000000e+02 3.487581756749859596e-01
4.500000000000000000e+02 3.467562792813844719e-01
4.600000000000000000e+02 3.441797890663541581e-01
4.700000000000000000e+02 3.409996793814127902e-01
4.800000000000000000e+02 3.372055558790965080e-01
4.900000000000000000e+02 3.328034380093359279e-01
5.000000000000000000e+02 3.278131270786207585e-01
5.100000000000000000e+02 3.222653858308159314e-01
5.200000000000000000e+02 3.161991915566566003e-01
5.300000000000000000e+02 3.096592206255029955e-01
5.400000000000000000e+02 3.026937153124580893e-01
5.500000000000000000e+02 2.953528228864191196e-01
5.600000000000000000e+02 2.876874260929230820e-01
5.700000000000000000e+02 2.797484531807729602e-01
5.800000000000000000e+02 2.715866063381917606e-01
5.900000000000000000e+02 2.632524052937891268e-01
6.000000000000000000e+02 2.547964280980433704e-01
6.100000000000000000e+02 2.462696202813444701e-01
6.200000000000000000e+02 2.377235558109724034e-01
6.300000000000000000e+02 2.292105471157719898e-01
6.400000000000000000e+02 2.207835099589121608e-01
6.500000000000000000e+02 2.124955463203760386e-01
6.600000000000000000e+02 2.043992319619014342e-01
6.700000000000000000e+02 1.965456260196535299e-01
6.800000000000000000e+02 1.889830572526045582e-01
6.900000000000000000e+02 1.817557739271557504e-01
7.000000000000000000e+02 1.749025642630807897e-01
7.100000000000000000e+02 1.684554582485685292e-01
7.200000000000000000e+02 1.624386200258398083e-01
7.300000000000000000e+02 1.568675397148938389e-01
7.400000000000000000e+02 1.517486003685767082e-01
7.500000000000000000e+02 1.470790640827438767e-01
7.600000000000000000e+02 1.428474968861952188e-01
7.700000000000000000e+02 1.390346235122406904e-01
7.800000000000000000e+02 1.356145389361173292e-01
7.900000000000000000e+02 1.325562096158157677e-01
8.000000000000000000e+02 1.298251585055786583e-01
8.100000000000000000e+02 1.273852184479288829e-01
8.200000000000000000e+02 1.252002415791802770e-01
8.300000000000000000e+02 1.232356601639744836e-01
8.400000000000000000e+02 1.214598163247039841e-01
8.500000000000000000e+02 1.198449842502617574e-01
8.600000000000000000e+02 1.183680579291114809e-01
8.700000000000000000e+02 1.170108865638530699e-01
8.800000000000000000e+02 1.157602727435157464e-01
8.900000000000000000e+02 1.146076747407466234e-01
9.000000000000000000e+02 1.135486634531377576e-01
9.100000000000000000e+02 1.125821953859272306e-01
9.200000000000000000e+02 1.117097738247485317e-01
9.300000000000000000e+02 1.109345658869056034e-01
9.400000000000000000e+02 1.102605405227078950e-01
9.500000000000000000e+02 1.096916693087539307e-01
9.600000000000000000e+02 1.092312257029224298e-01
9.700000000000000000e+02 1.088812157940177716e-01
9.800000000000000000e+02 1.086419565693468176e-01
9.900000000000000000e+02 1.085117953977528388e-01
1.000000000000000000e+03 1.084869635829821266e-01
1.010000000000000000e+03 1.085615495152831428e-01
1.020000000000000000e+03 1.087275741694559983e-01
1.030000000000000000e+03 1.089751500748628865e-01
1.040000000000000000e+03 1.092926997080413409e-01
1.050000000000000000e+03 1.096672161834913173e-01
1.060000000000000000e+03 1.100845529432607911e-01
1.070000000000000000e+03 1.105297277117135019e-01
1.080000000000000000e+03 1.109872305485186395e-01
1.090000000000000000e+03 1.114413288528750823e-01
1.100000000000000000e+03 1.118763625768383757e-01
1.110000000000000000e+03 1.122770243443119709e-01
1.120000000000000000e+03 1.126286213255739133e-01
1.130000000000000000e+03 1.129173151838792216e-01
1.140000000000000000e+03 1.131303369188080554e-01
1.150000000000000000e+03 1.132561742594695581e-01
1.160000000000000000e+03 1.132847308640959477e-01
1.170000000000000000e+03 1.132074529716587397e-01
1.180000000000000000e+03 1.130174169978381271e-01
1.190000000000000000e+03 1.127093813590640814e-01
1.200000000000000000e+03 1.122798041937115854e-01
1.210000000000000000e+03 1.117268214191825260e-01
1.220000000000000000e+03 1.110501862610416973e-01
1.230000000000000000e+03 1.102511747485729610e-01
1.240000000000000000e+03 1.093324607326818798e-01
1.250000000000000000e+03 1.082979653863009456e-01
1.260000000000000000e+03 1.071526872922472923e-01
1.270000000000000000e+03 1.059025191180488351e-01
1.280000000000000000e+03 1.045540578988454344e-01
1.290000000000000000e+03 1.031144162992814334e-01
1.300000000000000000e+03 1.015910419075655435e-01
1.310000000000000000e+03 9.999155087177462320e-02
1.320000000000000000e+03 9.832358096210465359e-02
1.330000000000000000e+03 9.659466797631255375e-02
1.340000000000000000e+03 9.481214905513771218e-02
1.350000000000000000e+03 9.298309508442569038e-02
1.360000000000000000e+03 9.111427208757251484e-02
1.370000000000000000e+03 8.921213019412661815e-02
1.380000000000000000e+03 8.728281801629918235e-02
1.390000000000000000e+03 8.533222005360929785e-02
1.400000000000000000e+03 8.336601369777475734e-02
1.410000000000000000e+03 8.138973855126524493e-02
1.420000000000000000e+03 7.940886928967355596e-02
1.430000000000000000e+03 7.742888564457378608e-02
1.440000000000000000e+03 7.545533334571222217e-02
1.450000000000000000e+03 7.349386869190854821e-02
1.460000000000000000e+03 7.155028092311579990e-02
1.470000000000000000e+03 6.963048865360944861e-02
1.480000000000000000e+03 6.774050759112618114e-02
1.490000000000000000e+03 6.588638822860042044e-02
1.500000000000000000e+03 6.407412571458456774e-02
1.510000000000000000e+03 6.230954747028442930e-02
1.520000000000000000e+03 6.059818606899530780e-02
1.530000000000000000e+03 5.894514702344760132e-02
1.540000000000000000e+03 5.735498243587035250e-02
1.550000000000000000e+03 5.583158163942206903e-02
1.560000000000000000e+03 5.437808903788041853e-02
1.570000000000000000e+03 5.299685738490551856e-02
1.580000000000000000e+03 5.168944168307312848e-02
1.590000000000000000e+03 5.045663508956463317e-02
1.600000000000000000e+03 4.929854429611607580e-02
1.610000000000000000e+03 4.821469869837138877e-02
1.620000000000000000e+03 4.720418451503534396e-02
1.630000000000000000e+03 4.626579243695110727e-02
1.640000000000000000e+03 4.539816705299397348e-02
1.650000000000000000e+03 4.459994580501429329e-02
1.660000000000000000e+03 4.386987659727589056e-02
1.670000000000000000e+03 4.320690669650993632e-02
1.680000000000000000e+03 4.261023875919449366e-02
1.690000000000000000e+03 4.207935253729110786e-02
1.700000000000000000e+03 4.161399369503035461e-02
1.710000000000000000e+03 4.121413410019728052e-02
1.720000000000000000e+03 4.087991021203642855e-02
1.730000000000000000e+03 4.061154767651491831e-02
1.740000000000000000e+03 4.040928094334718390e-02
1.750000000000000000e+03 4.027327600642410105e-02
1.760000000000000000e+03 4.020356297457011729e-02
1.770000000000000000e+03 4.019998385322345880e-02
1.780000000000000000e+03 4.026215902446949463e-02
1.790000000000000000e+03 4.038947334348723384e-02
1.800000000000000000e+03 4.058108088182754702e-02
1.810000000000000000e+03 4.083592626976468437e-02
1.820000000000000000e+03 4.115277935014320654e-02
1.830000000000000000e+03 4.153027909195897843e-02
1.840000000000000000e+03 4.196698251371906718e-02
1.850000000000000000e+03 4.246141397976471721e-02
1.860000000000000000e+03 4.301210945136727665e-02
1.870000000000000000e+03 4.361765031984208424e-02
1.880000000000000000e+03 4.427668300861602180e-02
1.890000000000000000e+03 4.498792202257449052e-02
1.900000000000000000e+03 4.575013511147218992e-02
1.910000000000000000e+03 4.656211055903280993e-02
1.920000000000000000e+03 4.742260795026559395e-02
1.930000000000000000e+03 4.833029497660635415e-02
1.940000000000000000e+03 4.928367420841373719e-02
1.950000000000000000e+03 5.028100454372947531e-02
1.960000000000000000e+03 5.132022206354604904e-02
1.970000000000000000e+03 5.239886466670935078e-02
1.980000000000000000e+03 5.351400443460200412e-02
1.990000000000000000e+03 5.466219143764131788e-02
2.000000000000000000e+03 5.583941197355973135e-02
2.010000000000000000e+03 5.704106308990056218e-02
2.020000000000000000e+03 5.826194448117726771e-02
2.030000000000000000e+03 5.949626878593883977e-02
2.040000000000000000e+03 6.073769067322754012e-02
2.050000000000000000e+03 6.197935362980616647e-02
2.060000000000000000e+03 6.321395315647417024e-02
2.070000000000000000e+03 6.443381534203705685e-02
2.080000000000000000e+03 6.563098876408553217e-02
2.090000000000000000e+03 6.679734655821466249e-02
2.100000000000000000e+03 6.792469547439410060e-02
2.110000000000000000e+03 6.900488970147293510e-02
2.120000000000000000e+03 7.002994760610209424e-02
2.130000000000000000e+03 7.099216873025990249e-02
2.140000000000000000e+03 7.188424838620731394e-02
2.150000000000000000e+03 7.269938789723714989e-02
2.160000000000000000e+03 7.343139905871071127e-02
2.170000000000000000e+03 7.407480158393771330e-02
2.180000000000000000e+03 7.462491211920752043e-02
2.190000000000000000e+03 7.507792301852933559e-02
2.200000000000000000e+03 7.543096894766689042e-02
2.210000000000000000e+03 7.568217943198328468e-02
2.220000000000000000e+03 7.583071536478164232e-02
2.230000000000000000e+03 7.587678730427144247e-02
2.240000000000000000e+03 7.582165365490216302e-02
2.250000000000000000e+03 7.566759755857019321e-02
2.260000000000000000e+03 7.541788209719126057e-02
2.270000000000000000e+03 7.507668413023722842e-02
2.280000000000000000e+03 7.464900797550867717e-02
2.290000000000000000e+03 7.414058137784472480e-02
2.300000000000000000e+03 7.355773715248663247e-02
2.310000000000000000e+03 7.290728421449216290e-02
2.320000000000000000e+03 7.219637238858567230e-02
2.330000000000000000e+03 7.143235596920929908e-02
2.340000000000000000e+03 7.062266093178538873e-02
2.350000000000000000e+03 6.977466046010273593e-02
2.360000000000000000e+03 6.889556279373007519e-02
2.370000000000000000e+03 6.799231450837238400e-02
2.380000000000000000e+03 6.707152158014627330e-02
2.390000000000000000e+03 6.613938972510131908e-02
2.400000000000000000e+03 6.520168452433597328e-02
2.410000000000000000e+03 6.426371097068134253e-02
2.420000000000000000e+03 6.333031130951224941e-02
2.430000000000000000e+03 6.240587935830665955e-02
2.440000000000000000e+03 6.149438900087667026e-02
2.450000000000000000e+03 6.059943420256705404e-02
2.460000000000000000e+03 5.972427748341043591e-02
2.470000000000000000e+03 5.887190332964146317e-02
2.480000000000000000e+03 5.804507268141943788e-02
2.490000000000000000e+03 5.724637446462934459e-02
2.500000000000000000e+03 5.647827036549778884e-02
2.510000000000000000e+03 5.574312969971299825e-02
2.520000000000000000e+03 5.504325208495332994e-02
2.530000000000000000e+03 5.438087671396379941e-02
2.540000000000000000e+03 5.375817824952117824e-02
2.550000000000000000e+03 5.317725067830439412e-02
2.560000000000000000e+03 5.264008168315097852e-02
2.570000000000000000e+03 5.214852096578970198e-02
2.580000000000000000e+03 5.170424646097255411e-02
2.590000000000000000e+03 5.130873246873449839e-02
2.600000000000000000e+03 5.096322339272747054e-02
2.610000000000000000e+03 5.066871606294926639e-02
2.620000000000000000e+03 5.042595262374763299e-02
2.630000000000000000e+03 5.023542472316980256e-02
2.640000000000000000e+03 5.009738835081135183e-02
2.650000000000000000e+03 5.001188742797069153e-02
2.660000000000000000e+03 4.997878331411709230e-02
2.670000000000000000e+03 4.999778688711179614e-02
2.680000000000000000e+03 5.006848985820867848e-02
2.690000000000000000e+03 5.019039242300776110e-02
2.700000000000000000e+03 5.036292504137202669e-02
2.710000000000000000e+03 5.058546301780146581e-02
2.720000000000000000e+03 5.085733347940229326e-02
2.730000000000000000e+03 5.117781504750126137e-02
2.740000000000000000e+03 5.154613082952558961e-02
2.750000000000000000e+03 5.196143539567413261e-02
2.760000000000000000e+03 5.242279629126457563e-02
2.770000000000000000e+03 5.292917049057906109e-02
2.780000000000000000e+03 5.347937620016841864e-02
2.790000000000000000e+03 5.407206064128402406e-02
2.800000000000000000e+03 5.470566480585573044e-02
2.810000000000000000e+03 5.537838665910057440e-02
2.820000000000000000e+03 5.608814476740710958e-02
2.830000000000000000e+03 5.683254464384107640e-02
2.840000000000000000e+03 5.760885011101015557e-02
2.850000000000000000e+03 5.841396170998800624e-02
2.860000000000000000e+03 5.924440370749688156e-02
2.870000000000000000e+03 6.009632062116260914e-02
2.880000000000000000e+03 6.096548344277235437e-02
2.890000000000000000e+03 6.184730504522469724e-02
2.900000000000000000e+03 6.273686382026247288e-02
2.910000000000000000e+03 6.362893449804214729e-02
2.920000000000000000e+03 6.451802525437019820e-02
2.930000000000000000e+03 6.539842042672144862e-02
2.940000000000000000e+03 6.626422839751973382e-02
2.950000000000000000e+03 6.710943441163332024e-02
2.960000000000000000e+03 6.792795816837504663e-02
2.970000000000000000e+03 6.871371588297131572e-02
2.980000000000000000e+03 6.946068622708075069e-02
2.990000000000000000e+03 7.016297928092160574e-02
3.000000000000000000e+03 7.081490729994265043e-02
3.010000000000000000e+03 7.141105577694470408e-02
3.020000000000000000e+03 7.194635318924584577e-02
3.030000000000000000e+03 7.241613794120774217e-02
3.040000000000000000e+03 7.281622116648088505e-02
3.050000000000000000e+03 7.314294423695201497e-02
3.060000000000000000e+03 7.339323007906986551e-02
3.070000000000000000e+03 7.356462768171516398e-02
3.080000000000000000e+03 7.365534937859682940e-02
3.090000000000000000e+03 7.366430048061518854e-02
3.100000000000000000e+03 7.359110068585889008e-02
3.110000000000000000e+03 7.343609657287535064e-02
3.120000000000000000e+03 7.320036436151425296e-02
3.130000000000000000e+03 7.288570194132705515e-02
3.140000000000000000e+03 7.249460906413893180e-02
3.150000000000000000e+03 7.203025480206637354e-02
3.160000000000000000e+03 7.149643181109532897e-02
3.170000000000000000e+03 7.089749749155732639e-02
3.180000000000000000e+03 7.023830291839881779e-02
3.190000000000000000e+03 6.952411133294934820e-02
3.200000000000000000e+03 6.876050877745926160e-02
3.210000000000000000e+03 6.795331003965361660e-02
3.220000000000000000e+03 6.710846342683782217e-02
3.230000000000000000e+03 6.623195800439132808e-02
3.240000000000000000e+03 6.532973679096253095e-02
3.250000000000000000e+03 6.440761890188942407e-02
3.260000000000000000e+03 6.347123282032840486e-02
3.270000000000000000e+03 6.252596199949417288e-02
3.280000000000000000e+03 6.157690302453869974e-02
3.290000000000000000e+03 6.062883571561149265e-02
3.300000000000000000e+03 5.968620394157462400e-02
3.310000000000000000e+03 5.875310567982446053e-02
3.320000000000000000e+03 5.783329101108186654e-02
3.330000000000000000e+03 5.693016715366027575e-02
3.340000000000000000e+03 5.604681017679055688e-02
3.350000000000000000e+03 5.518598346479780536e-02
3.360000000000000000e+03 5.435016308142392311e-02
3.370000000000000000e+03 5.354156977269503015e-02
3.380000000000000000e+03 5.276220650340337354e-02
3.390000000000000000e+03 5.201389933021323408e-02
3.400000000000000000e+03 5.129833835588563928e-02
3.410000000000000000e+03 5.061711482122100564e-02
3.420000000000000000e+03 4.997175033466182137e-02
3.430000000000000000e+03 4.936371490010193347e-02
3.440000000000000000e+03 4.879443172464106859e-02
3.450000000000000000e+03 4.826526855617833262e-02
3.460000000000000000e+03 4.777751715440006069e-02
3.470000000000000000e+03 4.733236407396084616e-02
3.480000000000000000e+03 4.693085690937777443e-02
3.490000000000000000e+03 4.657387032688422440e-02
3.500000000000000000e+03 4.626207564182133192e-02
3.510000000000000000e+03 4.599591663566607314e-02
3.520000000000000000e+03 4.577559301195018027e-02
3.530000000000000000e+03 4.560105161293396409e-02
3.540000000000000000e+03 4.547198451859732482e-02
3.550000000000000000e+03 4.538783261689390697e-02
3.560000000000000000e+03 4.534779316397968135e-02
3.570000000000000000e+03 4.535083017279433609e-02
3.580000000000000000e+03 4.539568710676075702e-02
3.590000000000000000e+03 4.548090207491287812e-02
3.600000000000000000e+03 4.560482618838760521e-02
3.610000000000000000e+03 4.576564577167021447e-02
3.620000000000000000e+03 4.596140866048956108e-02
3.630000000000000000e+03 4.619005390502733260e-02
3.640000000000000000e+03 4.644944309644773867e-02
3.650000000000000000e+03 4.673739061207539403e-02
3.660000000000000000e+03 4.705168963468853854e-02
3.670000000000000000e+03 4.739013103369022623e-02
3.680000000000000000e+03 4.775051314506175565e-02
3.690000000000000000e+03 4.813064198279475708e-02
3.700000000000000000e+03 4.852832308698801222e-02
3.710000000000000000e+03 4.894134765733514775e-02
3.720000000000000000e+03 4.936747651613582200e-02
3.730000000000000000e+03 4.980442557247011931e-02
3.740000000000000000e+03 5.024985581271473184e-02
3.750000000000000000e+03 5.070136966393395950e-02
3.760000000000000000e+03 5.115651421502649676e-02
3.770000000000000000e+03 5.161279054384444731e-02
3.780000000000000000e+03 5.206766753095550676e-02
3.790000000000000000e+03 5.251859817347948739e-02
3.800000000000000000e+03 5.296303653192388494e-02
3.810000000000000000e+03 5.339845396077995410e-02
3.820000000000000000e+03 5.382235403363548609e-02
3.830000000000000000e+03 5.423228630334873956e-02
3.840000000000000000e+03 5.462585950941386409e-02
3.850000000000000000e+03 5.500075501708590747e-02
3.860000000000000000e+03 5.535474119351313504e-02
3.870000000000000000e+03 5.568568907616992109e-02
3.880000000000000000e+03 5.599158916228589439e-02
3.890000000000000000e+03 5.627056870178834963e-02
3.900000000000000000e+03 5.652090862922271031e-02
3.910000000000000000e+03 5.674105919994401614e-02
3.920000000000000000e+03 5.692965352789380873e-02
3.930000000000000000e+03 5.708551852489324174e-02
3.940000000000000000e+03 5.720768302744775463e-02
3.950000000000000000e+03 5.729538309312014188e-02
3.960000000000000000e+03 5.734806460758756080e-02
3.970000000000000000e+03 5.736538346241951136e-02
3.980000000000000000e+03 5.734720360776609377e-02
3.990000000000000000e+03 5.729359328673130219e-02
4.000000000000000000e+03 5.720481977902564658e-02
4.010000000000000000e+03 5.708134301706743741e-02
4.020000000000000000e+03 5.692380843134409868e-02
4.030000000000000000e+03 5.673303930426147612e-02
4.040000000000000000e+03 5.651002876473040781e-02
4.050000000000000000e+03 5.625593137747170180e-02
4.060000000000000000e+03 5.597205414691663189e-02
4.070000000000000000e+03 5.565984673622392104e-02
4.080000000000000000e+03 5.532089082975368000e-02
4.090000000000000000e+03 5.495688881026290079e-02
4.100000000000000000e+03 5.456965221175521380e-02
4.110000000000000000e+03 5.416109064381943727e-02
4.120000000000000000e+03 5.373320197104667489e-02
4.130000000000000000e+03 5.328806438386823885e-02
4.140000000000000000e+03 5.282783058838656787e-02
4.150000000000000000e+03 5.235472370743122356e-02
4.160000000000000000e+03 5.187103373185072974e-02
4.170000000000000000e+03 5.137911269705033868e-02
4.180000000000000000e+03 5.088136641159114737e-02
4.190000000000000000e+03 5.038024067995496708e-02
4.200000000000000000e+03 4.987820062477869160e-02
4.210000000000000000e+03 4.937770280481720148e-02
4.220000000000000000e+03 4.888116115553556990e-02
4.230000000000000000e+03 4.839090917776642936e-02
4.240000000000000000e+03 4.790916194471943335e-02
4.250000000000000000e+03 4.743798207322508925e-02
4.260000000000000000e+03 4.697925364371358103e-02
4.270000000000000000e+03 4.653466714970662388e-02
4.280000000000000000e+03 4.610571704946794108e-02
4.290000000000000000e+03 4.569371160303883211e-02
4.300000000000000000e+03 4.529979275150782664e-02
4.310000000000000000e+03 4.492496224443065511e-02
4.320000000000000000e+03 4.457010939778949937e-02
4.330000000000000000e+03 4.423603598388375913e-02
4.340000000000000000e+03 4.392347480949809757e-02
4.350000000000000000e+03 4.363310029375970511e-02
4.360000000000000000e+03 4.336553144783807101e-02
4.370000000000000000e+03 4.312132960376370561e-02
4.380000000000000000e+03 4.290099449378644014e-02
4.390000000000000000e+03 4.270496245217032805e-02
4.400000000000000000e+03 4.253360951271296236e-02
4.410000000000000000e+03 4.238726023113766755e-02
4.420000000000000000e+03 4.226620069500289928e-02
4.430000000000000000e+03 4.217069210534733076e-02
4.440000000000000000e+03 4.210098021649835709e-02
4.450000000000000000e+03 4.205729627432906043e-02
4.460000000000000000e+03 4.203984692259547795e-02
4.470000000000000000e+03 4.204879338483658718e-02
4.480000000000000000e+03 4.208422328502314791e-02
4.490000000000000000e+03 4.214612084612526927e-02
4.500000000000000000e+03 4.223434218561412240e-02
4.510000000000000000e+03 4.234860168647890805e-02
4.520000000000000000e+03 4.248847307728370604e-02
4.530000000000000000e+03 4.265340548859952730e-02
4.540000000000000000e+03 4.284275128287381995e-02
4.550000000000000000e+03 4.305579976529848307e-02
4.560000000000000000e+03 4.329180960740654227e-02
4.570000000000000000e+03 4.355003321222835483e-02
4.580000000000000000e+03 4.382972815190088606e-02
4.590000000000000000e+03 4.413015371249619234e-02
4.600000000000000000e+03 4.445055376364515781e-02
4.610000000000000000e+03 4.479012989962100066e-02
4.620000000000000000e+03 4.514801053476261844e-02
4.630000000000000000e+03 4.552322211289190623e-02
4.640000000000000000e+03 4.591466782977683680e-02
4.650000000000000000e+03 4.632111757298476573e-02
4.660000000000000000e+03 4.674121061861259002e-02
4.670000000000000000e+03 4.717347043513302196e-02
4.680000000000000000e+03 4.761632910776600336e-02
4.690000000000000000e+03 4.806815771241613328e-02
4.700000000000000000e+03 4.852729857674187991e-02
4.710000000000000000e+03 4.899209569390581415e-02
4.720000000000000000e+03 4.946092040933077610e-02
4.730000000000000000e+03 4.993219064082676101e-02
4.740000000000000000e+03 5.040438307044151772e-02
4.750000000000000000e+03 5.087603872616532769e-02
4.760000000000000000e+03 5.134576299984949105e-02
4.770000000000000000e+03 5.181222139321112891e-02
4.780000000000000000e+03 5.227413220905206825e-02
4.790000000000000000e+03 5.273025714218650822e-02
4.800000000000000000e+03 5.317939047145143344e-02
4.810000000000000000e+03 5.362034745079379688e-02
4.820000000000000000e+03 5.405195258565761995e-02
4.830000000000000000e+03 5.447302874278050350e-02
4.840000000000000000e+03 5.488238834988597159e-02
4.850000000000000000e+03 5.527882811400781915e-02
4.860000000000000000e+03 5.566112861852898913e-02
4.870000000000000000e+03 5.602805980442859130e-02
4.880000000000000000e+03 5.637839269888098720e-02
4.890000000000000000e+03 5.671091693323385141e-02
4.900000000000000000e+03 5.702446278461920787e-02
4.910000000000000000e+03 5.731792585402135237e-02
4.920000000000000000e+03 5.759029217388347138e-02
4.930000000000000000e+03 5.784066154826759260e-02
4.940000000000000000e+03 5.806826721341182274e-02
4.950000000000000000e+03 5.827249035404426930e-02
4.960000000000000000e+03 5.845286854471309912e-02
4.970000000000000000e+03 5.860909777949396132e-02
4.980000000000000000e+03 5.874102836612114104e-02
4.990000000000000000e+03 5.884865555387755465e-02
5.000000000000000000e+03 5.893210631428654617e-02
5.010000000000000000e+03 5.899162410382945837e-02
5.020000000000000000e+03 5.902755354944784483e-02
5.030000000000000000e+03 5.904032670835942381e-02
5.040000000000000000e+03 5.903045189280387711e-02
5.050000000000000000e+03 5.899850516579437099e-02
5.060000000000000000e+03 5.894512374932971144e-02
5.070000000000000000e+03 5.887100001544844086e-02
5.080000000000000000e+03 5.877687466009336864e-02
5.090000000000000000e+03 5.866352814787152703e-02
5.100000000000000000e+03 5.853177043870921165e-02
5.110000000000000000e+03 5.838243000371228647e-02
5.120000000000000000e+03 5.821634390786806224e-02
5.130000000000000000e+03 5.803435106111197450e-02
5.140000000000000000e+03 5.783729045060026497e-02
5.150000000000000000e+03 5.762600528756512547e-02
5.160000000000000000e+03 5.740135278975182220e-02
5.170000000000000000e+03 5.716421811669038233e-02
5.180000000000000000e+03 5.691553007246909907e-02
5.190000000000000000e+03 5.665627576158731998e-02
5.200000000000000000e+03 5.638751147251228057e-02
5.210000000000000000e+03 5.611036760062099171e-02
5.220000000000000000e+03 5.582604627676904241e-02
5.230000000000000000e+03 5.553581137967548292e-02
5.240000000000000000e+03 5.524097163375700503e-02
5.250000000000000000e+03 5.494285838315072362e-02
5.260000000000000000e+03 5.464280026327263118e-02
5.270000000000000000e+03 5.434209729279820822e-02
5.280000000000000000e+03 5.404199685526787922e-02
5.290000000000000000e+03 5.374367366559203163e-02
5.300000000000000000e+03 5.344821521966595934e-02
5.310000000000000000e+03 5.315661353119729982e-02
5.320000000000000000e+03 5.286976326981322749e-02
5.330000000000000000e+03 5.258846580865406128e-02
5.340000000000000000e+03 5.231343822848366631e-02
5.350000000000000000e+03 5.204532601357079319e-02
5.360000000000000000e+03 5.178471799384405660e-02
5.370000000000000000e+03 5.153216202459134226e-02
5.380000000000000000e+03 5.128817995149296399e-02
5.390000000000000000e+03 5.105328059081512548e-02
5.400000000000000000e+03 5.082796975113915844e-02
5.410000000000000000e+03 5.061275672763682065e-02
5.420000000000000000e+03 5.040815719101027909e-02
5.430000000000000000e+03 5.021469291242854072e-02
5.440000000000000000e+03 5.003288921122862193e-02
5.450000000000000000e+03 4.986327125298911644e-02
5.460000000000000000e+03 4.970636025655206236e-02
5.470000000000000000e+03 4.956267028536096714e-02
5.480000000000000000e+03 4.943270570233181116e-02
5.490000000000000000e+03 4.931695875662773371e-02
5.500000000000000000e+03 4.921590638805038026e-02
5.510000000000000000e+03 4.913000535930606150e-02
5.520000000000000000e+03 4.905968529169787290e-02
5.530000000000000000e+03 4.900533994245440811e-02
5.540000000000000000e+03 4.896731783276753180e-02
5.550000000000000000e+03 4.894591381112772810e-02
5.560000000000000000e+03 4.894136309114367062e-02
5.570000000000000000e+03 4.895383866649047344e-02
5.580000000000000000e+03 4.898345191289733835e-02
5.590000000000000000e+03 4.903025498601112919e-02
5.600000000000000000e+03 4.909424276491893696e-02
5.610000000000000000e+03 4.917535191987579268e-02
5.620000000000000000e+03 4.927345532142853729e-02
5.630000000000000000e+03 4.938835133946501560e-02
5.640000000000000000e+03 4.951974925720712545e-02
5.650000000000000000e+03 4.966725355241240203e-02
5.660000000000000000e+03 4.983035067079126523e-02
5.670000000000000000e+03 5.000840182950996859e-02
5.680000000000000000e+03 5.020064433786186608e-02
5.690000000000000000e+03 5.040620217417876581e-02
5.700000000000000000e+03 5.062410457421861326e-02
5.710000000000000000e+03 5.085330967220312581e-02
5.720000000000000000e+03 5.109272914695757450e-02
5.730000000000000000e+03 5.134124969975181751e-02
5.740000000000000000e+03 5.159774780859149867e-02
5.750000000000000000e+03 5.186109526499341205e-02
5.760000000000000000e+03 5.213015455900567308e-02
5.770000000000000000e+03 5.240376476988919952e-02
5.780000000000000000e+03 5.268072009426454788e-02
5.790000000000000000e+03 5.295974443644593799e-02
5.800000000000000000e+03 5.323946644752628604e-02
5.810000000000000000e+03 5.351839978397180536e-02
5.820000000000000000e+03 5.379493298993412442e-02
5.830000000000000000e+03 5.406733218174918087e-02
5.840000000000000000e+03 5.433375769860097904e-02
5.850000000000000000e+03 5.459229346106038439e-02
5.860000000000000000e+03 5.484098552154380996e-02
5.870000000000000000e+03 5.507788476602304417e-02
5.880000000000000000e+03 5.530108835135280620e-02
5.890000000000000000e+03 5.550877534415799008e-02
5.900000000000000000e+03 5.569923388716899182e-02
5.910000000000000000e+03 5.587087946367809421e-02
5.920000000000000000e+03 5.602226580270214251e-02
5.930000000000000000e+03 5.615209118607711325e-02
5.940000000000000000e+03 5.625920316653842956e-02
5.950000000000000000e+03 5.634260408612625642e-02
5.960000000000000000e+03 5.640145864028165562e-02
5.970000000000000000e+03 5.643510346770114205e-02
5.980000000000000000e+03 5.644305772302927321e-02
5.990000000000000000e+03 5.642503303390895147e-02
6.000000000000000000e+03 5.638094114876125718e-02
6.010000000000000000e+03 5.631089782209327405e-02
6.020000000000000000e+03 5.621522189775629563e-02
6.030000000000000000e+03 5.609442900487093819e-02
6.040000000000000000e+03 5.594921972548683869e-02
6.050000000000000000e+03 5.578046251784353482e-02
6.060000000000000000e+03 5.558917211284671728e-02
6.070000000000000000e+03 5.537648458514603939e-02
6.080000000000000000e+03 5.514363078008137353e-02
6.090000000000000000e+03 5.489191014135087060e-02
6.100000000000000000e+03 5.462266711715577788e-02
6.110000000000000000e+03 5.433727209042209239e-02
6.120000000000000000e+03 5.403710812257438156e-02
6.130000000000000000e+03 5.372356387328821453e-02
6.140000000000000000e+03 5.339803209400301176e-02
6.150000000000000000e+03 5.306191231544982179e-02
6.160000000000000000e+03 5.271661593241658977e-02
6.170000000000000000e+03 5.236357188904185861e-02
6.180000000000000000e+03 5.200423147218495579e-02
6.190000000000000000e+03 5.164007113707506230e-02
6.200000000000000000e+03 5.127259266375713831e-02
6.210000000000000000e+03 5.090332021166972531e-02
6.220000000000000000e+03 5.053379402575463447e-02
6.230000000000000000e+03 5.016556070952884333e-02
6.240000000000000000e+03 4.980016018017537766e-02
6.250000000000000000e+03 4.943910969418126300e-02
6.260000000000000000e+03 4.908388566086066551e-02
6.270000000000000000e+03 4.873590428453874329e-02
6.280000000000000000e+03 4.839650234846142041e-02
6.290000000000000000e+03 4.806691963472870671e-02
6.300000000000000000e+03 4.774828451087990283e-02
6.310000000000000000e+03 4.744160406399852009e-02
6.320000000000000000e+03 4.714775978398390993e-02
6.330000000000000000e+03 4.686750917917287262e-02
6.340000000000000000e+03 4.660149293168871359e-02
6.350000000000000000e+03 4.635024645337788851e-02
6.360000000000000000e+03 4.611421420798662157e-02
6.370000000000000000e+03 4.589376505497042708e-02
6.380000000000000000e+03 4.568920711819068198e-02
6.390000000000000000e+03 4.550080112075102767e-02
6.400000000000000000e+03 4.532877152429022616e-02
6.410000000000000000e+03 4.517331500140750467e-02
6.420000000000000000e+03 4.503460574586419518e-02
6.430000000000000000e+03 4.491279704681188506e-02
6.440000000000000000e+03 4.480801865389606037e-02
6.450000000000000000e+03 4.472036990955715469e-02
6.460000000000000000e+03 4.464990942532262586e-02
6.470000000000000000e+03 4.459664304098282656e-02
6.480000000000000000e+03 4.456051261539945713e-02
6.490000000000000000e+03 4.454138850873151645e-02
6.500000000000000000e+03 4.453906819268834555e-02
6.510000000000000000e+03 4.455328224748958399e-02
6.520000000000000000e+03 4.458370729562061152e-02
6.530000000000000000e+03 4.462998359656253355e-02
6.540000000000000000e+03 4.469173357797900925e-02
6.550000000000000000e+03 4.476857695532064640e-02
6.560000000000000000e+03 4.486013856262731359e-02
6.570000000000000000e+03 4.496604656973127168e-02
6.580000000000000000e+03 4.508592106496399354e-02
6.590000000000000000e+03 4.521935546386866844e-02
6.600000000000000000e+03 4.536589519925034175e-02
6.610000000000000000e+03 4.552501907383681157e-02
6.620000000000000000e+03 4.569612818675818089e-02
6.630000000000000000e+03 4.587854552914258366e-02
6.640000000000000000e+03 4.607152664122291658e-02
6.650000000000000000e+03 4.627427888338203621e-02
6.660000000000000000e+03 4.648598470514811454e-02
6.670000000000000000e+03 4.670582340349038047e-02
6.680000000000000000e+03 4.693298646590051554e-02
6.690000000000000000e+03 4.716668347702754338e-02
6.700000000000000000e+03 4.740613813769947033e-02
6.710000000000000000e+03 4.765057645131489522e-02
6.720000000000000000e+03 4.789921091641468481e-02
6.730000000000000000e+03 4.815122522475289574e-02
6.740000000000000000e+03 4.840576345995873525e-02
6.750000000000000000e+03 4.866192640046667489e-02
6.760000000000000000e+03 4.891877570599705710e-02
6.770000000000000000e+03 4.917534498174420954e-02
6.780000000000000000e+03 4.943065536320622594e-02
6.790000000000000000e+03 4.968373256145333650e-02
6.800000000000000000e+03 4.993362227237278100e-02
6.810000000000000000e+03 5.017940138622466878e-02
6.820000000000000000e+03 5.042018338479430789e-02
6.830000000000000000e+03 5.065511749619169141e-02
6.840000000000000000e+03 5.088338237441022288e-02
6.850000000000000000e+03 5.110417609808402123e-02
6.860000000000000000e+03 5.131670495880449184e-02
6.870000000000000000e+03 5.152017368606340991e-02
6.880000000000000000e+03 5.171377942653906934e-02
6.890000000000000000e+03 5.189671104422147879e-02
6.900000000000000000e+03 5.206815431589666143e-02
6.910000000000000000e+03 5.222730258061245717e-02
6.920000000000000000e+03 5.237337155254481735e-02
6.930000000000000000e+03 5.250561648583573077e-02
6.940000000000000000e+03 5.262334976297385752e-02
6.950000000000000000e+03 5.272595720717614121e-02
6.960000000000000000e+03 5.281291189279985893e-02
6.970000000000000000e+03 5.288378481666491243e-02
6.980000000000000000e+03 5.293825233270561120e-02
6.990000000000000000e+03 5.297610061077532434e-02
7.000000000000000000e+03 5.299722752967679640e-02
7.010000000000000000e+03 5.300164235570433563e-02
7.020000000000000000e+03 5.298946334220821369e-02
7.030000000000000000e+03 5.296091313144071777e-02
7.040000000000000000e+03 5.291631166259201657e-02
7.050000000000000000e+03 5.285606625885076043e-02
7.060000000000000000e+03 5.278065877460300787e-02
7.070000000000000000e+03 5.269063015480558720e-02
7.080000000000000000e+03 5.258656333123434834e-02
7.090000000000000000e+03 5.246906597733358435e-02
7.100000000000000000e+03 5.233875511746526044e-02
7.110000000000000000e+03 5.219624575523702098e-02
7.120000000000000000e+03 5.204214543852817704e-02
7.130000000000000000e+03 5.187705597309520689e-02
7.140000000000000000e+03 5.170158241089437695e-02
7.150000000000000000e+03 5.151634816177807358e-02
7.160000000000000000e+03 5.132201385586061815e-02
7.170000000000000000e+03 5.111929667417620254e-02
7.180000000000000000e+03 5.090898648445257857e-02
7.190000000000000000e+03 5.069195540290791918e-02
7.200000000000000000e+03 5.046915833073944285e-02
7.210000000000000000e+03 5.024162343941548231e-02
7.220000000000000000e+03 5.001043321778492201e-02
7.230000000000000000e+03 4.977669844694625895e-02
7.240000000000000000e+03 4.954152871944366571e-02
7.250000000000000000e+03 4.930600370758372875e-02
7.260000000000000000e+03 4.907114923628921876e-02
7.270000000000000000e+03 4.883792118009454286e-02
7.280000000000000000e+03 4.860719854285001224e-02
7.290000000000000000e+03 4.837978519596627253e-02
7.300000000000000000e+03 4.815641813686046685e-02
7.310000000000000000e+03 4.793777919394159870e-02
7.320000000000000000e+03 4.772450704570394692e-02
7.330000000000000000e+03 4.751720717832276508e-02
7.340000000000000000e+03 4.731645866715513543e-02
7.350000000000000000e+03 4.712281797988283200e-02
7.360000000000000000e+03 4.693682094630941687e-02
7.370000000000000000e+03 4.675898438572124310e-02
7.380000000000000000e+03 4.658980861962034453e-02
7.390000000000000000e+03 4.642978141056913755e-02
7.400000000000000000e+03 4.627938302935555998e-02
7.410000000000000000e+03 4.613909141759255789e-02
7.420000000000000000e+03 4.600938595737650433e-02
7.430000000000000000e+03 4.589074826137676255e-02
7.440000000000000000e+03 4.578365864097149601e-02
7.450000000000000000e+03 4.568858741001743939e-02
7.460000000000000000e+03 4.560598082729262759e-02
7.470000000000000000e+03 4.553624216620876658e-02
7.480000000000000000e+03 4.547970905671718661e-02
7.490000000000000000e+03 4.543662886315639332e-02
7.500000000000000000e+03 4.540713441799383576e-02
7.510000000000000000e+03 4.539122286873448209e-02
7.520000000000000000e+03 4.538874061727170284e-02
7.530000000000000000e+03 4.539937721298752116e-02
7.540000000000000000e+03 4.542267047339144243e-02
7.550000000000000000e+03 4.545802395804812712e-02
7.560000000000000000e+03 4.550473624721389915e-02
7.570000000000000000e+03 4.556203953547613428e-02
7.580000000000000000e+03 4.562914327250360697e-02
7.590000000000000000e+03 4.570527738324201700e-02
7.600000000000000000e+03 4.578972929950844012e-02
7.610000000000000000e+03 4.588186982658323809e-02
7.620000000000000000e+03 4.598116470333160621e-02
7.630000000000000000e+03 4.608717120299096054e-02
7.640000000000000000e+03 4.619952163639500647e-02
7.650000000000000000e+03 4.631789757321722739e-02
7.660000000000000000e+03 4.644199962883133193e-02
7.670000000000000000e+03 4.657151766410939919e-02
7.680000000000000000e+03 4.670610536073484254e-02
7.690000000000000000e+03 4.684536172579129021e-02
7.700000000000000000e+03 4.698882057204306628e-02
7.710000000000000000e+03 4.713594775933246245e-02
7.720000000000000000e+03 4.728614514389810342e-02
7.730000000000000000e+03 4.743875978016583173e-02
7.740000000000000000e+03 4.759309685346622271e-02
7.750000000000000000e+03 4.774843495117337550e-02
7.760000000000000000e+03 4.790404251291902060e-02
7.770000000000000000e+03 4.805919460051000236e-02
7.780000000000000000e+03 4.821318945502380687e-02
7.790000000000000000e+03 4.836536457987965915e-02
7.800000000000000000e+03 4.851511219259730529e-02
7.810000000000000000e+03 4.866189373125914125e-02
7.820000000000000000e+03 4.880525265609503976e-02
7.830000000000000000e+03 4.894482415185922447e-02
7.840000000000000000e+03 4.908033976353118333e-02
7.850000000000000000e+03 4.921162477399908253e-02
7.860000000000000000e+03 4.933858646546582238e-02
7.870000000000000000e+03 4.946119238714492827e-02
7.880000000000000000e+03 4.957943935845827294e-02
7.890000000000000000e+03 4.969331595298499132e-02
7.900000000000000000e+03 4.980276318150223674e-02
7.910000000000000000e+03 4.990763943277181508e-02
7.920000000000000000e+03 5.000769589793179620e-02
7.930000000000000000e+03 5.010256742858544554e-02
7.940000000000000000e+03 5.019178120062594423e-02
7.950000000000000000e+03 5.027478221229922384e-02
7.960000000000000000e+03 5.035097133200844288e-02
7.970000000000000000e+03 5.041974915738570151e-02
7.980000000000000000e+03 5.048055795631465476e-02
7.990000000000000000e+03 5.053291464563361424e-02
8.000000000000000000e+03 5.057642992233529061e-02
8.010000000000000000e+03 5.061081175655930686e-02
8.020000000000000000e+03 5.063585475256320023e-02
8.030000000000000000e+03 5.065141962966496908e-02
8.040000000000000000e+03 5.065740868981823131e-02
8.050000000000000000e+03 5.065374333345614571e-02
8.060000000000000000e+03 5.064034853473009523e-02
8.070000000000000000e+03 5.061714709914371529e-02
8.080000000000000000e+03 5.058406410507276102e-02
8.090000000000000000e+03 5.054103977475016274e-02
8.100000000000000000e+03 5.048804757208682353e-02
8.110000000000000000e+03 5.042511376551290364e-02
8.120000000000000000e+03 5.035233495563008754e-02
8.130000000000000000e+03 5.026989088705090952e-02
8.140000000000000000e+03 5.017805091816862628e-02
8.150000000000000000e+03 5.007717355973915346e-02
8.160000000000000000e+03 4.996769938076420919e-02
8.170000000000000000e+03 4.985013829610688424e-02
8.180000000000000000e+03 4.972505284858084323e-02
8.190000000000000000e+03 4.959303961128561089e-02
8.200000000000000000e+03 4.945471120147476585e-02
8.210000000000000000e+03 4.931068149753484869e-02
8.220000000000000000e+03 4.916155636018419012e-02
8.230000000000000000e+03 4.900793137870379512e-02
8.240000000000000000e+03 4.885039690112443628e-02
8.250000000000000000e+03 4.868954902703113291e-02
8.260000000000000000e+03 4.852600367614054444e-02
8.270000000000000000e+03 4.836040972440709684e-02
8.280000000000000000e+03 4.819345692272064552e-02
8.290000000000000000e+03 4.802587512372537976e-02
8.300000000000000000e+03 4.785842319363738800e-02
8.310000000000000000e+03 4.769186849936966205e-02
8.320000000000000000e+03 4.752696038674344980e-02
8.330000000000000000e+03 4.736440287107424041e-02
8.340000000000000000e+03 4.720483228266571241e-02
8.350000000000000000e+03 4.704880464713948052e-02
8.360000000000000000e+03 4.689679536498805174e-02
8.370000000000000000e+03 4.674921085956872807e-02
8.380000000000000000e+03 4.660640904297749798e-02
8.390000000000000000e+03 4.646872343655169407e-02
8.400000000000000000e+03 4.633648507915265335e-02
8.410000000000000000e+03 4.621003710754689742e-02
8.420000000000000000e+03 4.608973886774417328e-02
8.430000000000000000e+03 4.597595907448683017e-02
8.440000000000000000e+03 4.586906018538323276e-02
8.450000000000000000e+03 4.576937816736641879e-02
8.460000000000000000e+03 4.567720278867002520e-02
8.470000000000000000e+03 4.559276330612770101e-02
8.480000000000000000e+03 4.551622307149910673e-02
8.490000000000000000e+03 4.544768454275004838e-02
8.500000000000000000e+03 4.538720395528293011e-02
8.510000000000000000e+03 4.533481294564900566e-02
8.520000000000000000e+03 4.529054307524313372e-02
8.530000000000000000e+03 4.525444869017090227e-02
8.540000000000000000e+03 4.522662392613079063e-02
8.550000000000000000e+03 4.520721081003120645e-02
8.560000000000000000e+03 4.519639710037708785e-02
8.570000000000000000e+03 4.519440443302311788e-02
8.580000000000000000e+03 4.520146911301894249e-02
8.590000000000000000e+03 4.521781914156105392e-02
8.600000000000000000e+03 4.524365152193245837e-02
8.610000000000000000e+03 4.527911348444720041e-02
8.620000000000000000e+03 4.532429016157371593e-02
8.630000000000000000e+03 4.537919975588863841e-02
8.640000000000000000e+03 4.544379578967770034e-02
8.650000000000000000e+03 4.551797497205433557e-02
8.660000000000000000e+03 4.560158877577208392e-02
8.670000000000000000e+03 4.569445697604649498e-02
8.680000000000000000e+03 4.579638195674244627e-02
8.690000000000000000e+03 4.590716320258409616e-02
8.700000000000000000e+03 4.602661173935752165e-02
8.710000000000000000e+03 4.615456417079183415e-02
8.720000000000000000e+03 4.629089542203379537e-02
8.730000000000000000e+03 4.643552858610999062e-02
8.740000000000000000e+03 4.658843976056938757e-02
8.750000000000000000e+03 4.674965577933230115e-02
8.760000000000000000e+03 4.691924341726377845e-02
8.770000000000000000e+03 4.709728991044773161e-02
8.780000000000000000e+03 4.728387622220830283e-02
8.790000000000000000e+03 4.747904597491116319e-02
8.800000000000000000e+03 4.768277394908146394e-02
8.810000000000000000e+03 4.789493824499976848e-02
8.820000000000000000e+03 4.811529951669751837e-02
8.830000000000000000e+03 4.834348928943465323e-02
8.840000000000000000e+03 4.857900767633682726e-02
8.850000000000000000e+03 4.882122930719250131e-02
8.860000000000000000e+03 4.906941536605708559e-02
8.870000000000000000e+03 4.932272946922729162e-02
8.880000000000000000e+03 4.958025559280588440e-02
8.890000000000000000e+03 4.984101701495834841e-02
8.900000000000000000e+03 5.010399581069076985e-02
8.910000000000000000e+03 5.036815250447214398e-02
8.920000000000000000e+03 5.063244500670862486e-02
8.930000000000000000e+03 5.089584518668189422e-02
8.940000000000000000e+03 5.115735082179937582e-02
8.950000000000000000e+03 5.141599064737890912e-02
8.960000000000000000e+03 5.167082097726185402e-02
8.970000000000000000e+03 5.192091377499238880e-02
8.980000000000000000e+03 5.216533777107297543e-02
8.990000000000000000e+03 5.240313574581302591e-02
9.000000000000000000e+03 5.263330210171244389e-02
9.010000000000000000e+03 5.285476497670708873e-02
9.020000000000000000e+03 5.306637603743906417e-02
9.030000000000000000e+03 5.326691010043937968e-02
9.040000000000000000e+03 5.345507494700305062e-02
9.050000000000000000e+03 5.362953004882164976e-02
9.060000000000000000e+03 5.378891194773581519e-02
9.070000000000000000e+03 5.393186364189198750e-02
9.080000000000000000e+03 5.405706547952845303e-02
9.090000000000000000e+03 5.416326569904757193e-02
9.100000000000000000e+03 5.424930968759817534e-02
9.110000000000000000e+03 5.431416770760164048e-02
9.120000000000000000e+03 5.435696122705489103e-02
9.130000000000000000e+03 5.437698799796622517e-02
9.140000000000000000e+03 5.437374556644103407e-02
9.150000000000000000e+03 5.434695220749161115e-02
9.160000000000000000e+03 5.429656355127109729e-02
9.170000000000000000e+03 5.422278222272446796e-02
9.180000000000000000e+03 5.412605807870196628e-02
9.190000000000000000e+03 5.400707721333312256e-02
9.200000000000000000e+03 5.386673901570231127e-02
9.210000000000000000e+03 5.370612218454444420e-02
9.220000000000000000e+03 5.352644235770935566e-02
9.230000000000000000e+03 5.332900560688878105e-02
9.240000000000000000e+03 5.311516301361257630e-02
9.250000000000000000e+03 5.288627165000901048e-02
9.260000000000000000e+03 5.264366654687245572e-02
9.270000000000000000e+03 5.238864678745636799e-02
9.280000000000000000e+03 5.212247688120608818e-02
9.290000000000000000e+03 5.184640223374367696e-02
9.300000000000000000e+03 5.156167522863359942e-02
9.310000000000000000e+03 5.126958662732624544e-02
9.320000000000000000e+03 5.097149603699200476e-02
9.330000000000000000e+03 5.066885532028408967e-02
9.340000000000000000e+03 5.036322015402218411e-02
9.350000000000000000e+03 5.005624723950464344e-02
9.360000000000000000e+03 4.974967732564909706e-02
9.370000000000000000e+03 4.944530672418027267e-02
9.380000000000000000e+03 4.914495186486339540e-02
9.390000000000000000e+03 4.885041231799606282e-02
9.400000000000000000e+03 4.856343750055668040e-02
9.410000000000000000e+03 4.828570108988981119e-02
9.420000000000000000e+03 4.801878535888687988e-02
9.430000000000000000e+03 4.776417563295907304e-02
9.440000000000000000e+03 4.752326319760858536e-02
9.450000000000000000e+03 4.729735353726896574e-02
9.460000000000000000e+03 4.708767602798534513e-02
9.470000000000000000e+03 4.689539130039808296e-02
9.480000000000000000e+03 4.672159339986589610e-02
9.490000000000000000e+03 4.656730538703272165e-02
9.500000000000000000e+03 4.643346879713747266e-02
9.510000000000000000e+03 4.632092897685436556e-02
9.520000000000000000e+03 4.623041930716597497e-02
9.530000000000000000e+03 4.616254741368631953e-02
9.540000000000000000e+03 4.611778563170101236e-02
9.550000000000000000e+03 4.609646653352569151e-02
9.560000000000000000e+03 4.609878278893225073e-02
9.570000000000000000e+03 4.612478953629077505e-02
9.580000000000000000e+03 4.617440710903413653e-02
9.590000000000000000e+03 4.624742244978098660e-02
9.600000000000000000e+03 4.634348862081962700e-02
9.610000000000000000e+03 4.646212304523095193e-02
9.620000000000000000e+03 4.660270606592047116e-02
9.630000000000000000e+03 4.676448180907304131e-02
9.640000000000000000e+03 4.694656312439706575e-02
9.650000000000000000e+03 4.714794172979939330e-02
9.660000000000000000e+03 4.736750385094948973e-02
9.670000000000000000e+03 4.760405078534399315e-02
9.680000000000000000e+03 4.785632305012304383e-02
9.690000000000000000e+03 4.812302615505305303e-02
9.700000000000000000e+03 4.840285561909793421e-02
9.710000000000000000e+03 4.869451867140969087e-02
9.720000000000000000e+03 4.899675013880760294e-02
9.730000000000000000e+03 4.930832029578813280e-02
9.740000000000000000e+03 4.962803298504178673e-02
9.750000000000000000e+03 4.995471322768971212e-02
9.760000000000000000e+03 5.028718493373504628e-02
9.770000000000000000e+03 5.062424108287853775e-02
9.780000000000000000e+03 5.096461057819846180e-02
9.790000000000000000e+03 5.130692745749251826e-02
9.800000000000000000e+03 5.164970878873816756e-02
9.810000000000000000e+03 5.199134697638301689e-02
9.820000000000000000e+03 5.233012023249856981e-02
9.830000000000000000e+03 5.266422178969023399e-02
9.840000000000000000e+03 5.299180469624887452e-02
9.850000000000000000e+03 5.331103566281178430e-02
9.860000000000000000e+03 5.362014931178896160e-02
9.870000000000000000e+03 5.391749394511335947e-02
9.880000000000000000e+03 5.420156169312177752e-02
9.890000000000000000e+03 5.447099916836672245e-02
9.900000000000000000e+03 5.472459876304227450e-02
9.910000000000000000e+03 5.496127453324393258e-02
9.920000000000000000e+03 5.518002931092307745e-02
9.930000000000000000e+03 5.537992075493947119e-02
9.940000000000000000e+03 5.556003328506127492e-02
9.950000000000000000e+03 5.571946051922118531e-02
9.960000000000000000e+03 5.585729983728508069e-02
9.970000000000000000e+03 5.597265776423432371e-02
9.980000000000000000e+03 5.606466282718641087e-02
9.990000000000000000e+03 5.613248183413896419e-02
1.000000000000000000e+04 5.617533601028035228e-02
1.001000000000000000e+04 5.619251504964027644e-02
1.002000000000000000e+04 5.618338881567859489e-02
1.003000000000000000e+04 5.614741749172260515e-02
1.004000000000000000e+04 5.608416156601900987e-02
1.005000000000000000e+04 5.599329279585278651e-02
1.006000000000000000e+04 5.587460652608751410e-02
1.007000000000000000e+04 5.572803481072367837e-02
1.008000000000000000e+04 5.555365917605716714e-02
1.009000000000000000e+04 5.535172157448163544e-02
1.010000000000000000e+04 5.512263218341297011e-02
1.011000000000000000e+04 5.486697314165937117e-02
1.012000000000000000e+04 5.458549766338539888e-02
1.013000000000000000e+04 5.427912443642812779e-02
1.014000000000000000e+04 5.394892772065031095e-02
1.015000000000000000e+04 5.359612402612788651e-02
1.016000000000000000e+04 5.322205663873545017e-02
1.017000000000000000e+04 5.282817934738182758e-02
1.018000000000000000e+04 5.241604055671902213e-02
1.019000000000000000e+04 5.198726855705508576e-02
1.020000000000000000e+04 5.154355811737483528e-02
1.021000000000000000e+04 5.108665805247607911e-02
1.022000000000000000e+04 5.061835923398466663e-02
1.023000000000000000e+04 5.014048272476387402e-02
1.024000000000000000e+04 4.965486818975690247e-02
1.025000000000000000e+04 4.916336334186163781e-02
1.026000000000000000e+04 4.866781576378948621e-02
1.027000000000000000e+04 4.817006858385140117e-02
1.028000000000000000e+04 4.767196118034976865e-02
1.029000000000000000e+04 4.717533531891974358e-02
1.030000000000000000e+04 4.668204601093769307e-02
1.031000000000000000e+04 4.619397522860343996e-02
1.032000000000000000e+04 4.571304557087976783e-02
1.033000000000000000e+04 4.524123024694296641e-02
1.034000000000000000e+04 4.478055569574524580e-02
1.035000000000000000e+04 4.433309401425804264e-02
1.036000000000000000e+04 4.390094406241638186e-02
1.037000000000000000e+04 4.348620226024861590e-02
1.038000000000000000e+04 4.309092628786440060e-02
1.039000000000000000e+04 4.271709642652122413e-02
1.040000000000000000e+04 4.236657967094798610e-02
1.041000000000000000e+04 4.204110097832670229e-02
1.042000000000000000e+04 4.174222431884536122e-02
1.043000000000000000e+04 4.147134420958326767e-02
1.044000000000000000e+04 4.122968669184051693e-02
1.045000000000000000e+04 4.101831794359944716e-02
1.046000000000000000e+04 4.083815888314809572e-02
1.047000000000000000e+04 4.069000472846664301e-02
1.048000000000000000e+04 4.057454907811523792e-02
1.049000000000000000e+04 4.049241217665422443e-02
1.050000000000000000e+04 4.044417217421899385e-02
1.051000000000000000e+04 4.043039669546000248e-02
1.052000000000000000e+04 4.045167043081388664e-02
1.053000000000000000e+04 4.050861327294785069e-02
1.054000000000000000e+04 4.060188349160022414e-02
1.055000000000000000e+04 4.073216177927387743e-02
1.056000000000000000e+04 4.090011474793425056e-02
1.057000000000000000e+04 4.110634009783150494e-02
1.058000000000000000e+04 4.135129926900562441e-02
1.059000000000000000e+04 4.163524610950230381e-02
1.060000000000000000e+04 4.195816122541440318e-02
1.061000000000000000e+04 4.231970086375081569e-02
1.062000000000000000e+04 4.271916672474698751e-02
1.063000000000000000e+04 4.315549940406091661e-02
1.064000000000000000e+04 4.362729401272309737e-02
1.065000000000000000e+04 4.413283290981059176e-02
1.066000000000000000e+04 4.467012812249554488e-02
1.067000000000000000e+04 4.523696536074910818e-02
1.068000000000000000e+04 4.583094261251125651e-02
1.069000000000000000e+04 4.644949864917304744e-02
1.070000000000000000e+04 4.708992961142141609e-02
1.071000000000000000e+04 4.774939472800567020e-02
1.072000000000000000e+04 4.842491418881161164e-02
1.073000000000000000e+04 4.911336343716176528e-02
1.074000000000000000e+04 4.981146875089048631e-02
1.075000000000000000e+04 5.051580864167344587e-02
1.076000000000000000e+04 5.122282459230372703e-02
1.077000000000000000e+04 5.192884260186950846e-02
1.078000000000000000e+04 5.263010460671602858e-02
1.079000000000000000e+04 5.332280763677077484e-02
1.080000000000000000e+04 5.400314493554125156e-02
1.081000000000000000e+04 5.466734365407205365e-02
1.082000000000000000e+04 5.531169478079352858e-02
1.083000000000000000e+04 5.593257344062306513e-02
1.084000000000000000e+04 5.652645110559142982e-02
1.085000000000000000e+04 5.708990438739072748e-02
1.086000000000000000e+04 5.761962710729369441e-02
1.087000000000000000e+04 5.811245228037281024e-02
1.088000000000000000e+04 5.856538860443285394e-02
1.089000000000000000e+04 5.897567208035482678e-02
1.090000000000000000e+04 5.934082929269483830e-02
1.091000000000000000e+04 5.965874544083064890e-02
1.092000000000000000e+04 5.992772715968090746e-02
1.093000000000000000e+04 6.014655014803527849e-02
1.094000000000000000e+04 6.031448348442981083e-02
1.095000000000000000e+04 6.043128599630868264e-02
1.096000000000000000e+04 6.049717489210475196e-02
1.097000000000000000e+04 6.051277160775364594e-02
1.098000000000000000e+04 6.047903322305071827e-02
1.099000000000000000e+04 6.039717988741998694e-02
1.100000000000000000e+04 6.026862878219801933e-02
1.101000000000000000e+04 6.009494307520275164e-02
1.102000000000000000e+04 5.987780127672300695e-02
1.103000000000000000e+04 5.961898904141831046e-02
1.104000000000000000e+04 5.932041095709730122e-02
1.105000000000000000e+04 5.898411663765516788e-02
1.106000000000000000e+04 5.861233327956941186e-02
1.107000000000000000e+04 5.820749585659682618e-02
1.108000000000000000e+04 5.777226651081394937e-02
1.109000000000000000e+04 5.730953648713769943e-02
1.110000000000000000e+04 5.682240691551733447e-02
1.111000000000000000e+04 5.631414839721905763e-02
1.112000000000000000e+04 5.578814311099598855e-02
1.113000000000000000e+04 5.524781623559239102e-02
1.114000000000000000e+04 5.469656537081464542e-02
1.115000000000000000e+04 5.413769705053340237e-02
1.116000000000000000e+04 5.357437820631019698e-02
1.117000000000000000e+04 5.300960769286258006e-02
1.118000000000000000e+04 5.244620905227105612e-02
1.119000000000000000e+04 5.188684152319379683e-02
1.120000000000000000e+04 5.133402298414229542e-02
1.121000000000000000e+04 5.079015671956581268e-02
1.122000000000000000e+04 5.025755401120915455e-02
1.123000000000000000e+04 4.973844649840235971e-02
1.124000000000000000e+04 4.923498541049174670e-02
1.125000000000000000e+04 4.874922838008805687e-02
1.126000000000000000e+04 4.828311746367142804e-02
1.127000000000000000e+04 4.783845354163642621e-02
1.128000000000000000e+04 4.741687247554188939e-02
1.129000000000000000e+04 4.701982726187536876e-02
1.130000000000000000e+04 4.664857852351903672e-02
1.131000000000000000e+04 4.630419372874561984e-02
1.132000000000000000e+04 4.598755354829507647e-02
1.133000000000000000e+04 4.569936247466032525e-02
1.134000000000000000e+04 4.544016035789941871e-02
1.135000000000000000e+04 4.521033168728214036e-02
1.136000000000000000e+04 4.501011040450102196e-02
1.137000000000000000e+04 4.483957943670592583e-02
1.138000000000000000e+04 4.469866547591610367e-02
1.139000000000000000e+04 4.458713088129357544e-02
1.140000000000000000e+04 4.450456541731594856e-02
1.141000000000000000e+04 4.445038063647747950e-02
1.142000000000000000e+04 4.442380924170632323e-02
1.143000000000000000e+04 4.442391081057035090e-02
1.144000000000000000e+04 4.444958422083322008e-02
1.145000000000000000e+04 4.449958620455665009e-02
1.146000000000000000e+04 4.457255492746065723e-02
1.147000000000000000e+04 4.466703731670838146e-02
1.148000000000000000e+04 4.478151901179436289e-02
1.149000000000000000e+04 4.491445625532580060e-02
1.150000000000000000e+04 4.506430900077265655e-02
1.151000000000000000e+04 4.522957422051113868e-02
1.152000000000000000e+04 4.540881776131526493e-02
1.153000000000000000e+04 4.560070226737969468e-02
1.154000000000000000e+04 4.580400801039115344e-02
1.155000000000000000e+04 4.601764315655432203e-02
1.156000000000000000e+04 4.624064027628735363e-02
1.157000000000000000e+04 4.647213685983267450e-02
1.158000000000000000e+04 4.671133924439477281e-02
1.159000000000000000e+04 4.695747165738296813e-02
1.160000000000000000e+04 4.720971479462349879e-02
1.161000000000000000e+04 4.746714087967705831e-02
1.162000000000000000e+04 4.772865383667088818e-02
1.163000000000000000e+04 4.799294358382114739e-02
1.164000000000000000e+04 4.825846235060472084e-02
1.165000000000000000e+04 4.852342833851038678e-02
1.166000000000000000e+04 4.878585838839829408e-02
1.167000000000000000e+04 4.904362727327701843e-02
1.168000000000000000e+04 4.929454746913435742e-02
1.169000000000000000e+04 4.953646041116761128e-02
1.170000000000000000e+04 4.976732840818372944e-02
1.171000000000000000e+04 4.998531629279172328e-02
1.172000000000000000e+04 5.018885337107276134e-02
1.173000000000000000e+04 5.037666899617095767e-02
1.174000000000000000e+04 5.054779897974398528e-02
1.175000000000000000e+04 5.070156471355769662e-02
1.176000000000000000e+04 5.083753065114613584e-02
1.177000000000000000e+04 5.095544893953254245e-02
1.178000000000000000e+04 5.105520166167314133e-02
1.179000000000000000e+04 5.113675048883516150e-02
1.180000000000000000e+04 5.120010140613071026e-02
1.181000000000000000e+04 5.124528866032223434e-02
1.182000000000000000e+04 5.127237827278856297e-02
1.183000000000000000e+04 5.128148726297840354e-02
1.184000000000000000e+04 5.127281136952763219e-02
1.185000000000000000e+04 5.124665280881094548e-02
1.186000000000000000e+04 5.120343943723767999e-02
1.187000000000000000e+04 5.114372869608630606e-02
1.188000000000000000e+04 5.106819318265803931e-02
1.189000000000000000e+04 5.097758893799023833e-02
1.190000000000000000e+04 5.087271189314554465e-02
1.191000000000000000e+04 5.075435089682548556e-02
1.192000000000000000e+04 5.062324694103680772e-02
1.193000000000000000e+04 5.048006740063025466e-02
1.194000000000000000e+04 5.032540129151124447e-02
1.195000000000000000e+04 5.015977769161712729e-02
1.196000000000000000e+04 4.998370539894055053e-02
1.197000000000000000e+04 4.979772774444957140e-02
1.198000000000000000e+04 4.960248356700205918e-02
1.199000000000000000e+04 4.939876403971728974e-02
1.200000000000000000e+04 4.918755529528361092e-02
1.201000000000000000e+04 4.897005870480782702e-02
1.202000000000000000e+04 4.874768385096102385e-02
1.203000000000000000e+04 4.852201337532793118e-02
1.204000000000000000e+04 4.829474335277313818e-02
1.205000000000000000e+04 4.806760691486889475e-02
1.206000000000000000e+04 4.784229155813276430e-02
1.207000000000000000e+04 4.762036149327181916e-02
1.208000000000000000e+04 4.740319520700939787e-02
1.209000000000000000e+04 4.719194529933744275e-02
1.210000000000000000e+04 4.698752348391267708e-02
1.211000000000000000e+04 4.679060934920162979e-02
1.212000000000000000e+04 4.660167812196035209e-02
1.213000000000000000e+04 4.642104085670198388e-02
1.214000000000000000e+04 4.624889031374225523e-02
1.215000000000000000e+04 4.608534694758840283e-02
1.216000000000000000e+04 4.593050132493651377e-02
1.217000000000000000e+04 4.578445117167858486e-02
1.218000000000000000e+04 4.564733263240221967e-02
1.219000000000000000e+04 4.551934596851271719e-02
1.220000000000000000e+04 4.540077580855690631e-02
1.221000000000000000e+04 4.529200548226221951e-02
1.222000000000000000e+04 4.519352418260303567e-02
1.223000000000000000e+04 4.510592493330902591e-02
1.224000000000000000e+04 4.502989083992555569e-02
1.225000000000000000e+04 4.496616737373792388e-02
1.226000000000000000e+04 4.491551969161430846e-02
1.227000000000000000e+04 4.487867612995484479e-02
1.228000000000000000e+04 4.485626190772463995e-02
1.229000000000000000e+04 4.484873024149654136e-02
1.230000000000000000e+04 4.485630039761288185e-02
1.231000000000000000e+04 4.487891302724058423e-02
1.232000000000000000e+04 4.491621174742008171e-02
1.233000000000000000e+04 4.496755622216269677e-02
1.234000000000000000e+04 4.503206666596776264e-02
1.235000000000000000e+04 4.510869393025102730e-02
1.236000000000000000e+04 4.519630455063020080e-02
1.237000000000000000e+04 4.529376754838352476e-02
1.238000000000000000e+04 4.540002997507030374e-02
1.239000000000000000e+04 4.551417089665518723e-02
1.240000000000000000e+04 4.563542796845712624e-02
1.241000000000000000e+04 4.576319590361210832e-02
1.242000000000000000e+04 4.589700060593243647e-02
1.243000000000000000e+04 4.603645580928928532e-02
1.244000000000000000e+04 4.618121023135654535e-02
1.245000000000000000e+04 4.633089267312845427e-02
1.246000000000000000e+04 4.648506109849726703e-02
1.247000000000000000e+04 4.664316007505819178e-02
1.248000000000000000e+04 4.680448924258215349e-02
1.249000000000000000e+04 4.696818392475377718e-02
1.250000000000000000e+04 4.713320785793580908e-02
1.251000000000000000e+04 4.729835724045491907e-02
1.252000000000000000e+04 4.746227455371875015e-02
1.253000000000000000e+04 4.762347034392231532e-02
1.254000000000000000e+04 4.778035067327306151e-02
1.255000000000000000e+04 4.793124761536768363e-02
1.256000000000000000e+04 4.807445026574629077e-02
1.257000000000000000e+04 4.820823408304813346e-02
1.258000000000000000e+04 4.833088761344179335e-02
1.259000000000000000e+04 4.844073642897282761e-02
1.260000000000000000e+04 4.853616544723298593e-02
1.261000000000000000e+04 4.861564187574169554e-02
1.262000000000000000e+04 4.867774125052758138e-02
1.263000000000000000e+04 4.872117845427932636e-02
1.264000000000000000e+04 4.874484409636848509e-02
1.265000000000000000e+04 4.874784460862277569e-02
1.266000000000000000e+04 4.872954245195143530e-02
1.267000000000000000e+04 4.868959135381730613e-02
1.268000000000000000e+04 4.862796109848053355e-02
1.269000000000000000e+04 4.854494733544682805e-02
1.270000000000000000e+04 4.844116395457249979e-02
1.271000000000000000e+04 4.831751843238468042e-02
1.272000000000000000e+04 4.817517304638910952e-02
1.273000000000000000e+04 4.801549634331464533e-02
1.274000000000000000e+04 4.784000997879454820e-02
1.275000000000000000e+04 4.765033628197441751e-02
1.276000000000000000e+04 4.744815133868834217e-02
1.277000000000000000e+04 4.723514711465064825e-02
1.278000000000000000e+04 4.701300455332904638e-02
1.279000000000000000e+04 4.678337789460149110e-02
1.280000000000000000e+04 4.654788875666008435e-02
1.281000000000000000e+04 4.630812696265260847e-02
1.282000000000000000e+04 4.606565413475996462e-02
1.283000000000000000e+04 4.582200576507274026e-02
1.284000000000000000e+04 4.557868826296187365e-02
1.285000000000000000e+04 4.533716940026078640e-02
1.286000000000000000e+04 4.509886333629217064e-02
1.287000000000000000e+04 4.486511410074506961e-02
1.288000000000000000e+04 4.463718300102340053e-02
1.289000000000000000e+04 4.441624518231316460e-02
1.290000000000000000e+04 4.420339838528328236e-02
1.291000000000000000e+04 4.399968356520186225e-02
1.292000000000000000e+04 4.380611313029874471e-02
1.293000000000000000e+04 4.362369957399669929e-02
1.294000000000000000e+04 4.345347739404153281e-02
1.295000000000000000e+04 4.329651202900943602e-02
1.296000000000000000e+04 4.315389332267900030e-02
1.297000000000000000e+04 4.302671522590287290e-02
1.298000000000000000e+04 4.291604695379774848e-02
1.299000000000000000e+04 4.282290253678460584e-02
1.300000000000000000e+04 4.274821496480313288e-02
1.301000000000000000e+04 4.269281857061833080e-02
1.302000000000000000e+04 4.265743980631295923e-02
1.303000000000000000e+04 4.264269343058636058e-02
1.304000000000000000e+04 4.264907944411670815e-02
1.305000000000000000e+04 4.267697602009017793e-02
1.306000000000000000e+04 4.272662525768303188e-02
1.307000000000000000e+04 4.279811139427634747e-02
1.308000000000000000e+04 4.289133433728387068e-02
1.309000000000000000e+04 4.300598408887768009e-02
1.310000000000000000e+04 4.314152322761102137e-02
1.311000000000000000e+04 4.329718448849984719e-02
1.312000000000000000e+04 4.347198859193122239e-02
1.313000000000000000e+04 4.366478425168388022e-02
1.314000000000000000e+04 4.387430788715761254e-02
1.315000000000000000e+04 4.409925645259924615e-02
1.316000000000000000e+04 4.433836375297037918e-02
1.317000000000000000e+04 4.459046901002652191e-02
1.318000000000000000e+04 4.485456763199823643e-02
1.319000000000000000e+04 4.512983722855656854e-02
1.320000000000000000e+04 4.541563608582309397e-02
1.321000000000000000e+04 4.571147570835135121e-02
1.322000000000000000e+04 4.601697309726365120e-02
1.323000000000000000e+04 4.633179035439842497e-02
1.324000000000000000e+04 4.665556966331388389e-02
1.325000000000000000e+04 4.698787091315269338e-02
1.326000000000000000e+04 4.732811760938345630e-02
1.327000000000000000e+04 4.767555487802452308e-02
1.328000000000000000e+04 4.802922166578399432e-02
1.329000000000000000e+04 4.838793764584060214e-02
1.330000000000000000e+04 4.875030423328663431e-02
1.331000000000000000e+04 4.911471841808590089e-02
1.332000000000000000e+04 4.947939774018019626e-02
1.333000000000000000e+04 4.984241457740088560e-02
1.334000000000000000e+04 5.020173771186486195e-02
1.335000000000000000e+04 5.055527898590433944e-02
1.336000000000000000e+04 5.090094234663988804e-02
1.337000000000000000e+04 5.123667168333410210e-02
1.338000000000000000e+04 5.156049336487090323e-02
1.339000000000000000e+04 5.187054955904051023e-02
1.340000000000000000e+04 5.216511944932838984e-02
1.341000000000000000e+04 5.244262749485126968e-02
1.342000000000000000e+04 5.270164031453435094e-02
1.343000000000000000e+04 5.294085567960404859e-02
1.344000000000000000e+04 5.315908803937774429e-02
1.345000000000000000e+04 5.335525450244755358e-02
1.346000000000000000e+04 5.352836358400355626e-02
1.347000000000000000e+04 5.367750705184077403e-02
1.348000000000000000e+04 5.380185354391707475e-02
1.349000000000000000e+04 5.390064223820326128e-02
1.350000000000000000e+04 5.397317574762892922e-02
1.351000000000000000e+04 5.401881324824717168e-02
1.352000000000000000e+04 5.403696684682651741e-02
1.353000000000000000e+04 5.402710546699653754e-02
1.354000000000000000e+04 5.398877047633801607e-02
1.355000000000000000e+04 5.392160543479268542e-02
1.356000000000000000e+04 5.382539928722433753e-02
1.357000000000000000e+04 5.370013888387544648e-02
1.358000000000000000e+04 5.354606382476129189e-02
1.359000000000000000e+04 5.336371515114610165e-02
1.360000000000000000e+04 5.315396979810463329e-02
1.361000000000000000e+04 5.291805483482089900e-02
1.362000000000000000e+04 5.265753868760204154e-02
1.363000000000000000e+04 5.237430015213576096e-02
1.364000000000000000e+04 5.207047909991114470e-02
1.365000000000000000e+04 5.174841486590297385e-02
1.366000000000000000e+04 5.141057916422503427e-02
1.367000000000000000e+04 5.105951001681233864e-02
1.368000000000000000e+04 5.069775207959031221e-02
1.369000000000000000e+04 5.032780738346708665e-02
1.370000000000000000e+04 4.995209908009257127e-02
1.371000000000000000e+04 4.957294920316972914e-02
1.372000000000000000e+04 4.919256973998090143e-02
1.373000000000000000e+04 4.881306471405515157e-02
1.374000000000000000e+04 4.843643963997529972e-02
1.375000000000000000e+04 4.806461347279007007e-02
1.376000000000000000e+04 4.769942786932170053e-02
1.377000000000000000e+04 4.734264944953554127e-02
1.378000000000000000e+04 4.699596240106516942e-02
1.379000000000000000e+04 4.666095121043700722e-02
1.380000000000000000e+04 4.633907592701147493e-02
1.381000000000000000e+04 4.603164448841763623e-02
1.382000000000000000e+04 4.573978786537519214e-02
1.383000000000000000e+04 4.546444366864572234e-02
1.384000000000000000e+04 4.520635257539971225e-02
1.385000000000000000e+04 4.496606963005029406e-02
1.386000000000000000e+04 4.474398979362233242e-02
1.387000000000000000e+04 4.454038471883188521e-02
1.388000000000000000e+04 4.435544596572741499e-02
1.389000000000000000e+04 4.418932900152561932e-02
1.390000000000000000e+04 4.404219252205690549e-02
1.391000000000000000e+04 4.391422861721456378e-02
1.392000000000000000e+04 4.380568071709101813e-02
1.393000000000000000e+04 4.371684784975095328e-02
1.394000000000000000e+04 4.364807514213391720e-02
1.395000000000000000e+04 4.359973161062908470e-02
1.396000000000000000e+04 4.357217735292168159e-02
1.397000000000000000e+04 4.356572316132101969e-02
1.398000000000000000e+04 4.358058651752269586e-02
1.399000000000000000e+04 4.361684892188540802e-02
1.400000000000000000e+04 4.367441912295368101e-02
1.401000000000000000e+04 4.375300515939561236e-02
1.402000000000000000e+04 4.385209714848735396e-02
1.403000000000000000e+04 4.397096256529939295e-02
1.404000000000000000e+04 4.410865473530868608e-02
1.405000000000000000e+04 4.426403300293870607e-02
1.406000000000000000e+04 4.443579138233073184e-02
1.407000000000000000e+04 4.462249206410340285e-02
1.408000000000000000e+04 4.482260034983996666e-02
1.409000000000000000e+04 4.503451821569333380e-02
1.410000000000000000e+04 4.525661447647488095e-02
1.411000000000000000e+04 4.548725035464618038e-02
1.412000000000000000e+04 4.572479996598017432e-02
1.413000000000000000e+04 4.596766578851522317e-02
1.414000000000000000e+04 4.621428960335350472e-02
1.415000000000000000e+04 4.646315952895249679e-02
1.416000000000000000e+04 4.671281359956901136e-02
1.417000000000000000e+04 4.696184056361737275e-02
1.418000000000000000e+04 4.720887939994350413e-02
1.419000000000000000e+04 4.745261922000588301e-02
1.420000000000000000e+04 4.769180058346866868e-02
1.421000000000000000e+04 4.792521835828098681e-02
1.422000000000000000e+04 4.815172506134852981e-02
1.423000000000000000e+04 4.837023274444899462e-02
1.424000000000000000e+04 4.857971125039924759e-02
1.425000000000000000e+04 4.877918116657546654e-02
1.426000000000000000e+04 4.896770086400036026e-02
1.427000000000000000e+04 4.914434847663354949e-02
1.428000000000000000e+04 4.930820118851366590e-02
1.429000000000000000e+04 4.945831537861290761e-02
1.430000000000000000e+04 4.959371178412105147e-02
1.431000000000000000e+04 4.971337012683706841e-02
1.432000000000000000e+04 4.981623715716907569e-02
1.433000000000000000e+04 4.990125082873175105e-02
1.434000000000000000e+04 4.996738190406161545e-02
1.435000000000000000e+04 5.001369195426430547e-02
1.436000000000000000e+04 5.003940370190575887e-02
1.437000000000000000e+04 5.004397657993515935e-02
1.438000000000000000e+04 5.002717781921289797e-02
1.439000000000000000e+04 4.998913823131795331e-02
1.440000000000000000e+04 4.993038283778809816e-02
1.441000000000000000e+04 4.985182957937814296e-02
1.442000000000000000e+04 4.975475397654050697e-02
1.443000000000000000e+04 4.964072297638295189e-02
1.444000000000000000e+04 4.951150636482774120e-02
1.445000000000000000e+04 4.936897815785675631e-02
1.446000000000000000e+04 4.921502190035180468e-02
1.447000000000000000e+04 4.905145229654677558e-02
1.448000000000000000e+04 4.887996192928674433e-02
1.449000000000000000e+04 4.870209678234659750e-02
1.450000000000000000e+04 4.851925900598003799e-02
1.451000000000000000e+04 4.833273062161495826e-02
1.452000000000000000e+04 4.814370874299398612e-02
1.453000000000000000e+04 4.795334230681339710e-02
1.454000000000000000e+04 4.776276190501743679e-02
1.455000000000000000e+04 4.757309748371438968e-02
1.456000000000000000e+04 4.738548284974932606e-02
1.457000000000000000e+04 4.720104996448414025e-02
1.458000000000000000e+04 4.702091859896456727e-02
1.459000000000000000e+04 4.684618780137124461e-02
1.460000000000000000e+04 4.667793432808649279e-02
1.461000000000000000e+04 4.651721999525205986e-02
1.462000000000000000e+04 4.636510600958216460e-02
1.463000000000000000e+04 4.622266863978435891e-02
1.464000000000000000e+04 4.609100866226286536e-02
1.465000000000000000e+04 4.597124733737558561e-02
1.466000000000000000e+04 4.586450439036857119e-02
1.467000000000000000e+04 4.577185799200462341e-02
1.468000000000000000e+04 4.569429151994042204e-02
1.469000000000000000e+04 4.563263574707372705e-02
1.470000000000000000e+04 4.558751662256332882e-02
1.471000000000000000e+04 4.555931749419933618e-02
1.472000000000000000e+04 4.554816103479364386e-02
1.473000000000000000e+04 4.555391168462242374e-02
1.474000000000000000e+04 4.557619590696049272e-02
1.475000000000000000e+04 4.561443560862418062e-02
1.476000000000000000e+04 4.566788922840413906e-02
1.477000000000000000e+04 4.573569517846011456e-02
1.478000000000000000e+04 4.581691351959025355e-02
1.479000000000000000e+04 4.591056334558685226e-02
1.480000000000000000e+04 4.601565476263098919e-02
1.481000000000000000e+04 4.613121516469069483e-02
1.482000000000000000e+04 4.625630971690748716e-02
1.483000000000000000e+04 4.639005591913553106e-02
1.484000000000000000e+04 4.653163199525640892e-02
1.485000000000000000e+04 4.668027882001982154e-02
1.486000000000000000e+04 4.683529523713408221e-02
1.487000000000000000e+04 4.699602692603278842e-02
1.488000000000000000e+04 4.716184894852308573e-02
1.489000000000000000e+04 4.733214223477828775e-02
1.490000000000000000e+04 4.750626482367864556e-02
1.491000000000000000e+04 4.768351971492432173e-02
1.492000000000000000e+04 4.786312200024137042e-02
1.493000000000000000e+04 4.804416858258815648e-02
1.494000000000000000e+04 4.822561415922741596e-02
1.495000000000000000e+04 4.840625663763580694e-02
1.496000000000000000e+04 4.858473457252585753e-02
1.497000000000000000e+04 4.875953806073149432e-02
1.498000000000000000e+04 4.892903358350102899e-02
1.499000000000000000e+04 4.909150264483774090e-02
1.500000000000000000e+04 4.924519294705224232e-02
