Time	Population
0.000000000000000000e+00 9.208509298413194988e-02
1.000000000000000000e+01 9.240652303985841254e-02
2.000000000000000000e+01 9.336511634419544792e-02
3.000000000000000000e+01 9.492450119907662465e-02
4.000000000000000000e+01 9.703853180050187044e-02
5.000000000000000000e+01 9.964120068613482872e-02
6.000000000000000000e+01 1.026530085424287447e-01
7.000000000000000000e+01 1.059844502181274545e-01
8.000000000000000000e+01 1.095396627236259746e-01
9.000000000000000000e+01 1.132200022048608090e-01
1.000000000000000000e+02 1.169273528075008561e-01
1.100000000000000000e+02 1.205670248293583269e-01
1.200000000000000000e+02 1.240501599547876033e-01
1.300000000000000000e+02 1.272956218938176565e-01
1.400000000000000000e+02 1.302314030574361625e-01
1.500000000000000000e+02 1.327956152488650732e-01
1.600000000000000000e+02 1.349371523336423129e-01
1.700000000000000000e+02 1.366161149295201382e-01
1.800000000000000000e+02 1.378040719029098859e-01
1.900000000000000000e+02 1.384842147251265365e-01
2.000000000000000000e+02 1.386514159354743647e-01
2.100000000000000000e+02 1.383121842697340176e-01
2.200000000000000000e+02 1.374844757451056387e-01
2.300000000000000000e+02 1.361972865860699433e-01
2.400000000000000000e+02 1.344899614313145308e-01
2.500000000000000000e+02 1.324111808391277012e-01
2.600000000000000000e+02 1.300175110266985068e-01
2.700000000000000000e+02 1.273715720919680883e-01
2.800000000000000000e+02 1.245398084720655968e-01
2.900000000000000000e+02 1.215899912135505329e-01
3.000000000000000000e+02 1.185885239368250077e-01
3.100000000000000000e+02 1.155977648760899562e-01
3.200000000000000000e+02 1.126735597181360293e-01
3.300000000000000000e+02 1.098631562040107285e-01
3.400000000000000000e+02 1.072036732933421693e-01
3.500000000000000000e+02 1.047212671108777166e-01
3.600000000000000000e+02 1.024310249702098247e-01
3.700000000000000000e+02 1.003375805014092570e-01
3.800000000000000000e+02 9.843635932909081121e-02
3.900000000000000000e+02 9.671530427901763038e-02
4.000000000000000000e+02 9.515688993115382910e-02
4.100000000000000000e+02 9.374023552501316303e-02
4.200000000000000000e+02 9.244310124266305606e-02
4.300000000000000000e+02 9.124362877241183611e-02
4.400000000000000000e+02 9.012171079894785997e-02
4.500000000000000000e+02 8.905994160369896939e-02
4.600000000000000000e+02 8.804415435712863169e-02
4.700000000000000000e+02 8.706358427344425277e-02
4.800000000000000000e+02 8.611072871170782905e-02
4.900000000000000000e+02 8.518099193821476733e-02
5.000000000000000000e+02 8.427220496824323892e-02
5.100000000000000000e+02 8.338410564345416498e-02
5.200000000000000000e+02 8.251783593345053680e-02
5.300000000000000000e+02 8.167549829286427365e-02
5.400000000000000000e+02 8.085979651391007883e-02
5.500000000000000000e+02 8.007376522251688500e-02
5.600000000000000000e+02 7.932058129271313263e-02
5.700000000000000000e+02 7.860344508256844609e-02
5.800000000000000000e+02 7.792550626605949937e-02
5.900000000000000000e+02 7.728982265021651366e-02
6.000000000000000000e+02 7.669934168319936241e-02
6.100000000000000000e+02 7.615688537517738277e-02
6.200000000000000000e+02 7.566514092758022669e-02
6.300000000000000000e+02 7.522664286300848047e-02
6.400000000000000000e+02 7.484374638251785339e-02
6.500000000000000000e+02 7.451859967281372621e-02
6.600000000000000000e+02 7.425311708565274227e-02
6.700000000000000000e+02 7.404895387130483453e-02
6.800000000000000000e+02 7.390748199121290052e-02
6.900000000000000000e+02 7.382977399667862983e-02
7.000000000000000000e+02 7.381658746353299272e-02
7.100000000000000000e+02 7.386834738374997711e-02
7.200000000000000000e+02 7.398512712389586354e-02
7.300000000000000000e+02 7.416662544493400622e-02
7.400000000000000000e+02 7.441213959768605557e-02
7.500000000000000000e+02 7.472052879181227680e-02
7.600000000000000000e+02 7.509016632301178384e-02
7.700000000000000000e+02 7.551888712307172624e-02
7.800000000000000000e+02 7.600392886713182306e-02
7.900000000000000000e+02 7.654186841725571511e-02
8.000000000000000000e+02 7.712856222789836458e-02
8.100000000000000000e+02 7.775908942440203087e-02
8.200000000000000000e+02 7.842770818912715713e-02
8.300000000000000000e+02 7.912782465736913073e-02
8.400000000000000000e+02 7.985198094119538847e-02
8.500000000000000000e+02 8.059186712457404311e-02
8.600000000000000000e+02 8.133836245609764315e-02
8.700000000000000000e+02 8.208159834697768831e-02
8.800000000000000000e+02 8.281104283834278545e-02
8.900000000000000000e+02 8.351562038070284300e-02
9.000000000000000000e+02 8.418384786723288882e-02
9.100000000000000000e+02 8.480399146388292730e-02
9.200000000000000000e+02 8.536424238102163775e-02
9.300000000000000000e+02 8.585290953099708466e-02
9.400000000000000000e+02 8.625862684687629622e-02
9.500000000000000000e+02 8.657056707581145538e-02
9.600000000000000000e+02 8.677866004083252538e-02
9.700000000000000000e+02 8.687381905851479513e-02
9.800000000000000000e+02 8.684816137178411055e-02
9.900000000000000000e+02 8.669522336257405593e-02
1.000000000000000000e+03 8.641016417097849289e-02
1.010000000000000000e+03 8.598994943719441564e-02
1.020000000000000000e+03 8.543350742536577613e-02
1.030000000000000000e+03 8.474185052532827445e-02
1.040000000000000000e+03 8.391815270905048085e-02
1.050000000000000000e+03 8.296777134960169053e-02
1.060000000000000000e+03 8.189820863716933130e-02
1.070000000000000000e+03 8.071900307471420455e-02
1.080000000000000000e+03 7.944154932776985312e-02
1.090000000000000000e+03 7.807884628851420594e-02
1.100000000000000000e+03 7.664518021063650155e-02
1.110000000000000000e+03 7.515575290902017092e-02
1.120000000000000000e+03 7.362626752857578949e-02
1.130000000000000000e+03 7.207248811917529863e-02
1.140000000000000000e+03 7.050979479396862759e-02
1.150000000000000000e+03 6.895275804537379094e-02
1.160000000000000000e+03 6.741475163863186459e-02
1.170000000000000000e+03 6.590762716809597799e-02
1.180000000000000000e+03 6.444146847265358469e-02
1.190000000000000000e+03 6.302443353653175429e-02
1.200000000000000000e+03 6.166268800289820967e-02
1.210000000000000000e+03 6.036043127784788964e-02
1.220000000000000000e+03 5.912000829606030988e-02
1.230000000000000000e+03 5.794209190466458048e-02
1.240000000000000000e+03 5.682591959411361499e-02
1.250000000000000000e+03 5.576956561086592046e-02
1.260000000000000000e+03 5.477022917038498057e-02
1.270000000000000000e+03 5.382451922906777986e-02
1.280000000000000000e+03 5.292872193542595000e-02
1.290000000000000000e+03 5.207903802696294687e-02
1.300000000000000000e+03 5.127178078976109277e-02
1.310000000000000000e+03 5.050353216746773094e-02
1.320000000000000000e+03 4.977125586715786670e-02
1.330000000000000000e+03 4.907237080896039577e-02
1.340000000000000000e+03 4.840478753453886229e-02
1.350000000000000000e+03 4.776691293803472099e-02
1.360000000000000000e+03 4.715762862184014192e-02
1.370000000000000000e+03 4.657624910721496619e-02
1.380000000000000000e+03 4.602246693403921202e-02
1.390000000000000000e+03 4.549628781947439443e-02
1.400000000000000000e+03 4.499796098386314031e-02
1.410000000000000000e+03 4.452791062140203787e-02
1.420000000000000000e+03 4.408667189630217920e-02
1.430000000000000000e+03 4.367483222034752866e-02
1.440000000000000000e+03 4.329298040151286636e-02
1.450000000000000000e+03 4.294166532324578123e-02
1.460000000000000000e+03 4.262136335246359542e-02
1.470000000000000000e+03 4.233245540495404746e-02
1.480000000000000000e+03 4.207521312405777814e-02
1.490000000000000000e+03 4.184979263184309545e-02
1.500000000000000000e+03 4.165623376091934227e-02
1.510000000000000000e+03 4.149446236098477958e-02
1.520000000000000000e+03 4.136429468400169146e-02
1.530000000000000000e+03 4.126544227594836078e-02
1.540000000000000000e+03 4.119751310150100709e-02
1.550000000000000000e+03 4.116000768928156778e-02
1.560000000000000000e+03 4.115230981250174447e-02
1.570000000000000000e+03 4.117367240468868678e-02
1.580000000000000000e+03 4.122319836143652910e-02
1.590000000000000000e+03 4.129981668639248066e-02
1.600000000000000000e+03 4.140225458518500407e-02
1.610000000000000000e+03 4.152900712807041511e-02
1.620000000000000000e+03 4.167830744393652420e-02
1.630000000000000000e+03 4.184809915525445484e-02
1.640000000000000000e+03 4.203601349509879237e-02
1.650000000000000000e+03 4.223935354649683421e-02
1.660000000000000000e+03 4.245508736331800315e-02
1.670000000000000000e+03 4.267985168969108678e-02
1.680000000000000000e+03 4.290996769496538410e-02
1.690000000000000000e+03 4.314146899615511899e-02
1.700000000000000000e+03 4.337014029175200597e-02
1.710000000000000000e+03 4.359156597775662445e-02
1.720000000000000000e+03 4.380118880104465207e-02
1.730000000000000000e+03 4.399437763978458760e-02
1.740000000000000000e+03 4.416650231748753264e-02
1.750000000000000000e+03 4.431301255385604321e-02
1.760000000000000000e+03 4.442951984761418088e-02
1.770000000000000000e+03 4.451188013048477249e-02
1.780000000000000000e+03 4.455627500807250035e-02
1.790000000000000000e+03 4.455929014626427986e-02
1.800000000000000000e+03 4.451798904170575777e-02
1.810000000000000000e+03 4.442998041573704288e-02
1.820000000000000000e+03 4.429347770320017641e-02
1.830000000000000000e+03 4.410734882889989772e-02
1.840000000000000000e+03 4.387115457403147761e-02
1.850000000000000000e+03 4.358517329907447835e-02
1.860000000000000000e+03 4.325041068807686934e-02
1.870000000000000000e+03 4.286859417623639645e-02
1.880000000000000000e+03 4.244215157413658984e-02
1.890000000000000000e+03 4.197417328719622864e-02
1.900000000000000000e+03 4.146835710818242565e-02
1.910000000000000000e+03 4.092893594584410405e-02
1.920000000000000000e+03 4.036058989827637222e-02
1.930000000000000000e+03 3.976834475677347436e-02
1.940000000000000000e+03 3.915745978131277005e-02
1.950000000000000000e+03 3.853330799775504800e-02
1.960000000000000000e+03 3.790125351548135485e-02
1.970000000000000000e+03 3.726653097568678047e-02
1.980000000000000000e+03 3.663413204476564239e-02
1.990000000000000000e+03 3.600870353684597347e-02
2.000000000000000000e+03 3.539446109861441037e-02
2.010000000000000000e+03 3.479512206504517535e-02
2.020000000000000000e+03 3.421386004362796801e-02
2.030000000000000000e+03 3.365328227027413605e-02
2.040000000000000000e+03 3.311542943615224804e-02
2.050000000000000000e+03 3.260179711525609814e-02
2.060000000000000000e+03 3.211337626031859904e-02
2.070000000000000000e+03 3.165070853007757867e-02
2.080000000000000000e+03 3.121395268602539588e-02
2.090000000000000000e+03 3.080295840720212799e-02
2.100000000000000000e+03 3.041734365936339321e-02
2.110000000000000000e+03 3.005657151971462618e-02
2.120000000000000000e+03 2.972002254994062648e-02
2.130000000000000000e+03 2.940706008223025955e-02
2.140000000000000000e+03 2.911708615835726169e-02
2.150000000000000000e+03 2.884958606611766688e-02
2.160000000000000000e+03 2.860416055219269435e-02
2.170000000000000000e+03 2.838054566583558466e-02
2.180000000000000000e+03 2.817862080707967190e-02
2.190000000000000000e+03 2.799840595761328085e-02
2.200000000000000000e+03 2.784004958392206561e-02
2.210000000000000000e+03 2.770380894998319618e-02
2.220000000000000000e+03 2.759002455560330413e-02
2.230000000000000000e+03 2.749909060024581867e-02
2.240000000000000000e+03 2.743142246957070221e-02
2.250000000000000000e+03 2.738742193593706256e-02
2.260000000000000000e+03 2.736744222769200985e-02
2.270000000000000000e+03 2.737175468500056830e-02
2.280000000000000000e+03 2.740051770068330228e-02
2.290000000000000000e+03 2.745374887893538632e-02
2.300000000000000000e+03 2.753130136307096673e-02
2.310000000000000000e+03 2.763284510746316647e-02
2.320000000000000000e+03 2.775785337425982699e-02
2.330000000000000000e+03 2.790559404658992174e-02
2.340000000000000000e+03 2.807512565109443123e-02
2.350000000000000000e+03 2.826529797775161404e-02
2.360000000000000000e+03 2.847475669837919512e-02
2.370000000000000000e+03 2.870195136004686023e-02
2.380000000000000000e+03 2.894514611907527887e-02
2.390000000000000000e+03 2.920243228815261674e-02
2.400000000000000000e+03 2.947174230900085831e-02
2.410000000000000000e+03 2.975086471005514849e-02
2.420000000000000000e+03 3.003745906858407838e-02
2.430000000000000000e+03 3.032907030811706275e-02
2.440000000000000000e+03 3.062314193870591464e-02
2.450000000000000000e+03 3.091702817457340352e-02
2.460000000000000000e+03 3.120800515306715664e-02
2.470000000000000000e+03 3.149328176556542153e-02
2.480000000000000000e+03 3.177001054414706205e-02
2.490000000000000000e+03 3.203529926713581666e-02
2.500000000000000000e+03 3.228622495119135710e-02
2.510000000000000000e+03 3.251985204185991324e-02
2.520000000000000000e+03 3.273325502068203524e-02
2.530000000000000000e+03 3.292354520144835650e-02
2.540000000000000000e+03 3.308790179113840074e-02
2.550000000000000000e+03 3.322360692294059475e-02
2.560000000000000000e+03 3.332808390469104570e-02
2.570000000000000000e+03 3.339893790106805704e-02
2.580000000000000000e+03 3.343399809805797096e-02
2.590000000000000000e+03 3.343136006672560445e-02
2.600000000000000000e+03 3.338942733781569833e-02
2.610000000000000000e+03 3.330695139338647748e-02
2.620000000000000000e+03 3.318306943807412118e-02
2.630000000000000000e+03 3.301733933125675091e-02
2.640000000000000000e+03 3.280977089231647964e-02
2.650000000000000000e+03 3.256085241633459304e-02
2.660000000000000000e+03 3.227157084220005911e-02
2.670000000000000000e+03 3.194342387655922655e-02
2.680000000000000000e+03 3.157842216144881448e-02
2.690000000000000000e+03 3.117907948040157112e-02
2.700000000000000000e+03 3.074838911707354627e-02
2.710000000000000000e+03 3.028978498421273230e-02
2.720000000000000000e+03 2.980708696584351974e-02
2.730000000000000000e+03 2.930443049560919194e-02
2.740000000000000000e+03 2.878618148586738548e-02
2.750000000000000000e+03 2.825683925521359913e-02
2.760000000000000000e+03 2.772093186574538584e-02
2.770000000000000000e+03 2.718290946803627803e-02
2.780000000000000000e+03 2.664704133380584386e-02
2.790000000000000000e+03 2.611732188121980783e-02
2.800000000000000000e+03 2.559739065859025983e-02
2.810000000000000000e+03 2.509047058841452904e-02
2.820000000000000000e+03 2.459932732767652896e-02
2.830000000000000000e+03 2.412625106046292767e-02
2.840000000000000000e+03 2.367306045979644322e-02
2.850000000000000000e+03 2.324112676312280537e-02
2.860000000000000000e+03 2.283141459592536587e-02
2.870000000000000000e+03 2.244453539525598229e-02
2.880000000000000000e+03 2.208080867485834667e-02
2.890000000000000000e+03 2.174032609480296488e-02
2.900000000000000000e+03 2.142301346115297114e-02
2.910000000000000000e+03 2.112868647066322783e-02
2.920000000000000000e+03 2.085709710387384508e-02
2.930000000000000000e+03 2.060796893620482281e-02
2.940000000000000000e+03 2.038102090869644764e-02
2.950000000000000000e+03 2.017598018302170157e-02
2.960000000000000000e+03 1.999258582310384225e-02
2.970000000000000000e+03 1.983058576705870255e-02
2.980000000000000000e+03 1.968972971321170107e-02
2.990000000000000000e+03 1.956976040791110275e-02
3.000000000000000000e+03 1.947040559514138028e-02
3.010000000000000000e+03 1.939137234737350543e-02
3.020000000000000000e+03 1.933234477408905111e-02
3.030000000000000000e+03 1.929298548764795534e-02
3.040000000000000000e+03 1.927294063541527477e-02
3.050000000000000000e+03 1.927184783085185080e-02
3.060000000000000000e+03 1.928934586212255678e-02
3.070000000000000000e+03 1.932508474306875168e-02
3.080000000000000000e+03 1.937873477164194294e-02
3.090000000000000000e+03 1.944999359199739430e-02
3.100000000000000000e+03 1.953859056457018031e-02
3.110000000000000000e+03 1.964428804539238016e-02
3.120000000000000000e+03 1.976687938738085071e-02
3.130000000000000000e+03 1.990618382763501698e-02
3.140000000000000000e+03 2.006203878346982800e-02
3.150000000000000000e+03 2.023429029659759917e-02
3.160000000000000000e+03 2.042278235434539721e-02
3.170000000000000000e+03 2.062734546573099029e-02
3.180000000000000000e+03 2.084778435759700871e-02
3.190000000000000000e+03 2.108386446716448842e-02
3.200000000000000000e+03 2.133529710132246737e-02
3.210000000000000000e+03 2.160172307674010708e-02
3.220000000000000000e+03 2.188269438533974390e-02
3.230000000000000000e+03 2.217765349538074540e-02
3.240000000000000000e+03 2.248591032297969292e-02
3.250000000000000000e+03 2.280661736837927625e-02
3.260000000000000000e+03 2.313874383709180541e-02
3.270000000000000000e+03 2.348104990911255296e-02
3.280000000000000000e+03 2.383206269583109521e-02
3.290000000000000000e+03 2.419005567812559931e-02
3.300000000000000000e+03 2.455303343966976776e-02
3.310000000000000000e+03 2.491872338809274570e-02
3.320000000000000000e+03 2.528457593720139993e-02
3.330000000000000000e+03 2.564777432360569598e-02
3.340000000000000000e+03 2.600525485825084387e-02
3.350000000000000000e+03 2.635373786915277960e-02
3.360000000000000000e+03 2.668976896561657888e-02
3.370000000000000000e+03 2.700976977713484897e-02
3.380000000000000000e+03 2.731009698800320254e-02
3.390000000000000000e+03 2.758710811774158986e-02
3.400000000000000000e+03 2.783723203706053514e-02
3.410000000000000000e+03 2.805704186363294078e-02
3.420000000000000000e+03 2.824332776945634796e-02
3.430000000000000000e+03 2.839316733726278408e-02
3.440000000000000000e+03 2.850399132294878859e-02
3.450000000000000000e+03 2.857364289774024999e-02
3.460000000000000000e+03 2.860042880998156511e-02
3.470000000000000000e+03 2.858316130249562853e-02
3.480000000000000000e+03 2.852118988481153194e-02
3.490000000000000000e+03 2.841442230069163299e-02
3.500000000000000000e+03 2.826333434123257798e-02
3.510000000000000000e+03 2.806896847321425567e-02
3.520000000000000000e+03 2.783292140059974787e-02
3.530000000000000000e+03 2.755732064143846111e-02
3.540000000000000000e+03 2.724479013401148383e-02
3.550000000000000000e+03 2.689840497227338409e-02
3.560000000000000000e+03 2.652163571422445562e-02
3.570000000000000000e+03 2.611828313047957068e-02
3.580000000000000000e+03 2.569240454362135828e-02
3.590000000000000000e+03 2.524823329265290378e-02
3.600000000000000000e+03 2.479009342654887871e-02
3.610000000000000000e+03 2.432231228634533157e-02
3.620000000000000000e+03 2.384913405196725789e-02
3.630000000000000000e+03 2.337463744329445689e-02
3.640000000000000000e+03 2.290266069789945527e-02
3.650000000000000000e+03 2.243673678527905932e-02
3.660000000000000000e+03 2.198004135054120942e-02
3.670000000000000000e+03 2.153535518067533835e-02
3.680000000000000000e+03 2.110504208541895410e-02
3.690000000000000000e+03 2.069104201357690326e-02
3.700000000000000000e+03 2.029487830921205410e-02
3.710000000000000000e+03 1.991767744607774587e-02
3.720000000000000000e+03 1.956019918732759127e-02
3.730000000000000000e+03 1.922287480967354439e-02
3.740000000000000000e+03 1.890585091929906578e-02
3.750000000000000000e+03 1.860903653953274381e-02
3.760000000000000000e+03 1.833215138353971180e-02
3.770000000000000000e+03 1.807477350248017783e-02
3.780000000000000000e+03 1.783638493160995264e-02
3.790000000000000000e+03 1.761641443550488600e-02
3.800000000000000000e+03 1.741427670546970979e-02
3.810000000000000000e+03 1.722940724314924940e-02
3.820000000000000000e+03 1.706129198274956155e-02
3.830000000000000000e+03 1.690949064810611663e-02
3.840000000000000000e+03 1.677365283519048622e-02
3.850000000000000000e+03 1.665352590921615958e-02
3.860000000000000000e+03 1.654895416996526869e-02
3.870000000000000000e+03 1.645986940578173657e-02
3.880000000000000000e+03 1.638627382600351887e-02
3.890000000000000000e+03 1.632821729829678215e-02
3.900000000000000000e+03 1.628577150149376762e-02
3.910000000000000000e+03 1.625900381684186602e-02
3.920000000000000000e+03 1.624795361492656354e-02
3.930000000000000000e+03 1.625261310635346332e-02
3.940000000000000000e+03 1.627291415175009456e-02
3.950000000000000000e+03 1.630872148802712390e-02
3.960000000000000000e+03 1.635983191295147313e-02
3.970000000000000000e+03 1.642597824302140935e-02
3.980000000000000000e+03 1.650683638297151604e-02
3.990000000000000000e+03 1.660203368822726899e-02
4.000000000000000000e+03 1.671115699015194439e-02
4.010000000000000000e+03 1.683375907560417939e-02
4.020000000000000000e+03 1.696936287312785646e-02
4.030000000000000000e+03 1.711746301504530471e-02
4.040000000000000000e+03 1.727752484539528746e-02
4.050000000000000000e+03 1.744898127549443512e-02
4.060000000000000000e+03 1.763122802350897828e-02
4.070000000000000000e+03 1.782361775087660041e-02
4.080000000000000000e+03 1.802545352302412085e-02
4.090000000000000000e+03 1.823598189934658165e-02
4.100000000000000000e+03 1.845438584464666187e-02
4.110000000000000000e+03 1.867977767635467523e-02
4.120000000000000000e+03 1.891119235047034400e-02
4.130000000000000000e+03 1.914758149219682182e-02
4.140000000000000000e+03 1.938780874533173673e-02
4.150000000000000000e+03 1.963064700145410874e-02
4.160000000000000000e+03 1.987477789299414710e-02
4.170000000000000000e+03 2.011879380014982774e-02
4.180000000000000000e+03 2.036120244623047804e-02
4.190000000000000000e+03 2.060043385914311215e-02
4.200000000000000000e+03 2.083484925029713275e-02
4.210000000000000000e+03 2.106275126050226668e-02
4.220000000000000000e+03 2.128239512470844752e-02
4.230000000000000000e+03 2.149200058214409403e-02
4.240000000000000000e+03 2.168976465429389364e-02
4.250000000000000000e+03 2.187387569459338377e-02
4.260000000000000000e+03 2.204252935670488953e-02
4.270000000000000000e+03 2.219394725331507931e-02
4.280000000000000000e+03 2.232639900967852906e-02
4.290000000000000000e+03 2.243822810732575695e-02
4.300000000000000000e+03 2.252788143201733817e-02
4.310000000000000000e+03 2.259394187743993601e-02
4.320000000000000000e+03 2.263516278522062497e-02
4.330000000000000000e+03 2.265050260605145499e-02
4.340000000000000000e+03 2.263915801400166392e-02
4.350000000000000000e+03 2.260059370881689275e-02
4.360000000000000000e+03 2.253456735152280926e-02
4.370000000000000000e+03 2.244114846016447354e-02
4.380000000000000000e+03 2.232073048735185375e-02
4.390000000000000000e+03 2.217403565532186441e-02
4.400000000000000000e+03 2.200211241392422551e-02
4.410000000000000000e+03 2.180632563124989751e-02
4.420000000000000000e+03 2.158833977966741896e-02
4.430000000000000000e+03 2.135009538157236694e-02
4.440000000000000000e+03 2.109377896173532732e-02
4.450000000000000000e+03 2.082178684829518941e-02
4.460000000000000000e+03 2.053668339355171901e-02
4.470000000000000000e+03 2.024115444918249407e-02
4.480000000000000000e+03 1.993795721308054200e-02
4.490000000000000000e+03 1.962986787834122490e-02
4.500000000000000000e+03 1.931962877148228272e-02
4.510000000000000000e+03 1.900989684124333723e-02
4.520000000000000000e+03 1.870319542020229542e-02
4.530000000000000000e+03 1.840187114764249565e-02
4.540000000000000000e+03 1.810805786303361364e-02
4.550000000000000000e+03 1.782364903180553434e-02
4.560000000000000000e+03 1.755027984628021454e-02
4.570000000000000000e+03 1.728931963612982334e-02
4.580000000000000000e+03 1.704187458157184129e-02
4.590000000000000000e+03 1.680879994983240991e-02
4.600000000000000000e+03 1.659072024165091780e-02
4.610000000000000000e+03 1.638805488696434137e-02
4.620000000000000000e+03 1.620104664806965369e-02
4.630000000000000000e+03 1.602978980465085898e-02
4.640000000000000000e+03 1.587425553170763309e-02
4.650000000000000000e+03 1.573431263757528453e-02
4.660000000000000000e+03 1.560974292393698358e-02
4.670000000000000000e+03 1.550025163555733554e-02
4.680000000000000000e+03 1.540547457349877337e-02
4.690000000000000000e+03 1.532498418869778466e-02
4.700000000000000000e+03 1.525829713281887795e-02
4.710000000000000000e+03 1.520488529235330434e-02
4.720000000000000000e+03 1.516419138513391829e-02
4.730000000000000000e+03 1.513564894767303534e-02
4.740000000000000000e+03 1.511870522962756834e-02
4.750000000000000000e+03 1.511284447949444963e-02
4.760000000000000000e+03 1.511760864067919138e-02
4.770000000000000000e+03 1.513261265017035867e-02
4.780000000000000000e+03 1.515755223133218553e-02
4.790000000000000000e+03 1.519220315404667780e-02
4.800000000000000000e+03 1.523641218341968001e-02
4.810000000000000000e+03 1.529008096958546503e-02
4.820000000000000000e+03 1.535314484381703273e-02
4.830000000000000000e+03 1.542554890273425787e-02
4.840000000000000000e+03 1.550722345089136124e-02
4.850000000000000000e+03 1.559806032278283211e-02
4.860000000000000000e+03 1.569789105346571650e-02
4.870000000000000000e+03 1.580646735911283782e-02
4.880000000000000000e+03 1.592344407353983582e-02
4.890000000000000000e+03 1.604836463806456892e-02
4.900000000000000000e+03 1.618064940293050327e-02
4.910000000000000000e+03 1.631958719849716660e-02
4.920000000000000000e+03 1.646433074390103724e-02
4.930000000000000000e+03 1.661389643089802165e-02
4.940000000000000000e+03 1.676716881403785345e-02
4.950000000000000000e+03 1.692290978665046686e-02
4.960000000000000000e+03 1.707977198406008396e-02
4.970000000000000000e+03 1.723631551992472338e-02
4.980000000000000000e+03 1.739102687638209230e-02
4.990000000000000000e+03 1.754233869040344382e-02
5.000000000000000000e+03 1.768864931043304459e-02
5.010000000000000000e+03 1.782834133753233991e-02
5.020000000000000000e+03 1.795979880888291455e-02
5.030000000000000000e+03 1.808142310615163881e-02
5.040000000000000000e+03 1.819164802118785479e-02
5.050000000000000000e+03 1.828895460083062099e-02
5.060000000000000000e+03 1.837188639236465165e-02
5.070000000000000000e+03 1.843906557583378444e-02
5.080000000000000000e+03 1.848921030130272480e-02
5.090000000000000000e+03 1.852115338103732523e-02
5.100000000000000000e+03 1.853386228725868376e-02
5.110000000000000000e+03 1.852646021902778356e-02
5.120000000000000000e+03 1.849824785736011237e-02
5.130000000000000000e+03 1.844872523152228314e-02
5.140000000000000000e+03 1.837761285404040587e-02
5.150000000000000000e+03 1.828487101649377625e-02
5.160000000000000000e+03 1.817071590423478128e-02
5.170000000000000000e+03 1.803563102589931383e-02
5.180000000000000000e+03 1.788037243879024574e-02
5.190000000000000000e+03 1.770596644161180275e-02
5.200000000000000000e+03 1.751369885348741731e-02
5.210000000000000000e+03 1.730509567057924789e-02
5.220000000000000000e+03 1.708189563311553541e-02
5.230000000000000000e+03 1.684601589320487008e-02
5.240000000000000000e+03 1.659951246129444738e-02
5.250000000000000000e+03 1.634453734827759352e-02
5.260000000000000000e+03 1.608329427362224090e-02
5.270000000000000000e+03 1.581799451759885455e-02
5.280000000000000000e+03 1.555081404616727968e-02
5.290000000000000000e+03 1.528385263858623826e-02
5.300000000000000000e+03 1.501909554639773749e-02
5.310000000000000000e+03 1.475837819130839876e-02
5.320000000000000000e+03 1.450335464609170573e-02
5.330000000000000000e+03 1.425547111502103483e-02
5.340000000000000000e+03 1.401594610725043384e-02
5.350000000000000000e+03 1.378575924519981170e-02
5.360000000000000000e+03 1.356565051372074504e-02
5.370000000000000000e+03 1.335613113344356895e-02
5.380000000000000000e+03 1.315750616444028194e-02
5.390000000000000000e+03 1.296990759147412763e-02
5.400000000000000000e+03 1.279333526402271631e-02
5.410000000000000000e+03 1.262770193795505723e-02
5.420000000000000000e+03 1.247287805591821078e-02
5.430000000000000000e+03 1.232873198351877933e-02
5.440000000000000000e+03 1.219516216120337948e-02
5.450000000000000000e+03 1.207211890123228645e-02
5.460000000000000000e+03 1.195961510580052962e-02
5.470000000000000000e+03 1.185772667701321184e-02
5.480000000000000000e+03 1.176658457242741630e-02
5.490000000000000000e+03 1.168636118614379410e-02
5.500000000000000000e+03 1.161725395008560320e-02
5.510000000000000000e+03 1.155946877239731087e-02
5.520000000000000000e+03 1.151320530903672187e-02
5.530000000000000000e+03 1.147864528175999814e-02
5.540000000000000000e+03 1.145594425999507671e-02
5.550000000000000000e+03 1.144522662560053250e-02
5.560000000000000000e+03 1.144658292587542002e-02
5.570000000000000000e+03 1.146006854987809478e-02
5.580000000000000000e+03 1.148570262634879963e-02
5.590000000000000000e+03 1.152346619969313486e-02
5.600000000000000000e+03 1.157329907323396447e-02
5.610000000000000000e+03 1.163509517532529576e-02
5.620000000000000000e+03 1.170869679691997380e-02
5.630000000000000000e+03 1.179388844183035766e-02
5.640000000000000000e+03 1.189039126748418600e-02
5.650000000000000000e+03 1.199785911561325989e-02
5.660000000000000000e+03 1.211587686128018371e-02
5.670000000000000000e+03 1.224396134385077883e-02
5.680000000000000000e+03 1.238156463515474939e-02
5.690000000000000000e+03 1.252807894006001052e-02
5.700000000000000000e+03 1.268284211552152263e-02
5.710000000000000000e+03 1.284514272376577337e-02
5.720000000000000000e+03 1.301422370673340455e-02
5.730000000000000000e+03 1.318928413668033275e-02
5.740000000000000000e+03 1.336947899419165496e-02
5.750000000000000000e+03 1.355391742466934696e-02
5.760000000000000000e+03 1.374166029967759627e-02
5.770000000000000000e+03 1.393171809959800438e-02
5.780000000000000000e+03 1.412305010590381160e-02
5.790000000000000000e+03 1.431456566686080747e-02
5.800000000000000000e+03 1.450512795188881390e-02
5.810000000000000000e+03 1.469356018855536364e-02
5.820000000000000000e+03 1.487865396726100083e-02
5.830000000000000000e+03 1.505917889730381057e-02
5.840000000000000000e+03 1.523389276546574696e-02
5.850000000000000000e+03 1.540155141603232261e-02
5.860000000000000000e+03 1.556091785645325604e-02
5.870000000000000000e+03 1.571077052473172919e-02
5.880000000000000000e+03 1.584991106638286920e-02
5.890000000000000000e+03 1.597717224304427003e-02
5.900000000000000000e+03 1.609142671724533152e-02
5.910000000000000000e+03 1.619159739400517425e-02
5.920000000000000000e+03 1.627666971051974776e-02
5.930000000000000000e+03 1.634570582921086868e-02
5.940000000000000000e+03 1.639786023750664304e-02
5.950000000000000000e+03 1.643239587107256372e-02
5.960000000000000000e+03 1.644869963044222685e-02
5.970000000000000000e+03 1.644629613922703876e-02
5.980000000000000000e+03 1.642485880445323371e-02
5.990000000000000000e+03 1.638421761975698485e-02
6.000000000000000000e+03 1.632436362962555801e-02
6.010000000000000000e+03 1.624545047514636478e-02
6.020000000000000000e+03 1.614779386136943468e-02
6.030000000000000000e+03 1.603186997541737949e-02
6.040000000000000000e+03 1.589831380364264621e-02
6.050000000000000000e+03 1.574791798878618157e-02
6.060000000000000000e+03 1.558163236663644320e-02
6.070000000000000000e+03 1.540056371293237712e-02
6.080000000000000000e+03 1.520597464354766538e-02
6.090000000000000000e+03 1.499928021019851856e-02
6.100000000000000000e+03 1.478204064582735143e-02
6.110000000000000000e+03 1.455594894023032326e-02
6.120000000000000000e+03 1.432281239513418132e-02
6.130000000000000000e+03 1.408452792394914062e-02
6.140000000000000000e+03 1.384305152219381281e-02
6.150000000000000000e+03 1.360036291308068870e-02
6.160000000000000000e+03 1.335842677984110799e-02
6.170000000000000000e+03 1.311915222819433173e-02
6.180000000000000000e+03 1.288435220151677545e-02
6.190000000000000000e+03 1.265570457082017264e-02
6.200000000000000000e+03 1.243471662442238376e-02
6.210000000000000000e+03 1.222269469676009156e-02
6.220000000000000000e+03 1.202072066410228915e-02
6.230000000000000000e+03 1.182963693780738831e-02
6.240000000000000000e+03 1.165004134369574534e-02
6.250000000000000000e+03 1.148229283233583205e-02
6.260000000000000000e+03 1.132652828939363122e-02
6.270000000000000000e+03 1.118268983347032487e-02
6.280000000000000000e+03 1.105056098611755487e-02
6.290000000000000000e+03 1.092980913127253317e-02
6.300000000000000000e+03 1.082003093066404714e-02
6.310000000000000000e+03 1.072079698513848760e-02
6.320000000000000000e+03 1.063169211862597698e-02
6.330000000000000000e+03 1.055234821293113065e-02
6.340000000000000000e+03 1.048246744873484668e-02
6.350000000000000000e+03 1.042183494622311857e-02
6.360000000000000000e+03 1.037032097899746874e-02
6.370000000000000000e+03 1.032787400801551611e-02
6.380000000000000000e+03 1.029450661348340658e-02
6.390000000000000000e+03 1.027027691732024586e-02
6.400000000000000000e+03 1.025526826728935005e-02
6.410000000000000000e+03 1.024956978862875089e-02
6.420000000000000000e+03 1.025325992805218960e-02
6.430000000000000000e+03 1.026639439457217515e-02
6.440000000000000000e+03 1.028899902788710588e-02
6.450000000000000000e+03 1.032106721407080943e-02
6.460000000000000000e+03 1.036256067389392140e-02
6.470000000000000000e+03 1.041341191186346236e-02
6.480000000000000000e+03 1.047352642640837772e-02
6.490000000000000000e+03 1.054278298667031370e-02
6.500000000000000000e+03 1.062103083922557624e-02
6.510000000000000000e+03 1.070808349344544788e-02
6.520000000000000000e+03 1.080370959423033669e-02
6.530000000000000000e+03 1.090762216302727620e-02
6.540000000000000000e+03 1.101946802896784997e-02
6.550000000000000000e+03 1.113881947316161178e-02
6.560000000000000000e+03 1.126516992898521363e-02
6.570000000000000000e+03 1.139793504914726752e-02
6.580000000000000000e+03 1.153645966672324670e-02
6.590000000000000000e+03 1.168003028552255969e-02
6.600000000000000000e+03 1.182789189156552810e-02
6.610000000000000000e+03 1.197926720110799141e-02
6.620000000000000000e+03 1.213337602868234076e-02
6.630000000000000000e+03 1.228945233454081104e-02
6.640000000000000000e+03 1.244675672478650491e-02
6.650000000000000000e+03 1.260458271472876882e-02
6.660000000000000000e+03 1.276225585855743361e-02
6.670000000000000000e+03 1.291912578495447300e-02
6.680000000000000000e+03 1.307455213319427302e-02
6.690000000000000000e+03 1.322788621962299634e-02
6.700000000000000000e+03 1.337845087922927799e-02
6.710000000000000000e+03 1.352552125355840386e-02
6.720000000000000000e+03 1.366830928904460597e-02
6.730000000000000000e+03 1.380595437669189171e-02
6.740000000000000000e+03 1.393752195763373405e-02
6.750000000000000000e+03 1.406201111941210967e-02
6.760000000000000000e+03 1.417837133550706695e-02
6.770000000000000000e+03 1.428552765436643009e-02
6.780000000000000000e+03 1.438241285265230186e-02
6.790000000000000000e+03 1.446800437863988813e-02
6.800000000000000000e+03 1.454136339833075192e-02
6.810000000000000000e+03 1.460167294329733911e-02
6.820000000000000000e+03 1.464827206461807516e-02
6.830000000000000000e+03 1.468068306187177152e-02
6.840000000000000000e+03 1.469862930947439701e-02
6.850000000000000000e+03 1.470204196191825415e-02
6.860000000000000000e+03 1.469105482756870480e-02
6.870000000000000000e+03 1.466598784974205115e-02
6.880000000000000000e+03 1.462732080962423492e-02
6.890000000000000000e+03 1.457565991868502338e-02
6.900000000000000000e+03 1.451170072754750205e-02
6.910000000000000000e+03 1.443619111702648498e-02
6.920000000000000000e+03 1.434989801631187528e-02
6.930000000000000000e+03 1.425358094770227436e-02
6.940000000000000000e+03 1.414797457814979433e-02
6.950000000000000000e+03 1.403378126356452475e-02
6.960000000000000000e+03 1.391167327606571656e-02
6.970000000000000000e+03 1.378230319793056699e-02
6.980000000000000000e+03 1.364632001868766251e-02
6.990000000000000000e+03 1.350438790399088179e-02
7.000000000000000000e+03 1.335720449245761908e-02
7.010000000000000000e+03 1.320551591520512449e-02
7.020000000000000000e+03 1.305012642168685254e-02
7.030000000000000000e+03 1.289190139008550978e-02
7.040000000000000000e+03 1.273176344918486823e-02
7.050000000000000000e+03 1.257068232617905394e-02
7.060000000000000000e+03 1.240965978066177304e-02
7.070000000000000000e+03 1.224971151688151842e-02
7.080000000000000000e+03 1.209184821921913469e-02
7.090000000000000000e+03 1.193705780375304074e-02
7.100000000000000000e+03 1.178629065275865057e-02
7.110000000000000000e+03 1.164044902963634782e-02
7.120000000000000000e+03 1.150038108328133891e-02
7.130000000000000000e+03 1.136687896022465886e-02
7.140000000000000000e+03 1.124067972039837979e-02
7.150000000000000000e+03 1.112246718292100520e-02
7.160000000000000000e+03 1.101287267134888267e-02
7.170000000000000000e+03 1.091247292631996289e-02
7.180000000000000000e+03 1.082178411604492116e-02
7.190000000000000000e+03 1.074125173375676222e-02
7.200000000000000000e+03 1.067123706112860226e-02
7.210000000000000000e+03 1.061200164685638728e-02
7.220000000000000000e+03 1.056369175894502146e-02
7.230000000000000000e+03 1.052632495138502121e-02
7.240000000000000000e+03 1.049978075462021029e-02
7.250000000000000000e+03 1.048379710251388236e-02
7.260000000000000000e+03 1.047797348880140714e-02
7.270000000000000000e+03 1.048178108297390110e-02
7.280000000000000000e+03 1.049457935664043114e-02
7.290000000000000000e+03 1.051563834685390400e-02
7.300000000000000000e+03 1.054416524935207489e-02
7.310000000000000000e+03 1.057933325946383736e-02
7.320000000000000000e+03 1.062031014177707011e-02
7.330000000000000000e+03 1.066628456805315470e-02
7.340000000000000000e+03 1.071648883185730150e-02
7.350000000000000000e+03 1.077021664653848160e-02
7.360000000000000000e+03 1.082683490011381380e-02
7.370000000000000000e+03 1.088578891461033579e-02
7.380000000000000000e+03 1.094660140287220806e-02
7.390000000000000000e+03 1.100886564162182994e-02
7.400000000000000000e+03 1.107223413172141006e-02
7.410000000000000000e+03 1.113640466215535564e-02
7.420000000000000000e+03 1.120110563350189617e-02
7.430000000000000000e+03 1.126608217690840304e-02
7.440000000000000000e+03 1.133108430191527224e-02
7.450000000000000000e+03 1.139585793209217483e-02
7.460000000000000000e+03 1.146013924181364316e-02
7.470000000000000000e+03 1.152365216443976791e-02
7.480000000000000000e+03 1.158610823618444301e-02
7.490000000000000000e+03 1.164720774252546789e-02
7.500000000000000000e+03 1.170664171102110164e-02
7.510000000000000000e+03 1.176409452437444936e-02
7.520000000000000000e+03 1.181924653557944391e-02
7.530000000000000000e+03 1.187177646215912229e-02
7.540000000000000000e+03 1.192136372442736784e-02
7.550000000000000000e+03 1.196769066227116804e-02
7.560000000000000000e+03 1.201044457279886249e-02
7.570000000000000000e+03 1.204931945392220816e-02
7.580000000000000000e+03 1.208401708373255459e-02
7.590000000000000000e+03 1.211424706031830577e-02
7.600000000000000000e+03 1.213972554968674629e-02
7.610000000000000000e+03 1.216017272815471569e-02
7.620000000000000000e+03 1.217530937869526313e-02
7.630000000000000000e+03 1.218485355508621727e-02
7.640000000000000000e+03 1.218851854506199268e-02
7.650000000000000000e+03 1.218601359497398749e-02
7.660000000000000000e+03 1.217704874063455997e-02
7.670000000000000000e+03 1.216134442894482512e-02
7.680000000000000000e+03 1.213864583574619273e-02
7.690000000000000000e+03 1.210874097298399524e-02
7.700000000000000000e+03 1.207148070453750027e-02
7.710000000000000000e+03 1.202679811528365415e-02
7.720000000000000000e+03 1.197472467871607722e-02
7.730000000000000000e+03 1.191540117672520820e-02
7.740000000000000000e+03 1.184908210349590318e-02
7.750000000000000000e+03 1.177613339260302240e-02
7.760000000000000000e+03 1.169702434663598065e-02
7.770000000000000000e+03 1.161231543756314002e-02
7.780000000000000000e+03 1.152264410876859164e-02
7.790000000000000000e+03 1.142871070309414011e-02
7.800000000000000000e+03 1.133126611984822292e-02
7.810000000000000000e+03 1.123110200342835978e-02
7.820000000000000000e+03 1.112904345729800147e-02
7.830000000000000000e+03 1.102594335952974611e-02
7.840000000000000000e+03 1.092267667854233265e-02
7.850000000000000000e+03 1.082013305722714577e-02
7.860000000000000000e+03 1.071920608781814707e-02
7.870000000000000000e+03 1.062077813371316466e-02
7.880000000000000000e+03 1.052570054837813178e-02
7.890000000000000000e+03 1.043477028584996816e-02
7.900000000000000000e+03 1.034870487938934283e-02
7.910000000000000000e+03 1.026811856860642205e-02
7.920000000000000000e+03 1.019350262458535751e-02
7.930000000000000000e+03 1.012521263834560009e-02
7.940000000000000000e+03 1.006346489673684737e-02
7.950000000000000000e+03 1.000834270705539854e-02
7.960000000000000000e+03 9.959812162672986371e-03
7.970000000000000000e+03 9.917745196526911444e-03
7.980000000000000000e+03 9.881946323512568256e-03
7.990000000000000000e+03 9.852179301451458385e-03
8.000000000000000000e+03 9.828190453508932334e-03
8.010000000000000000e+03 9.809726172294629468e-03
8.020000000000000000e+03 9.796543345227242197e-03
8.030000000000000000e+03 9.788413134862490247e-03
8.040000000000000000e+03 9.785120119446308329e-03
8.050000000000000000e+03 9.786459459485405410e-03
8.060000000000000000e+03 9.792234941898538686e-03
8.070000000000000000e+03 9.802260337785698857e-03
8.080000000000000000e+03 9.816365582927241706e-03
8.090000000000000000e+03 9.834407708828598119e-03
8.100000000000000000e+03 9.856284845599824415e-03
8.110000000000000000e+03 9.881950502187611396e-03
8.120000000000000000e+03 9.911424674465955584e-03
8.130000000000000000e+03 9.944799099083207611e-03
8.140000000000000000e+03 9.982234646482301271e-03
8.150000000000000000e+03 1.002394996994046376e-02
8.160000000000000000e+03 1.007020236599048824e-02
8.170000000000000000e+03 1.012126309370145472e-02
8.180000000000000000e+03 1.017739011531368018e-02
8.190000000000000000e+03 1.023880126202123854e-02
8.200000000000000000e+03 1.030565022572545869e-02
8.210000000000000000e+03 1.037800708360005555e-02
8.220000000000000000e+03 1.045584434700617786e-02
8.230000000000000000e+03 1.053902863089423679e-02
8.240000000000000000e+03 1.062731739409162289e-02
8.250000000000000000e+03 1.072035969836213076e-02
8.260000000000000000e+03 1.081769947621640665e-02
8.270000000000000000e+03 1.091878030060520165e-02
8.280000000000000000e+03 1.102295137061122532e-02
8.290000000000000000e+03 1.112947460935483600e-02
8.300000000000000000e+03 1.123753310222055761e-02
8.310000000000000000e+03 1.134624123005231570e-02
8.320000000000000000e+03 1.145465675578686247e-02
8.330000000000000000e+03 1.156179547565447385e-02
8.340000000000000000e+03 1.166664913230810834e-02
8.350000000000000000e+03 1.176820625413013167e-02
8.360000000000000000e+03 1.186547443779308042e-02
8.370000000000000000e+03 1.195750253887072762e-02
8.380000000000000000e+03 1.204340138376746444e-02
8.390000000000000000e+03 1.212236145379061956e-02
8.400000000000000000e+03 1.219366624280386786e-02
8.410000000000000000e+03 1.225670077838741760e-02
8.420000000000000000e+03 1.231095547595907266e-02
8.430000000000000000e+03 1.235602588269161736e-02
8.440000000000000000e+03 1.239160942302681284e-02
8.450000000000000000e+03 1.241750075456292748e-02
8.460000000000000000e+03 1.243358710871367810e-02
8.470000000000000000e+03 1.243984447914908524e-02
8.480000000000000000e+03 1.243633513829435315e-02
8.490000000000000000e+03 1.242320630595869155e-02
8.500000000000000000e+03 1.240068925380089816e-02
8.510000000000000000e+03 1.236909778558339251e-02
8.520000000000000000e+03 1.232882464246148023e-02
8.530000000000000000e+03 1.228033456417692085e-02
8.540000000000000000e+03 1.222415333213754118e-02
8.550000000000000000e+03 1.216085274668423678e-02
8.560000000000000000e+03 1.209103212680672640e-02
8.570000000000000000e+03 1.201529770404852898e-02
8.580000000000000000e+03 1.193424237722939124e-02
8.590000000000000000e+03 1.184842886835175274e-02
8.600000000000000000e+03 1.175837876476982374e-02
8.610000000000000000e+03 1.166456916579024922e-02
8.620000000000000000e+03 1.156743797160010752e-02
8.630000000000000000e+03 1.146739774268423946e-02
8.640000000000000000e+03 1.136485663913945621e-02
8.650000000000000000e+03 1.126024349143845901e-02
8.660000000000000000e+03 1.115403326665505290e-02
8.670000000000000000e+03 1.104676914004203668e-02
8.680000000000000000e+03 1.093907745080840467e-02
8.690000000000000000e+03 1.083167232226502422e-02
8.700000000000000000e+03 1.072534815929620904e-02
8.710000000000000000e+03 1.062096001497146031e-02
8.720000000000000000e+03 1.051939326770389913e-02
8.730000000000000000e+03 1.042152552495668495e-02
8.740000000000000000e+03 1.032818490519584777e-02
8.750000000000000000e+03 1.024010937038056721e-02
8.760000000000000000e+03 1.015791174578897262e-02
8.770000000000000000e+03 1.008205466539395176e-02
8.780000000000000000e+03 1.001283856567995213e-02
8.790000000000000000e+03 9.950404061798730562e-03
8.800000000000000000e+03 9.894748130786997636e-03
8.810000000000000000e+03 9.845751634871512809e-03
8.820000000000000000e+03 9.803214220772463877e-03
8.830000000000000000e+03 9.766891632548650379e-03
8.840000000000000000e+03 9.736529901921843477e-03
8.850000000000000000e+03 9.711891619298645625e-03
8.860000000000000000e+03 9.692771188998172346e-03
8.870000000000000000e+03 9.678997727528840939e-03
8.880000000000000000e+03 9.670426499172504742e-03
8.890000000000000000e+03 9.666922407332776551e-03
8.900000000000000000e+03 9.668340448269946430e-03
8.910000000000000000e+03 9.674507857470048683e-03
8.920000000000000000e+03 9.685212283057286278e-03
8.930000000000000000e+03 9.700199178021095756e-03
8.940000000000000000e+03 9.719179458362299170e-03
8.950000000000000000e+03 9.741846323819873879e-03
8.960000000000000000e+03 9.767898321950085200e-03
8.970000000000000000e+03 9.797064569389196675e-03
8.980000000000000000e+03 9.829127617649457624e-03
8.990000000000000000e+03 9.863939589316927242e-03
9.000000000000000000e+03 9.901428164632674125e-03
9.010000000000000000e+03 9.941590943148365112e-03
9.020000000000000000e+03 9.984478797758943730e-03
9.030000000000000000e+03 1.003017054700242570e-02
9.040000000000000000e+03 1.007874264762020911e-02
9.050000000000000000e+03 1.013023810222038121e-02
9.060000000000000000e+03 1.018463855274185856e-02
9.070000000000000000e+03 1.024184309059707025e-02
9.080000000000000000e+03 1.030165608969573626e-02
9.090000000000000000e+03 1.036378454942234531e-02
9.100000000000000000e+03 1.042784412258761055e-02
9.110000000000000000e+03 1.049337195682696448e-02
9.120000000000000000e+03 1.055984368625267726e-02
9.130000000000000000e+03 1.062669196421974285e-02
9.140000000000000000e+03 1.069332443858180860e-02
9.150000000000000000e+03 1.075913946010719456e-02
9.160000000000000000e+03 1.082353836886581523e-02
9.170000000000000000e+03 1.088593414477889015e-02
9.180000000000000000e+03 1.094575704758820461e-02
9.190000000000000000e+03 1.100245794859460932e-02
9.200000000000000000e+03 1.105550990470902280e-02
9.210000000000000000e+03 1.110440874899572099e-02
9.220000000000000000e+03 1.114867371652299675e-02
9.230000000000000000e+03 1.118784898882807868e-02
9.240000000000000000e+03 1.122150661157972351e-02
9.250000000000000000e+03 1.124925106527351233e-02
9.260000000000000000e+03 1.127072581470594734e-02
9.270000000000000000e+03 1.128562180277236683e-02
9.280000000000000000e+03 1.129368725965109940e-02
9.290000000000000000e+03 1.129473782456306627e-02
9.300000000000000000e+03 1.128866578221575726e-02
9.310000000000000000e+03 1.127544716296742001e-02
9.320000000000000000e+03 1.125514539457296050e-02
9.330000000000000000e+03 1.122791065092805171e-02
9.340000000000000000e+03 1.119397508158356119e-02
9.350000000000000000e+03 1.115364475706617439e-02
9.360000000000000000e+03 1.110728979106270255e-02
9.370000000000000000e+03 1.105533474919048742e-02
9.380000000000000000e+03 1.099825122019443442e-02
9.390000000000000000e+03 1.093655373900446863e-02
9.400000000000000000e+03 1.087079977788484725e-02
9.410000000000000000e+03 1.080159322184416973e-02
9.420000000000000000e+03 1.072958865257355246e-02
9.430000000000000000e+03 1.065549289220947722e-02
9.440000000000000000e+03 1.058006100858960991e-02
9.450000000000000000e+03 1.050408515760953981e-02
9.460000000000000000e+03 1.042837587356975834e-02
9.470000000000000000e+03 1.035373691049552500e-02
9.480000000000000000e+03 1.028093571524282650e-02
9.490000000000000000e+03 1.021067322205048214e-02
9.500000000000000000e+03 1.014355830643865267e-02
9.510000000000000000e+03 1.008009061556068564e-02
9.520000000000000000e+03 1.002065269085642557e-02
9.530000000000000000e+03 9.965511722270553943e-03
9.540000000000000000e+03 9.914830466648571691e-03
9.550000000000000000e+03 9.868684414851256609e-03
9.560000000000000000e+03 9.827080866038799892e-03
9.570000000000000000e+03 9.789976368678215274e-03
9.580000000000000000e+03 9.757290420904190034e-03
9.590000000000000000e+03 9.728914437035808549e-03
9.600000000000000000e+03 9.704716554057413180e-03
9.610000000000000000e+03 9.684544182623901903e-03
9.620000000000000000e+03 9.668226624905964031e-03
9.630000000000000000e+03 9.655580350902937328e-03
9.640000000000000000e+03 9.646418627899099388e-03
9.650000000000000000e+03 9.640565252225412676e-03
9.660000000000000000e+03 9.637870668455561507e-03
9.670000000000000000e+03 9.638227930211334255e-03
9.680000000000000000e+03 9.641585505708103257e-03
9.690000000000000000e+03 9.647954390279104425e-03
9.700000000000000000e+03 9.657408238659700647e-03
9.710000000000000000e+03 9.670076323281191419e-03
9.720000000000000000e+03 9.686130810156519388e-03
9.730000000000000000e+03 9.705770748116574614e-03
9.740000000000000000e+03 9.729204650033866988e-03
9.750000000000000000e+03 9.756633665118282298e-03
9.760000000000000000e+03 9.788236602604243053e-03
9.770000000000000000e+03 9.824157363742652346e-03
9.780000000000000000e+03 9.864495421558407140e-03
9.790000000000000000e+03 9.909299064077312785e-03
9.800000000000000000e+03 9.958560548767012716e-03
9.810000000000000000e+03 1.001221313208241516e-02
9.820000000000000000e+03 1.007013011484140901e-02
9.830000000000000000e+03 1.013212565713304467e-02
9.840000000000000000e+03 1.019795725875951263e-02
9.850000000000000000e+03 1.026732958972114036e-02
9.860000000000000000e+03 1.033989895173108298e-02
9.870000000000000000e+03 1.041527780164367908e-02
9.880000000000000000e+03 1.049303849692429999e-02
9.890000000000000000e+03 1.057271568756677077e-02
9.900000000000000000e+03 1.065380736510328913e-02
9.910000000000000000e+03 1.073577455712947798e-02
9.920000000000000000e+03 1.081804022386229948e-02
9.930000000000000000e+03 1.089998877913941205e-02
9.940000000000000000e+03 1.098096770190540479e-02
9.950000000000000000e+03 1.106029227764521693e-02
9.960000000000000000e+03 1.113725411226430297e-02
9.970000000000000000e+03 1.121113376539391998e-02
9.980000000000000000e+03 1.128121669688661628e-02
9.990000000000000000e+03 1.134681097231508666e-02
1.000000000000000000e+04 1.140726514455304638e-02
1.001000000000000000e+04 1.146198413914922137e-02
1.002000000000000000e+04 1.151044159698025662e-02
1.003000000000000000e+04 1.155218751357248164e-02
1.004000000000000000e+04 1.158685012655755360e-02
1.005000000000000000e+04 1.161413248399002611e-02
1.006000000000000000e+04 1.163380481929286725e-02
1.007000000000000000e+04 1.164569402941404049e-02
1.008000000000000000e+04 1.164967273450063720e-02
1.009000000000000000e+04 1.164564972771117701e-02
1.010000000000000000e+04 1.163356330053660209e-02
1.011000000000000000e+04 1.161337943068148533e-02
1.012000000000000000e+04 1.158509557298541617e-02
1.013000000000000000e+04 1.154874902769903108e-02
1.014000000000000000e+04 1.150442873775515268e-02
1.015000000000000000e+04 1.145228931491270967e-02
1.016000000000000000e+04 1.139256472897285863e-02
1.017000000000000000e+04 1.132557871064625646e-02
1.018000000000000000e+04 1.125174953866146452e-02
1.019000000000000000e+04 1.117158785173793037e-02
1.020000000000000000e+04 1.108568700259761168e-02
1.021000000000000000e+04 1.099470620080600890e-02
1.022000000000000000e+04 1.089934807577092567e-02
1.023000000000000000e+04 1.080033324846354191e-02
1.024000000000000000e+04 1.069837482460005151e-02
1.025000000000000000e+04 1.059415651785493816e-02
1.026000000000000000e+04 1.048831752243781397e-02
1.027000000000000000e+04 1.038144614208765665e-02
1.028000000000000000e+04 1.027408339177618424e-02
1.029000000000000000e+04 1.016673553019143382e-02
1.030000000000000000e+04 1.005989270956821925e-02
1.031000000000000000e+04 9.954049508331001828e-03
1.032000000000000000e+04 9.849722107773758659e-03
1.033000000000000000e+04 9.747457181734617976e-03
1.034000000000000000e+04 9.647829381903588741e-03
1.035000000000000000e+04 9.551426647355710717e-03
1.036000000000000000e+04 9.458824840900482284e-03
1.037000000000000000e+04 9.370555745872638856e-03
1.038000000000000000e+04 9.287074447711532107e-03
1.039000000000000000e+04 9.208732863874276656e-03
1.040000000000000000e+04 9.135764707443689778e-03
1.041000000000000000e+04 9.068284650880444400e-03
1.042000000000000000e+04 9.006302391962034762e-03
1.043000000000000000e+04 8.949750002920043787e-03
1.044000000000000000e+04 8.898518358380951010e-03
1.045000000000000000e+04 8.852497250880407564e-03
1.046000000000000000e+04 8.811613740314029955e-03
1.047000000000000000e+04 8.775863733686354792e-03
1.048000000000000000e+04 8.745333222868863221e-03
1.049000000000000000e+04 8.720207516059168273e-03
1.050000000000000000e+04 8.700768215465120789e-03
1.051000000000000000e+04 8.687379145534249864e-03
1.052000000000000000e+04 8.680463433064255704e-03
1.053000000000000000e+04 8.680474061222491142e-03
1.054000000000000000e+04 8.687860808937103441e-03
1.055000000000000000e+04 8.703036348052866841e-03
1.056000000000000000e+04 8.726343502532114133e-03
1.057000000000000000e+04 8.758026211066888278e-03
1.058000000000000000e+04 8.798207119967019554e-03
1.059000000000000000e+04 8.846874054124770001e-03
1.060000000000000000e+04 8.903876974706763023e-03
1.061000000000000000e+04 8.968936364839882533e-03
1.062000000000000000e+04 9.041662842815307785e-03
1.063000000000000000e+04 9.121585941877423040e-03
1.064000000000000000e+04 9.208188430058215565e-03
1.065000000000000000e+04 9.300942010663811391e-03
1.066000000000000000e+04 9.399340016422624497e-03
1.067000000000000000e+04 9.502922891879024211e-03
1.068000000000000000e+04 9.611293117876147998e-03
1.069000000000000000e+04 9.724117688758025443e-03
1.070000000000000000e+04 9.841118209947983739e-03
1.071000000000000000e+04 9.962050500935340155e-03
1.072000000000000000e+04 1.008667657985568358e-02
1.073000000000000000e+04 1.021473291460642946e-02
1.074000000000000000e+04 1.034589983678714693e-02
1.075000000000000000e+04 1.047977637699991707e-02
1.076000000000000000e+04 1.061586326847822198e-02
1.077000000000000000e+04 1.075355590781302759e-02
1.078000000000000000e+04 1.089214769545158480e-02
1.079000000000000000e+04 1.103084230740083646e-02
1.080000000000000000e+04 1.116877246557901153e-02
1.081000000000000000e+04 1.130502261404184652e-02
1.082000000000000000e+04 1.143865268448204971e-02
1.083000000000000000e+04 1.156872010986214651e-02
1.084000000000000000e+04 1.169429800846691174e-02
1.085000000000000000e+04 1.181448856498722687e-02
1.086000000000000000e+04 1.192843139447592737e-02
1.087000000000000000e+04 1.203530747647538375e-02
1.088000000000000000e+04 1.213434025884653315e-02
1.089000000000000000e+04 1.222479617455386747e-02
1.090000000000000000e+04 1.230598695397659183e-02
1.091000000000000000e+04 1.237727585388779042e-02
1.092000000000000000e+04 1.243808892886547751e-02
1.093000000000000000e+04 1.248793112000712302e-02
1.094000000000000000e+04 1.252640569975051535e-02
1.095000000000000000e+04 1.255323444169139345e-02
1.096000000000000000e+04 1.256827481635993705e-02
1.097000000000000000e+04 1.257153043516030626e-02
1.098000000000000000e+04 1.256315193024130049e-02
1.099000000000000000e+04 1.254342692211258062e-02
1.100000000000000000e+04 1.251275936593577130e-02
1.101000000000000000e+04 1.247164026935692650e-02
1.102000000000000000e+04 1.242061340498020437e-02
1.103000000000000000e+04 1.236024050028322087e-02
1.104000000000000000e+04 1.229107051802604683e-02
1.105000000000000000e+04 1.221361695485439700e-02
1.106000000000000000e+04 1.212834578697522155e-02
1.107000000000000000e+04 1.203567513471178428e-02
1.108000000000000000e+04 1.193598597832392326e-02
1.109000000000000000e+04 1.182964150892341741e-02
1.110000000000000000e+04 1.171701161997512446e-02
1.111000000000000000e+04 1.159849864820446455e-02
1.112000000000000000e+04 1.147456062939597454e-02
1.113000000000000000e+04 1.134572911703260294e-02
1.114000000000000000e+04 1.121261971732281405e-02
1.115000000000000000e+04 1.107593465643526114e-02
1.116000000000000000e+04 1.093645767000761548e-02
1.117000000000000000e+04 1.079504232120214943e-02
1.118000000000000000e+04 1.065259555090350592e-02
1.119000000000000000e+04 1.051005840560109358e-02
1.120000000000000000e+04 1.036838567412557560e-02
1.121000000000000000e+04 1.022852597359246406e-02
1.122000000000000000e+04 1.009140350337830137e-02
1.123000000000000000e+04 9.957902266810501890e-03
1.124000000000000000e+04 9.828853132930293751e-03
1.125000000000000000e+04 9.705023488484045002e-03
1.126000000000000000e+04 9.587108915312414839e-03
1.127000000000000000e+04 9.475726453667492749e-03
1.128000000000000000e+04 9.371408922285006521e-03
1.129000000000000000e+04 9.274599882426733805e-03
1.130000000000000000e+04 9.185649239107694305e-03
1.131000000000000000e+04 9.104809782189549408e-03
1.132000000000000000e+04 9.032235411014886625e-03
1.133000000000000000e+04 8.967982159926449898e-03
1.134000000000000000e+04 8.912013341401809480e-03
1.135000000000000000e+04 8.864209913316951212e-03
1.136000000000000000e+04 8.824386586962487330e-03
1.137000000000000000e+04 8.792313426747428579e-03
1.138000000000000000e+04 8.767741657158623428e-03
1.139000000000000000e+04 8.750431209436467656e-03
1.140000000000000000e+04 8.740176661351659743e-03
1.141000000000000000e+04 8.736827836987292803e-03
1.142000000000000000e+04 8.740301946121700749e-03
1.143000000000000000e+04 8.750585151008277024e-03
1.144000000000000000e+04 8.767723174321078242e-03
1.145000000000000000e+04 8.791802196765707497e-03
1.146000000000000000e+04 8.822923023054721203e-03
1.147000000000000000e+04 8.861172590339938884e-03
1.148000000000000000e+04 8.906597212082008677e-03
1.149000000000000000e+04 8.959181442827786682e-03
1.150000000000000000e+04 9.018835387468766493e-03
1.151000000000000000e+04 9.085392005780443259e-03
1.152000000000000000e+04 9.158614099092739907e-03
1.153000000000000000e+04 9.238208822009475601e-03
1.154000000000000000e+04 9.323846317228691449e-03
1.155000000000000000e+04 9.415178637141863316e-03
1.156000000000000000e+04 9.511855317770630605e-03
1.157000000000000000e+04 9.613532966308810032e-03
1.158000000000000000e+04 9.719877490236393178e-03
1.159000000000000000e+04 9.830558974421008817e-03
1.160000000000000000e+04 9.945240475254635282e-03
1.161000000000000000e+04 1.006356303747885962e-02
1.162000000000000000e+04 1.018512958981106394e-02
1.163000000000000000e+04 1.030948981767653913e-02
1.164000000000000000e+04 1.043612778640952247e-02
1.165000000000000000e+04 1.056445368982858110e-02
1.166000000000000000e+04 1.069380083262787794e-02
1.167000000000000000e+04 1.082342878086605883e-02
1.168000000000000000e+04 1.095253318811839627e-02
1.169000000000000000e+04 1.108026212728343771e-02
1.170000000000000000e+04 1.120573827199134072e-02
1.171000000000000000e+04 1.132808545511170169e-02
1.172000000000000000e+04 1.144645711746741096e-02
1.173000000000000000e+04 1.156006344006944159e-02
1.174000000000000000e+04 1.166819372010718947e-02
1.175000000000000000e+04 1.177023097739499959e-02
1.176000000000000000e+04 1.186565681693313792e-02
1.177000000000000000e+04 1.195404585565262162e-02
1.178000000000000000e+04 1.203505082242138820e-02
1.179000000000000000e+04 1.210838101043629905e-02
1.180000000000000000e+04 1.217377782921738594e-02
1.181000000000000000e+04 1.223099178555435255e-02
1.182000000000000000e+04 1.227976482913976063e-02
1.183000000000000000e+04 1.231982096467110904e-02
1.184000000000000000e+04 1.235086669348456692e-02
1.185000000000000000e+04 1.237260091877643263e-02
1.186000000000000000e+04 1.238473229182416452e-02
1.187000000000000000e+04 1.238700079768650236e-02
1.188000000000000000e+04 1.237920011536969636e-02
1.189000000000000000e+04 1.236119760574352217e-02
1.190000000000000000e+04 1.233294958122008698e-02
1.191000000000000000e+04 1.229451076274864184e-02
1.192000000000000000e+04 1.224603785560607512e-02
1.193000000000000000e+04 1.218778804485704491e-02
1.194000000000000000e+04 1.212011356038725750e-02
1.195000000000000000e+04 1.204345301515795212e-02
1.196000000000000000e+04 1.195831976941317057e-02
1.197000000000000000e+04 1.186528723216269572e-02
1.198000000000000000e+04 1.176497121527356193e-02
1.199000000000000000e+04 1.165801008191549339e-02
1.200000000000000000e+04 1.154504448797317485e-02
1.201000000000000000e+04 1.142669953199117530e-02
1.202000000000000000e+04 1.130357259175763206e-02
1.203000000000000000e+04 1.117623001240641845e-02
1.204000000000000000e+04 1.104521486133265909e-02
1.205000000000000000e+04 1.091106584343870360e-02
1.206000000000000000e+04 1.077434500606612097e-02
1.207000000000000000e+04 1.063566990855570500e-02
1.208000000000000000e+04 1.049574416555058148e-02
1.209000000000000000e+04 1.035537977059713434e-02
1.210000000000000000e+04 1.021550562250599960e-02
1.211000000000000000e+04 1.007715874506634121e-02
1.212000000000000000e+04 9.941457313705097387e-03
1.213000000000000000e+04 9.809557750342983926e-03
1.214000000000000000e+04 9.682600978259365415e-03
1.215000000000000000e+04 9.561654669875111270e-03
1.216000000000000000e+04 9.447658620810794536e-03
1.217000000000000000e+04 9.341379597540215574e-03
1.218000000000000000e+04 9.243380202720299574e-03
1.219000000000000000e+04 9.154004208862141431e-03
1.220000000000000000e+04 9.073378635750934534e-03
1.221000000000000000e+04 9.001431092086864885e-03
1.222000000000000000e+04 8.937919942931946832e-03
1.223000000000000000e+04 8.882474120929378936e-03
1.224000000000000000e+04 8.834638825090187705e-03
1.225000000000000000e+04 8.793923050121006668e-03
1.226000000000000000e+04 8.759844750845116254e-03
1.227000000000000000e+04 8.731969713743724729e-03
1.228000000000000000e+04 8.709940837609625106e-03
1.229000000000000000e+04 8.693495882484318996e-03
1.230000000000000000e+04 8.682473419509856988e-03
1.231000000000000000e+04 8.676808378996148097e-03
1.232000000000000000e+04 8.676519796585277500e-03
1.233000000000000000e+04 8.681693851419713254e-03
1.234000000000000000e+04 8.692464899364940600e-03
1.235000000000000000e+04 8.708996210253156997e-03
1.236000000000000000e+04 8.731461022417586273e-03
1.237000000000000000e+04 8.760023612747698529e-03
1.238000000000000000e+04 8.794819705508993835e-03
1.239000000000000000e+04 8.835935894563192242e-03
1.240000000000000000e+04 8.883388609508118330e-03
1.241000000000000000e+04 8.937104300373645629e-03
1.242000000000000000e+04 8.996903483831272461e-03
1.243000000000000000e+04 9.062491714324862058e-03
1.244000000000000000e+04 9.133460300046521846e-03
1.245000000000000000e+04 9.209298604574327543e-03
1.246000000000000000e+04 9.289418001445294212e-03
1.247000000000000000e+04 9.373185410827350461e-03
1.248000000000000000e+04 9.459962296131572967e-03
1.249000000000000000e+04 9.549143604271727662e-03
1.250000000000000000e+04 9.640190600664511056e-03
1.251000000000000000e+04 9.732652374115248819e-03
1.252000000000000000e+04 9.826172609228377153e-03
1.253000000000000000e+04 9.920480810547855147e-03
1.254000000000000000e+04 1.001536982465115778e-02
1.255000000000000000e+04 1.011066379978233301e-02
1.256000000000000000e+04 1.020618238919341128e-02
1.257000000000000000e+04 1.030170728886350279e-02
1.258000000000000000e+04 1.039695626517098646e-02
1.259000000000000000e+04 1.049156832595411933e-02
1.260000000000000000e+04 1.058510171087375176e-02
1.261000000000000000e+04 1.067704417256926976e-02
1.262000000000000000e+04 1.076683330937330818e-02
1.263000000000000000e+04 1.085388364819424648e-02
1.264000000000000000e+04 1.093761651018748844e-02
1.265000000000000000e+04 1.101748896592665006e-02
1.266000000000000000e+04 1.109301873244829956e-02
1.267000000000000000e+04 1.116380289861064988e-02
1.268000000000000000e+04 1.122952914824710234e-02
1.269000000000000000e+04 1.128997887966217903e-02
1.270000000000000000e+04 1.134502223574879697e-02
1.271000000000000000e+04 1.139460558622429689e-02
1.272000000000000000e+04 1.143873239375974536e-02
1.273000000000000000e+04 1.147743875603730694e-02
1.274000000000000000e+04 1.151076553950692964e-02
1.275000000000000000e+04 1.153872964028456252e-02
1.276000000000000000e+04 1.156129743049225111e-02
1.277000000000000000e+04 1.157836396432665969e-02
1.278000000000000000e+04 1.158974146530075862e-02
1.279000000000000000e+04 1.159515990217658762e-02
1.280000000000000000e+04 1.159428120197785080e-02
1.281000000000000000e+04 1.158672687864140301e-02
1.282000000000000000e+04 1.157211684340387833e-02
1.283000000000000000e+04 1.155011498177947217e-02
1.284000000000000000e+04 1.152047557751195023e-02
1.285000000000000000e+04 1.148308426693425005e-02
1.286000000000000000e+04 1.143798748618589899e-02
1.287000000000000000e+04 1.138540618656751213e-02
1.288000000000000000e+04 1.132573219756867998e-02
1.289000000000000000e+04 1.125950845364532063e-02
1.290000000000000000e+04 1.118739676747472662e-02
1.291000000000000000e+04 1.111013849735512787e-02
1.292000000000000000e+04 1.102851384142962236e-02
1.293000000000000000e+04 1.094330491242118987e-02
1.294000000000000000e+04 1.085526619892676452e-02
1.295000000000000000e+04 1.076510422016307110e-02
1.296000000000000000e+04 1.067346633983919796e-02
1.297000000000000000e+04 1.058093778046910634e-02
1.298000000000000000e+04 1.048804519256307452e-02
1.299000000000000000e+04 1.039526513426413008e-02
1.300000000000000000e+04 1.030303595342400673e-02
1.301000000000000000e+04 1.021177181598089539e-02
1.302000000000000000e+04 1.012187747109576617e-02
1.303000000000000000e+04 1.003376229397879953e-02
1.304000000000000000e+04 9.947851668221699070e-03
1.305000000000000000e+04 9.864593533586854882e-03
1.306000000000000000e+04 9.784457812511570055e-03
1.307000000000000000e+04 9.707927233897562652e-03
1.308000000000000000e+04 9.635479556671303417e-03
1.309000000000000000e+04 9.567563005374471116e-03
1.310000000000000000e+04 9.504568621199600137e-03
1.311000000000000000e+04 9.446804416600325036e-03
1.312000000000000000e+04 9.394476674168620797e-03
1.313000000000000000e+04 9.347682585297369118e-03
1.314000000000000000e+04 9.306416355505942040e-03
1.315000000000000000e+04 9.270588113290404580e-03
1.316000000000000000e+04 9.240052428721988800e-03
1.317000000000000000e+04 9.214641169747232741e-03
1.318000000000000000e+04 9.194194800093636460e-03
1.319000000000000000e+04 9.178586638340801088e-03
1.320000000000000000e+04 9.167736315497086036e-03
1.321000000000000000e+04 9.161610846682207571e-03
1.322000000000000000e+04 9.160214074033529164e-03
1.323000000000000000e+04 9.163567050965501851e-03
1.324000000000000000e+04 9.171683053480938347e-03
1.325000000000000000e+04 9.184541294991887747e-03
1.326000000000000000e+04 9.202063013340535183e-03
1.327000000000000000e+04 9.224092804837878343e-03
1.328000000000000000e+04 9.250387167338267047e-03
1.329000000000000000e+04 9.280611389970468486e-03
1.330000000000000000e+04 9.314345256324480654e-03
1.331000000000000000e+04 9.351097452609782174e-03
1.332000000000000000e+04 9.390327875950401151e-03
1.333000000000000000e+04 9.431476383599817978e-03
1.334000000000000000e+04 9.473995453883339579e-03
1.335000000000000000e+04 9.517383139361498823e-03
1.336000000000000000e+04 9.561212140321953198e-03
1.337000000000000000e+04 9.605150897282407896e-03
1.338000000000000000e+04 9.648973322899476179e-03
1.339000000000000000e+04 9.692555522824622405e-03
1.340000000000000000e+04 9.735860042360358971e-03
1.341000000000000000e+04 9.778910165720617817e-03
1.342000000000000000e+04 9.821758605393188582e-03
1.343000000000000000e+04 9.864455655093976733e-03
1.344000000000000000e+04 9.907021496831701010e-03
1.345000000000000000e+04 9.949426308951755601e-03
1.346000000000000000e+04 9.991579862561533049e-03
1.347000000000000000e+04 1.003333060424204184e-02
1.348000000000000000e+04 1.007447232240057423e-02
1.349000000000000000e+04 1.011475541714429785e-02
1.350000000000000000e+04 1.015389958293935919e-02
1.351000000000000000e+04 1.019160532426598501e-02
1.352000000000000000e+04 1.022756285514070732e-02
1.353000000000000000e+04 1.026145859858773948e-02
1.354000000000000000e+04 1.029298075320544785e-02
1.355000000000000000e+04 1.032182611132583319e-02
1.356000000000000000e+04 1.034770994140675124e-02
1.357000000000000000e+04 1.037037982851032013e-02
1.358000000000000000e+04 1.038963243074881443e-02
1.359000000000000000e+04 1.040533055893224507e-02
1.360000000000000000e+04 1.041741674560655098e-02
1.361000000000000000e+04 1.042591933375964369e-02
1.362000000000000000e+04 1.043094806448667360e-02
1.363000000000000000e+04 1.043267815678496080e-02
1.364000000000000000e+04 1.043132428663592036e-02
1.365000000000000000e+04 1.042710833607004076e-02
1.366000000000000000e+04 1.042022655467862366e-02
1.367000000000000000e+04 1.041082250242189242e-02
1.368000000000000000e+04 1.039897142773292191e-02
1.369000000000000000e+04 1.038467947951546462e-02
1.370000000000000000e+04 1.036789840439997917e-02
1.371000000000000000e+04 1.034855318402839140e-02
1.372000000000000000e+04 1.032657720759303129e-02
1.373000000000000000e+04 1.030194832572229983e-02
1.374000000000000000e+04 1.027471915657388740e-02
1.375000000000000000e+04 1.024503661351187402e-02
1.376000000000000000e+04 1.021314816152324619e-02
1.377000000000000000e+04 1.017939516259091029e-02
1.378000000000000000e+04 1.014419610100501280e-02
1.379000000000000000e+04 1.010802387250388755e-02
1.380000000000000000e+04 1.007138163044264678e-02
1.381000000000000000e+04 1.003478086231608148e-02
1.382000000000000000e+04 9.998723986717651321e-03
1.383000000000000000e+04 9.963692158388604003e-03
1.384000000000000000e+04 9.930137784075218285e-03
1.385000000000000000e+04 9.898480763605525465e-03
1.386000000000000000e+04 9.869107333970833854e-03
1.387000000000000000e+04 9.842370685849175654e-03
1.388000000000000000e+04 9.818592404773484814e-03
1.389000000000000000e+04 9.798064177783460255e-03
1.390000000000000000e+04 9.781048622822207522e-03
1.391000000000000000e+04 9.767777998410205262e-03
1.392000000000000000e+04 9.758449554431605430e-03
1.393000000000000000e+04 9.753216767440444843e-03
1.394000000000000000e+04 9.752176586065756242e-03
1.395000000000000000e+04 9.755354064905170583e-03
1.396000000000000000e+04 9.762686949403501582e-03
1.397000000000000000e+04 9.774013589605164837e-03
1.398000000000000000e+04 9.789067641172575357e-03
1.399000000000000000e+04 9.807482357742819054e-03
1.400000000000000000e+04 9.828805931164844370e-03
1.401000000000000000e+04 9.852527382894439925e-03
1.402000000000000000e+04 9.878110260250694968e-03
1.403000000000000000e+04 9.905029723851732984e-03
1.404000000000000000e+04 9.932807334495828699e-03
1.405000000000000000e+04 9.961037921393864694e-03
1.406000000000000000e+04 9.989404372544816516e-03
1.407000000000000000e+04 1.001767841203617115e-02
1.408000000000000000e+04 1.004570848013106206e-02
1.409000000000000000e+04 1.007339820776056646e-02
1.410000000000000000e+04 1.010068085855848896e-02
1.411000000000000000e+04 1.012749541671621387e-02
1.412000000000000000e+04 1.015376892050055477e-02
1.413000000000000000e+04 1.017940748524928836e-02
1.414000000000000000e+04 1.020429601685864281e-02
1.415000000000000000e+04 1.022830439043357839e-02
1.416000000000000000e+04 1.025129633736177222e-02
1.417000000000000000e+04 1.027313722440458682e-02
1.418000000000000000e+04 1.029369767871446927e-02
1.419000000000000000e+04 1.031285168618395649e-02
1.420000000000000000e+04 1.033046960537335225e-02
1.421000000000000000e+04 1.034640815063857765e-02
1.422000000000000000e+04 1.036050023414888943e-02
1.423000000000000000e+04 1.037254779474590209e-02
1.424000000000000000e+04 1.038231978478767505e-02
1.425000000000000000e+04 1.038955642074095541e-02
1.426000000000000000e+04 1.039397933628790661e-02
1.427000000000000000e+04 1.039530605030796785e-02
1.428000000000000000e+04 1.039326665407995683e-02
1.429000000000000000e+04 1.038762029318310125e-02
1.430000000000000000e+04 1.037816975608015814e-02
1.431000000000000000e+04 1.036477344482686531e-02
1.432000000000000000e+04 1.034735464415590701e-02
1.433000000000000000e+04 1.032590840217175072e-02
1.434000000000000000e+04 1.030050626938324755e-02
1.435000000000000000e+04 1.027129861920340718e-02
1.436000000000000000e+04 1.023851382381343010e-02
1.437000000000000000e+04 1.020245305600727716e-02
1.438000000000000000e+04 1.016347957218638465e-02
1.439000000000000000e+04 1.012200214617411248e-02
1.440000000000000000e+04 1.007845372257898560e-02
1.441000000000000000e+04 1.003326775632277373e-02
1.442000000000000000e+04 9.986855663015388462e-03
1.443000000000000000e+04 9.939588912411015734e-03
1.444000000000000000e+04 9.891788410711515461e-03
1.445000000000000000e+04 9.843722243993780971e-03
1.446000000000000000e+04 9.795610725433190683e-03
1.447000000000000000e+04 9.747636035021637127e-03
1.448000000000000000e+04 9.699952592024793305e-03
1.449000000000000000e+04 9.652694549177153263e-03
1.450000000000000000e+04 9.605978147892985444e-03
1.451000000000000000e+04 9.559898878900349034e-03
1.452000000000000000e+04 9.514525432460965715e-03
1.453000000000000000e+04 9.469894003320456291e-03
1.454000000000000000e+04 9.426006796542403879e-03
1.455000000000000000e+04 9.382837571141396105e-03
1.456000000000000000e+04 9.340345260803722266e-03
1.457000000000000000e+04 9.298494126958215672e-03
1.458000000000000000e+04 9.257276887081271333e-03
1.459000000000000000e+04 9.216735965463568672e-03
1.460000000000000000e+04 9.176978195911714500e-03
1.461000000000000000e+04 9.138179565906942581e-03
1.462000000000000000e+04 9.100579019305374273e-03
1.463000000000000000e+04 9.064462926430425990e-03
1.464000000000000000e+04 9.030144095791179173e-03
1.465000000000000000e+04 8.997940127758497636e-03
1.466000000000000000e+04 8.968155803154766875e-03
1.467000000000000000e+04 8.941072608256040583e-03
1.468000000000000000e+04 8.916946214298435147e-03
1.469000000000000000e+04 8.896010268280256719e-03
1.470000000000000000e+04 8.878483365814765146e-03
1.471000000000000000e+04 8.864575361348568661e-03
1.472000000000000000e+04 8.854489941765334229e-03
1.473000000000000000e+04 8.848422132475107157e-03
1.474000000000000000e+04 8.846551451909077241e-03
1.475000000000000000e+04 8.849033037885723277e-03
1.476000000000000000e+04 8.855990017766731878e-03
1.477000000000000000e+04 8.867510097055162840e-03
1.478000000000000000e+04 8.883648113545750125e-03
1.479000000000000000e+04 8.904434658074828271e-03
1.480000000000000000e+04 8.929888743430740988e-03
1.481000000000000000e+04 8.960031370299837913e-03
1.482000000000000000e+04 8.994895910970773789e-03
1.483000000000000000e+04 9.034531749490874036e-03
1.484000000000000000e+04 9.078998711443507855e-03
1.485000000000000000e+04 9.128351603613457654e-03
1.486000000000000000e+04 9.182616273914652461e-03
1.487000000000000000e+04 9.241760501746987613e-03
1.488000000000000000e+04 9.305664331408962722e-03
1.489000000000000000e+04 9.374095042108180481e-03
1.490000000000000000e+04 9.446691381223596209e-03
1.491000000000000000e+04 9.522960111771809275e-03
1.492000000000000000e+04 9.602286022152756867e-03
1.493000000000000000e+04 9.683954356887921819e-03
1.494000000000000000e+04 9.767182887792076953e-03
1.495000000000000000e+04 9.851159885546046172e-03
1.496000000000000000e+04 9.935084225388636850e-03
1.497000000000000000e+04 1.001820417716610227e-02
1.498000000000000000e+04 1.009985206285076743e-02
1.499000000000000000e+04 1.017947268619700044e-02
1.500000000000000000e+04 1.025664367132209792e-02
