Time	Population
0.000000000000000000e+00 3.851460550502580071e-01
1.000000000000000000e+01 3.848246250048670269e-01
2.000000000000000000e+01 3.838690570527678037e-01
3.000000000000000000e+01 3.823096662094025433e-01
4.000000000000000000e+01 3.801956308859562039e-01
5.000000000000000000e+01 3.775929579741402753e-01
6.000000000000000000e+01 3.745811465977094690e-01
7.000000000000000000e+01 3.712497020108536661e-01
8.000000000000000000e+01 3.676944867783651372e-01
9.000000000000000000e+01 3.640141444213555455e-01
1.000000000000000000e+02 3.603067912865030586e-01
1.100000000000000000e+02 3.566671170085309872e-01
1.200000000000000000e+02 3.531839794841478142e-01
1.300000000000000000e+02 3.499385150165894576e-01
1.400000000000000000e+02 3.470027311579055307e-01
1.500000000000000000e+02 3.444385160042084948e-01
1.600000000000000000e+02 3.422969755499372657e-01
1.700000000000000000e+02 3.406180089534464051e-01
1.800000000000000000e+02 3.394300466293662666e-01
1.900000000000000000e+02 3.387498978703932795e-01
2.000000000000000000e+02 3.385826894334367787e-01
2.100000000000000000e+02 3.389219116223388673e-01
2.200000000000000000e+02 3.397496143862960838e-01
2.300000000000000000e+02 3.410367983489182020e-01
2.400000000000000000e+02 3.427441175341863211e-01
2.500000000000000000e+02 3.448228900180770884e-01
2.600000000000000000e+02 3.472165460764162215e-01
2.700000000000000000e+02 3.498624687902815444e-01
2.800000000000000000e+02 3.526942121975152333e-01
2.900000000000000000e+02 3.556440120953204276e-01
3.000000000000000000e+02 3.586454629569154617e-01
3.100000000000000000e+02 3.616362033298505252e-01
3.200000000000000000e+02 3.645603855221836165e-01
3.300000000000000000e+02 3.673707647254174646e-01
3.400000000000000000e+02 3.700302202250597139e-01
3.500000000000000000e+02 3.725125984201926865e-01
3.600000000000000000e+02 3.748028151471222702e-01
3.700000000000000000e+02 3.768962370121608507e-01
3.800000000000000000e+02 3.787974360138560703e-01
3.900000000000000000e+02 3.805184681869285268e-01
4.000000000000000000e+02 3.820768542241266275e-01
4.100000000000000000e+02 3.834934775861828515e-01
4.200000000000000000e+02 3.847905811620148664e-01
4.300000000000000000e+02 3.859900255691861015e-01
4.400000000000000000e+02 3.871119222026006002e-01
4.500000000000000000e+02 3.881736767054690951e-01
4.600000000000000000e+02 3.891894532442727317e-01
4.700000000000000000e+02 3.901700131193799881e-01
4.800000000000000000e+02 3.911228587975778548e-01
4.900000000000000000e+02 3.920525876937367427e-01
5.000000000000000000e+02 3.929613687927639987e-01
5.100000000000000000e+02 3.938494620824738446e-01
5.200000000000000000e+02 3.947157258177531047e-01
5.300000000000000000e+02 3.955580587173330165e-01
5.400000000000000000e+02 3.963737577087441677e-01
5.500000000000000000e+02 3.971597861054088074e-01
5.600000000000000000e+02 3.979129671244106548e-01
5.700000000000000000e+02 3.986301000056447497e-01
5.800000000000000000e+02 3.993080398386492647e-01
5.900000000000000000e+02 3.999437293401301163e-01
6.000000000000000000e+02 4.005342213416032138e-01
6.100000000000000000e+02 4.010766903503006353e-01
6.200000000000000000e+02 4.015684488130301655e-01
6.300000000000000000e+02 4.020069638260114209e-01
6.400000000000000000e+02 4.023898833405103459e-01
6.500000000000000000e+02 4.027150607264646243e-01
6.600000000000000000e+02 4.029805787391037564e-01
6.700000000000000000e+02 4.031847784094565457e-01
6.800000000000000000e+02 4.033262850321190918e-01
6.900000000000000000e+02 4.034040213090157589e-01
7.000000000000000000e+02 4.034172268594576338e-01
7.100000000000000000e+02 4.033654806442562579e-01
7.200000000000000000e+02 4.032487131580838047e-01
7.300000000000000000e+02 4.030672266627716160e-01
7.400000000000000000e+02 4.028217271916317288e-01
7.500000000000000000e+02 4.025133532612220622e-01
7.600000000000000000e+02 4.021437257406439425e-01
7.700000000000000000e+02 4.017150142531143442e-01
7.800000000000000000e+02 4.012299829668997675e-01
7.900000000000000000e+02 4.006920515366351188e-01
8.000000000000000000e+02 4.001053637068688884e-01
8.100000000000000000e+02 3.994748417596737933e-01
8.200000000000000000e+02 3.988062304291916660e-01
8.300000000000000000e+02 3.981061255115904696e-01
8.400000000000000000e+02 3.973819811543080061e-01
8.500000000000000000e+02 3.966421063104199618e-01
8.600000000000000000e+02 3.958956146268341469e-01
8.700000000000000000e+02 3.951523763771948028e-01
8.800000000000000000e+02 3.944229280627538636e-01
8.900000000000000000e+02 3.937183427252761159e-01
9.000000000000000000e+02 3.930501014346124422e-01
9.100000000000000000e+02 3.924299418160074326e-01
9.200000000000000000e+02 3.918696755485621686e-01
9.300000000000000000e+02 3.913809918381829234e-01
9.400000000000000000e+02 3.909752502090226844e-01
9.500000000000000000e+02 3.906632738555619322e-01
9.600000000000000000e+02 3.904551346497584507e-01
9.700000000000000000e+02 3.903599236315283827e-01
9.800000000000000000e+02 3.903855271391494242e-01
9.900000000000000000e+02 3.905384164372678324e-01
1.000000000000000000e+03 3.908234395020507845e-01
1.010000000000000000e+03 3.912436312268238736e-01
1.020000000000000000e+03 3.918000602856968606e-01
1.030000000000000000e+03 3.924917120900647260e-01
1.040000000000000000e+03 3.933154133639290562e-01
1.050000000000000000e+03 3.942658048242252966e-01
1.060000000000000000e+03 3.953353827627010819e-01
1.070000000000000000e+03 3.965146062169894181e-01
1.080000000000000000e+03 3.977920797412616838e-01
1.090000000000000000e+03 3.991548053283566766e-01
1.100000000000000000e+03 4.005884963658024045e-01
1.110000000000000000e+03 4.020779471516071624e-01
1.120000000000000000e+03 4.036074512665588920e-01
1.130000000000000000e+03 4.051612467641281801e-01
1.140000000000000000e+03 4.067239557976365383e-01
1.150000000000000000e+03 4.082810105745067197e-01
1.160000000000000000e+03 4.098190377767940706e-01
1.170000000000000000e+03 4.113261823174242382e-01
1.180000000000000000e+03 4.127923580428634609e-01
1.190000000000000000e+03 4.142094070102068648e-01
1.200000000000000000e+03 4.155711627077264270e-01
1.210000000000000000e+03 4.168734242333175799e-01
1.220000000000000000e+03 4.181138466933931319e-01
1.230000000000000000e+03 4.192917603149382555e-01
1.240000000000000000e+03 4.204079301891655573e-01
1.250000000000000000e+03 4.214642829736464091e-01
1.260000000000000000e+03 4.224636191439311572e-01
1.270000000000000000e+03 4.234093300216640876e-01
1.280000000000000000e+03 4.243051293976736194e-01
1.290000000000000000e+03 4.251548156638738085e-01
1.300000000000000000e+03 4.259620754833137735e-01
1.310000000000000000e+03 4.267303269360360751e-01
1.320000000000000000e+03 4.274626050918816089e-01
1.330000000000000000e+03 4.281614913191847394e-01
1.340000000000000000e+03 4.288290762599586414e-01
1.350000000000000000e+03 4.294669554147046431e-01
1.360000000000000000e+03 4.300762493280544385e-01
1.370000000000000000e+03 4.306576438307991306e-01
1.380000000000000000e+03 4.312114460992493847e-01
1.390000000000000000e+03 4.317376493951656791e-01
1.400000000000000000e+03 4.322360029974666729e-01
1.410000000000000000e+03 4.327060815977888386e-01
1.420000000000000000e+03 4.331473493612912895e-01
1.430000000000000000e+03 4.335592183761819984e-01
1.440000000000000000e+03 4.339410990034197058e-01
1.450000000000000000e+03 4.342924417167553508e-01
1.460000000000000000e+03 4.346127692742334236e-01
1.470000000000000000e+03 4.349017007221026576e-01
1.480000000000000000e+03 4.351589647911573988e-01
1.490000000000000000e+03 4.353844056806888685e-01
1.500000000000000000e+03 4.355779844041621218e-01
1.510000000000000000e+03 4.357397752109145594e-01
1.520000000000000000e+03 4.358699605897862206e-01
1.530000000000000000e+03 4.359688291924341819e-01
1.540000000000000000e+03 4.360367759291018941e-01
1.550000000000000000e+03 4.360743034488791525e-01
1.560000000000000000e+03 4.360820287051010435e-01
1.570000000000000000e+03 4.360606965538350588e-01
1.580000000000000000e+03 4.360112008000532891e-01
1.590000000000000000e+03 4.359346109328554042e-01
1.600000000000000000e+03 4.358322002695330100e-01
1.610000000000000000e+03 4.357054744279520442e-01
1.620000000000000000e+03 4.355562000992980742e-01
1.630000000000000000e+03 4.353864331635440843e-01
1.640000000000000000e+03 4.351985426881140318e-01
1.650000000000000000e+03 4.349952263424866072e-01
1.660000000000000000e+03 4.347795166667605127e-01
1.670000000000000000e+03 4.345547762046486628e-01
1.680000000000000000e+03 4.343246817063955989e-01
1.690000000000000000e+03 4.340931988073508663e-01
1.700000000000000000e+03 4.338645444389900296e-01
1.710000000000000000e+03 4.336431360315807781e-01
1.720000000000000000e+03 4.334335311271703128e-01
1.730000000000000000e+03 4.332403598366592612e-01
1.740000000000000000e+03 4.330682516206676991e-01
1.750000000000000000e+03 4.329217571052683122e-01
1.760000000000000000e+03 4.328052662110318805e-01
1.770000000000000000e+03 4.327229245870512497e-01
1.780000000000000000e+03 4.326785517693967908e-01
1.790000000000000000e+03 4.326755623849274368e-01
1.800000000000000000e+03 4.327168918066375825e-01
1.810000000000000000e+03 4.328049291547250710e-01
1.820000000000000000e+03 4.329414592721908539e-01
1.830000000000000000e+03 4.331276143461155748e-01
1.840000000000000000e+03 4.333638348927276729e-01
1.850000000000000000e+03 4.336498440586554204e-01
1.860000000000000000e+03 4.339846373978310523e-01
1.870000000000000000e+03 4.343664881427919400e-01
1.880000000000000000e+03 4.347929682207428703e-01
1.890000000000000000e+03 4.352609857575345242e-01
1.900000000000000000e+03 4.357668415974411125e-01
1.910000000000000000e+03 4.363063026830877877e-01
1.920000000000000000e+03 4.368746893272908993e-01
1.930000000000000000e+03 4.374669760446124878e-01
1.940000000000000000e+03 4.380779040253030554e-01
1.950000000000000000e+03 4.387021020799971582e-01
1.960000000000000000e+03 4.393342086697412663e-01
1.970000000000000000e+03 4.399689897499853286e-01
1.980000000000000000e+03 4.406014520478065410e-01
1.990000000000000000e+03 4.412269470484257439e-01
2.000000000000000000e+03 4.418412583773191349e-01
2.010000000000000000e+03 4.424406690173260936e-01
2.020000000000000000e+03 4.430220069666224725e-01
2.030000000000000000e+03 4.435826664934527930e-01
2.040000000000000000e+03 4.441206065253573421e-01
2.050000000000000000e+03 4.446343299426688822e-01
2.060000000000000000e+03 4.451228434685073898e-01
2.070000000000000000e+03 4.455856024173741603e-01
2.080000000000000000e+03 4.460224454810734485e-01
2.090000000000000000e+03 4.464335221786394081e-01
2.100000000000000000e+03 4.468192148605750202e-01
2.110000000000000000e+03 4.471800608450628434e-01
2.120000000000000000e+03 4.475166799904106707e-01
2.130000000000000000e+03 4.478297084507985582e-01
2.140000000000000000e+03 4.481197423337908714e-01
2.150000000000000000e+03 4.483872940575122645e-01
2.160000000000000000e+03 4.486327626896178256e-01
2.170000000000000000e+03 4.488564147891577760e-01
2.180000000000000000e+03 4.490583746566675916e-01
2.190000000000000000e+03 4.492386260376022289e-01
2.200000000000000000e+03 4.493970237049295102e-01
2.210000000000000000e+03 4.495333115718457839e-01
2.220000000000000000e+03 4.496471478914393916e-01
2.230000000000000000e+03 4.497381365037093626e-01
2.240000000000000000e+03 4.498058609708167621e-01
2.250000000000000000e+03 4.498499192566335902e-01
2.260000000000000000e+03 4.498699574623196140e-01
2.270000000000000000e+03 4.498657029519936845e-01
2.280000000000000000e+03 4.498369958342448016e-01
2.290000000000000000e+03 4.497838169625127391e-01
2.300000000000000000e+03 4.497063119342625259e-01
2.310000000000000000e+03 4.496048101564835142e-01
2.320000000000000000e+03 4.494798387704973530e-01
2.330000000000000000e+03 4.493321316689213862e-01
2.340000000000000000e+03 4.491626330058735572e-01
2.350000000000000000e+03 4.489724956905182252e-01
2.360000000000000000e+03 4.487630759202489994e-01
2.370000000000000000e+03 4.485359251647753620e-01
2.380000000000000000e+03 4.482927796349030491e-01
2.390000000000000000e+03 4.480355473126833576e-01
2.400000000000000000e+03 4.477662944600738215e-01
2.410000000000000000e+03 4.474872320174934637e-01
2.420000000000000000e+03 4.472007005657362977e-01
2.430000000000000000e+03 4.469091548138645620e-01
2.440000000000000000e+03 4.466151499603653319e-01
2.450000000000000000e+03 4.463213305010644838e-01
2.460000000000000000e+03 4.460304197924780945e-01
2.470000000000000000e+03 4.457452090858672333e-01
2.480000000000000000e+03 4.454685459571143813e-01
2.490000000000000000e+03 4.452033224115101717e-01
2.500000000000000000e+03 4.449524608001441117e-01
2.510000000000000000e+03 4.447188957832902689e-01
2.520000000000000000e+03 4.445055523414867538e-01
2.530000000000000000e+03 4.443153192924322314e-01
2.540000000000000000e+03 4.441510179670281055e-01
2.550000000000000000e+03 4.440153667242907054e-01
2.560000000000000000e+03 4.439109427530446017e-01
2.570000000000000000e+03 4.438401412943999702e-01
2.580000000000000000e+03 4.438051331084444384e-01
2.590000000000000000e+03 4.438078222285413710e-01
2.600000000000000000e+03 4.438498051713156700e-01
2.610000000000000000e+03 4.439323309871611167e-01
2.620000000000000000e+03 4.440562627607365087e-01
2.630000000000000000e+03 4.442220428140321031e-01
2.640000000000000000e+03 4.444296620116076069e-01
2.650000000000000000e+03 4.446786334320056433e-01
2.660000000000000000e+03 4.449679719208207151e-01
2.670000000000000000e+03 4.452961814178455491e-01
2.680000000000000000e+03 4.456612520947186851e-01
2.690000000000000000e+03 4.460606698192809971e-01
2.700000000000000000e+03 4.464914396486701076e-01
2.710000000000000000e+03 4.469501244800954676e-01
2.720000000000000000e+03 4.474329008341037528e-01
2.730000000000000000e+03 4.479356311115475497e-01
2.740000000000000000e+03 4.484539500290268821e-01
2.750000000000000000e+03 4.489833612334938051e-01
2.760000000000000000e+03 4.495193402340491584e-01
2.770000000000000000e+03 4.500574397158713102e-01
2.780000000000000000e+03 4.505933920220268618e-01
2.790000000000000000e+03 4.511232029858005532e-01
2.800000000000000000e+03 4.516432320786770149e-01
2.810000000000000000e+03 4.521502548076054562e-01
2.820000000000000000e+03 4.526415041611932533e-01
2.830000000000000000e+03 4.531146892413389082e-01
2.840000000000000000e+03 4.535679912594259289e-01
2.850000000000000000e+03 4.540000392872408086e-01
2.860000000000000000e+03 4.544098690093756332e-01
2.870000000000000000e+03 4.547968687602414462e-01
2.880000000000000000e+03 4.551607178893197214e-01
2.890000000000000000e+03 4.555013229132062746e-01
2.900000000000000000e+03 4.558187561122111764e-01
2.910000000000000000e+03 4.561132003101260324e-01
2.920000000000000000e+03 4.563849028881343806e-01
2.930000000000000000e+03 4.566341406731383445e-01
2.940000000000000000e+03 4.568611961701620205e-01
2.950000000000000000e+03 4.570663443719437113e-01
2.960000000000000000e+03 4.572498482461787583e-01
2.970000000000000000e+03 4.574119611767620830e-01
2.980000000000000000e+03 4.575529340480365970e-01
2.990000000000000000e+03 4.576730240861475174e-01
3.000000000000000000e+03 4.577725032218350476e-01
3.010000000000000000e+03 4.578516641603931903e-01
3.020000000000000000e+03 4.579108224934526072e-01
3.030000000000000000e+03 4.579503146554492199e-01
3.040000000000000000e+03 4.579704931969211801e-01
3.050000000000000000e+03 4.579717200719597425e-01
3.060000000000000000e+03 4.579543571753527664e-01
3.070000000000000000e+03 4.579187551747160856e-01
3.080000000000000000e+03 4.578652436680926141e-01
3.090000000000000000e+03 4.577941242030399427e-01
3.100000000000000000e+03 4.577056665643153832e-01
3.110000000000000000e+03 4.576001080855275904e-01
3.120000000000000000e+03 4.574776554051391275e-01
3.130000000000000000e+03 4.573384892526241585e-01
3.140000000000000000e+03 4.571827721795267419e-01
3.150000000000000000e+03 4.570106581808505708e-01
3.160000000000000000e+03 4.568223034832868956e-01
3.170000000000000000e+03 4.566178780394611891e-01
3.180000000000000000e+03 4.563975774435031219e-01
3.190000000000000000e+03 4.561616360188138208e-01
3.200000000000000000e+03 4.559103418307287603e-01
3.210000000000000000e+03 4.556440534107024098e-01
3.220000000000000000e+03 4.553632180199420065e-01
3.230000000000000000e+03 4.550683923426867561e-01
3.240000000000000000e+03 4.547602661655532619e-01
3.250000000000000000e+03 4.544396877451861161e-01
3.260000000000000000e+03 4.541076891181373698e-01
3.270000000000000000e+03 4.537655108337560472e-01
3.280000000000000000e+03 4.534146256518409301e-01
3.290000000000000000e+03 4.530567594055675551e-01
3.300000000000000000e+03 4.526939065466627499e-01
3.310000000000000000e+03 4.523283387007541179e-01
3.320000000000000000e+03 4.519626049493775111e-01
3.330000000000000000e+03 4.515995222163866618e-01
3.340000000000000000e+03 4.512421547541792255e-01
3.350000000000000000e+03 4.508937829157464994e-01
3.360000000000000000e+03 4.505578618695598170e-01
3.370000000000000000e+03 4.502379707706983258e-01
3.380000000000000000e+03 4.499377533589248301e-01
3.390000000000000000e+03 4.496608519964616080e-01
3.400000000000000000e+03 4.494108375149360457e-01
3.410000000000000000e+03 4.491911369012513977e-01
3.420000000000000000e+03 4.490049606094924095e-01
3.430000000000000000e+03 4.488552318065017199e-01
3.440000000000000000e+03 4.487445202861845006e-01
3.450000000000000000e+03 4.486749831658751742e-01
3.460000000000000000e+03 4.486483138390860437e-01
3.470000000000000000e+03 4.486657002853806087e-01
3.480000000000000000e+03 4.487277934920821387e-01
3.490000000000000000e+03 4.488346862938866755e-01
3.500000000000000000e+03 4.489859028306131816e-01
3.510000000000000000e+03 4.491803995017588647e-01
3.520000000000000000e+03 4.494165779980974218e-01
3.530000000000000000e+03 4.496923095684888794e-01
3.540000000000000000e+03 4.500049696254029286e-01
3.550000000000000000e+03 4.503514828070409592e-01
3.560000000000000000e+03 4.507283783871018912e-01
3.570000000000000000e+03 4.511318552107173030e-01
3.580000000000000000e+03 4.515578552014929414e-01
3.590000000000000000e+03 4.520021442111299970e-01
3.600000000000000000e+03 4.524603977312914305e-01
3.610000000000000000e+03 4.529282884391674924e-01
3.620000000000000000e+03 4.534015726163151405e-01
3.630000000000000000e+03 4.538761723516174240e-01
3.640000000000000000e+03 4.543482504050110338e-01
3.650000000000000000e+03 4.548142746313952323e-01
3.660000000000000000e+03 4.552710695222027537e-01
3.670000000000000000e+03 4.557158535686346990e-01
3.680000000000000000e+03 4.561462617454719037e-01
3.690000000000000000e+03 4.565603531486375211e-01
3.700000000000000000e+03 4.569566045915596786e-01
3.710000000000000000e+03 4.573338911618750613e-01
3.720000000000000000e+03 4.576914555772704229e-01
3.730000000000000000e+03 4.580288691185165351e-01
3.740000000000000000e+03 4.583459869843211076e-01
3.750000000000000000e+03 4.586429007406773728e-01
3.760000000000000000e+03 4.589198901183069723e-01
3.770000000000000000e+03 4.591773758193412602e-01
3.780000000000000000e+03 4.594158743552940738e-01
3.790000000000000000e+03 4.596359557780477778e-01
3.800000000000000000e+03 4.598382051134394799e-01
3.810000000000000000e+03 4.600231878338638114e-01
3.820000000000000000e+03 4.601914197711334253e-01
3.830000000000000000e+03 4.603433427646389520e-01
3.840000000000000000e+03 4.604793079726229310e-01
3.850000000000000000e+03 4.605995681271524700e-01
3.860000000000000000e+03 4.607042789331010635e-01
3.870000000000000000e+03 4.607935087589300482e-01
3.880000000000000000e+03 4.608672553632233160e-01
3.890000000000000000e+03 4.609254680618620204e-01
3.900000000000000000e+03 4.609680733992062573e-01
3.910000000000000000e+03 4.609950019722808823e-01
3.920000000000000000e+03 4.610062131844775424e-01
3.930000000000000000e+03 4.610017147932371495e-01
3.940000000000000000e+03 4.609815756885737859e-01
3.950000000000000000e+03 4.609459320196761523e-01
3.960000000000000000e+03 4.608949876265751033e-01
3.970000000000000000e+03 4.608290101285597573e-01
3.980000000000000000e+03 4.607483241017149012e-01
3.990000000000000000e+03 4.606533026587664170e-01
4.000000000000000000e+03 4.605443590145631427e-01
4.010000000000000000e+03 4.604219396871577219e-01
4.020000000000000000e+03 4.602865203585548293e-01
4.030000000000000000e+03 4.601386047796714451e-01
4.040000000000000000e+03 4.599787262218367201e-01
4.050000000000000000e+03 4.598074508575047403e-01
4.060000000000000000e+03 4.596253827260438074e-01
4.070000000000000000e+03 4.594331697721139030e-01
4.080000000000000000e+03 4.592315101900094620e-01
4.090000000000000000e+03 4.590211586860126758e-01
4.100000000000000000e+03 4.588029328766686232e-01
4.110000000000000000e+03 4.585777202729985902e-01
4.120000000000000000e+03 4.583464855567803697e-01
4.130000000000000000e+03 4.581102768707530082e-01
4.140000000000000000e+03 4.578702305344607981e-01
4.150000000000000000e+03 4.576275738818064154e-01
4.160000000000000000e+03 4.573836255740180157e-01
4.170000000000000000e+03 4.571397932774939887e-01
4.180000000000000000e+03 4.568975690855167082e-01
4.190000000000000000e+03 4.566585229056455697e-01
4.200000000000000000e+03 4.564242940015304506e-01
4.210000000000000000e+03 4.561965808164303304e-01
4.220000000000000000e+03 4.559771292937544462e-01
4.230000000000000000e+03 4.557677202671003847e-01
4.240000000000000000e+03 4.555701565390335994e-01
4.250000000000000000e+03 4.553862494099404912e-01
4.260000000000000000e+03 4.552178033906140731e-01
4.270000000000000000e+03 4.550665974731366026e-01
4.280000000000000000e+03 4.549343622852807245e-01
4.290000000000000000e+03 4.548227538032110218e-01
4.300000000000000000e+03 4.547333243103237610e-01
4.310000000000000000e+03 4.546674905658724120e-01
4.320000000000000000e+03 4.546264995953804844e-01
4.330000000000000000e+03 4.546113937560071205e-01
4.340000000000000000e+03 4.546229773369875882e-01
4.350000000000000000e+03 4.546617865554331561e-01
4.360000000000000000e+03 4.547280643768522590e-01
4.370000000000000000e+03 4.548217415004437991e-01
4.380000000000000000e+03 4.549424243122333622e-01
4.390000000000000000e+03 4.550893899976528600e-01
4.400000000000000000e+03 4.552615889884912281e-01
4.410000000000000000e+03 4.554576547844397250e-01
4.420000000000000000e+03 4.556759211348229699e-01
4.430000000000000000e+03 4.559144463442265649e-01
4.440000000000000000e+03 4.561710438877811802e-01
4.450000000000000000e+03 4.564433184965360768e-01
4.460000000000000000e+03 4.567287074438504679e-01
4.470000000000000000e+03 4.570245266257000893e-01
4.480000000000000000e+03 4.573280202972159203e-01
4.490000000000000000e+03 4.576364130463022040e-01
4.500000000000000000e+03 4.579469625364472884e-01
4.510000000000000000e+03 4.582570112425511377e-01
4.520000000000000000e+03 4.585640350335025150e-01
4.530000000000000000e+03 4.588656864797704404e-01
4.540000000000000000e+03 4.591598310251706061e-01
4.550000000000000000e+03 4.594445746432964106e-01
4.560000000000000000e+03 4.597182818936375037e-01
4.570000000000000000e+03 4.599795835014464651e-01
4.580000000000000000e+03 4.602273733532968869e-01
4.590000000000000000e+03 4.604607959522163951e-01
4.600000000000000000e+03 4.606792264702013751e-01
4.610000000000000000e+03 4.608822455495200088e-01
4.620000000000000000e+03 4.610696108916480518e-01
4.630000000000000000e+03 4.612412286020498575e-01
4.640000000000000000e+03 4.613971274602736705e-01
4.650000000000000000e+03 4.615374382261120956e-01
4.660000000000000000e+03 4.616623786173422173e-01
4.670000000000000000e+03 4.617722431821343343e-01
4.680000000000000000e+03 4.618673962556230084e-01
4.690000000000000000e+03 4.619482657478352072e-01
4.700000000000000000e+03 4.620153355540721485e-01
4.710000000000000000e+03 4.620691344172109805e-01
4.720000000000000000e+03 4.621102200014222672e-01
4.730000000000000000e+03 4.621391586543974750e-01
4.740000000000000000e+03 4.621565026049700431e-01
4.750000000000000000e+03 4.621627668939597422e-01
4.760000000000000000e+03 4.621584087245563244e-01
4.770000000000000000e+03 4.621438121251261744e-01
4.780000000000000000e+03 4.621192802534199173e-01
4.790000000000000000e+03 4.620850363347354106e-01
4.800000000000000000e+03 4.620412328092514676e-01
4.810000000000000000e+03 4.619879674367813327e-01
4.820000000000000000e+03 4.619253045366802368e-01
4.830000000000000000e+03 4.618532990336610133e-01
4.840000000000000000e+03 4.617720211198770852e-01
4.850000000000000000e+03 4.616815797582621839e-01
4.860000000000000000e+03 4.615821441254497337e-01
4.870000000000000000e+03 4.614739628211538269e-01
4.880000000000000000e+03 4.613573808343756077e-01
4.890000000000000000e+03 4.612328541261421222e-01
4.900000000000000000e+03 4.611009615015040364e-01
4.910000000000000000e+03 4.609624133799068435e-01
4.920000000000000000e+03 4.608180567527798144e-01
4.930000000000000000e+03 4.606688754646255379e-01
4.940000000000000000e+03 4.605159854345899917e-01
4.950000000000000000e+03 4.603606251840604013e-01
4.960000000000000000e+03 4.602041424435530659e-01
4.970000000000000000e+03 4.600479775882779232e-01
4.980000000000000000e+03 4.598936448327634596e-01
4.990000000000000000e+03 4.597427122617148698e-01
5.000000000000000000e+03 4.595967818843890162e-01
5.010000000000000000e+03 4.594574709321272987e-01
5.020000000000000000e+03 4.593263948945165431e-01
5.030000000000000000e+03 4.592051519100412427e-01
5.040000000000000000e+03 4.590953079663142589e-01
5.050000000000000000e+03 4.589983823025097776e-01
5.060000000000000000e+03 4.589158322842204485e-01
5.070000000000000000e+03 4.588490370689219944e-01
5.080000000000000000e+03 4.587992797866786154e-01
5.090000000000000000e+03 4.587677284492783225e-01
5.100000000000000000e+03 4.587554157467934601e-01
5.110000000000000000e+03 4.587632179185032744e-01
5.120000000000000000e+03 4.587918332518970965e-01
5.130000000000000000e+03 4.588417606774524149e-01
5.140000000000000000e+03 4.589132789474684171e-01
5.150000000000000000e+03 4.590064274409674239e-01
5.160000000000000000e+03 4.591209900151847489e-01
5.170000000000000000e+03 4.592564834157811249e-01
5.180000000000000000e+03 4.594121519209575788e-01
5.190000000000000000e+03 4.595869695270062283e-01
5.200000000000000000e+03 4.597796503590048101e-01
5.210000000000000000e+03 4.599886677788800338e-01
5.220000000000000000e+03 4.602122821079280279e-01
5.230000000000000000e+03 4.604485756653638462e-01
5.240000000000000000e+03 4.606954927898448404e-01
5.250000000000000000e+03 4.609508825724898395e-01
5.260000000000000000e+03 4.612125426800438577e-01
5.270000000000000000e+03 4.614782631112973599e-01
5.280000000000000000e+03 4.617458688574774817e-01
5.290000000000000000e+03 4.620132605809997850e-01
5.300000000000000000e+03 4.622784528655873859e-01
5.310000000000000000e+03 4.625396096742260821e-01
5.320000000000000000e+03 4.627950761908772859e-01
5.330000000000000000e+03 4.630434056251756525e-01
5.340000000000000000e+03 4.632833790924073547e-01
5.350000000000000000e+03 4.635140166775197912e-01
5.360000000000000000e+03 4.637345780804786322e-01
5.370000000000000000e+03 4.639445517265208818e-01
5.380000000000000000e+03 4.641436321641977392e-01
5.390000000000000000e+03 4.643316869911716105e-01
5.400000000000000000e+03 4.645087159123382214e-01
5.410000000000000000e+03 4.646748056890141476e-01
5.420000000000000000e+03 4.648300854572235408e-01
5.430000000000000000e+03 4.649746866371959886e-01
5.440000000000000000e+03 4.651087108113975410e-01
5.450000000000000000e+03 4.652322077989249349e-01
5.460000000000000000e+03 4.653451647214298936e-01
5.470000000000000000e+03 4.654475055495483349e-01
5.480000000000000000e+03 4.655390992523446014e-01
5.490000000000000000e+03 4.656197736087037131e-01
5.500000000000000000e+03 4.656893316947044448e-01
5.510000000000000000e+03 4.657475684753982770e-01
5.520000000000000000e+03 4.657942853959631258e-01
5.530000000000000000e+03 4.658293017286876392e-01
5.540000000000000000e+03 4.658524625125879948e-01
5.550000000000000000e+03 4.658636435790081687e-01
5.560000000000000000e+03 4.658627543055971487e-01
5.570000000000000000e+03 4.658497389788687215e-01
5.580000000000000000e+03 4.658245779325905223e-01
5.590000000000000000e+03 4.657872895557940707e-01
5.600000000000000000e+03 4.657379337928610474e-01
5.610000000000000000e+03 4.656766169938856281e-01
5.620000000000000000e+03 4.656034975682140087e-01
5.630000000000000000e+03 4.655187918633957311e-01
5.640000000000000000e+03 4.654227794183176115e-01
5.650000000000000000e+03 4.653158066723867003e-01
5.660000000000000000e+03 4.651982885302365922e-01
5.670000000000000000e+03 4.650707074686474818e-01
5.680000000000000000e+03 4.649336103529903563e-01
5.690000000000000000e+03 4.647876037798195914e-01
5.700000000000000000e+03 4.646333489124633287e-01
5.710000000000000000e+03 4.644715565886545772e-01
5.720000000000000000e+03 4.643029834902238084e-01
5.730000000000000000e+03 4.641284300990332068e-01
5.740000000000000000e+03 4.639487407177058098e-01
5.750000000000000000e+03 4.637648051665091420e-01
5.760000000000000000e+03 4.635775612871624873e-01
5.770000000000000000e+03 4.633879972918068524e-01
5.780000000000000000e+03 4.631971530182530938e-01
5.790000000000000000e+03 4.630061191285793631e-01
5.800000000000000000e+03 4.628160334642520413e-01
5.810000000000000000e+03 4.626280743474315837e-01
5.820000000000000000e+03 4.624434515070103280e-01
5.830000000000000000e+03 4.622633959917304414e-01
5.840000000000000000e+03 4.620891502018695252e-01
5.850000000000000000e+03 4.619219583095747761e-01
5.860000000000000000e+03 4.617630571489304003e-01
5.870000000000000000e+03 4.616136679925235686e-01
5.880000000000000000e+03 4.614749891478540644e-01
5.890000000000000000e+03 4.613481883239925474e-01
5.900000000000000000e+03 4.612343936905785036e-01
5.910000000000000000e+03 4.611346831551849101e-01
5.920000000000000000e+03 4.610500717243559698e-01
5.930000000000000000e+03 4.609814971575126874e-01
5.940000000000000000e+03 4.609298045789178566e-01
5.950000000000000000e+03 4.608957308431536615e-01
5.960000000000000000e+03 4.608798893891596915e-01
5.970000000000000000e+03 4.608827564363677798e-01
5.980000000000000000e+03 4.609046594685091147e-01
5.990000000000000000e+03 4.609457688519963403e-01
6.000000000000000000e+03 4.610060930510629373e-01
6.010000000000000000e+03 4.610854772559333514e-01
6.020000000000000000e+03 4.611836045000441420e-01
6.030000000000000000e+03 4.612999978209730845e-01
6.040000000000000000e+03 4.614340221962116573e-01
6.050000000000000000e+03 4.615848855744013046e-01
6.060000000000000000e+03 4.617516389371377761e-01
6.070000000000000000e+03 4.619331760741335335e-01
6.080000000000000000e+03 4.621282343800093839e-01
6.090000000000000000e+03 4.623353982056649381e-01
6.100000000000000000e+03 4.625531063243973895e-01
6.110000000000000000e+03 4.627796648069509855e-01
6.120000000000000000e+03 4.630132659763985803e-01
6.130000000000000000e+03 4.632520134028045855e-01
6.140000000000000000e+03 4.634939523398988737e-01
6.150000000000000000e+03 4.637371046335613256e-01
6.160000000000000000e+03 4.639795069281621998e-01
6.170000000000000000e+03 4.642192508490355363e-01
6.180000000000000000e+03 4.644545235654032878e-01
6.190000000000000000e+03 4.646836469382191193e-01
6.200000000000000000e+03 4.649051133917076473e-01
6.210000000000000000e+03 4.651176166007394697e-01
6.220000000000000000e+03 4.653200751332053908e-01
6.230000000000000000e+03 4.655116473142749678e-01
6.240000000000000000e+03 4.656917359734125128e-01
6.250000000000000000e+03 4.658599823731548462e-01
6.260000000000000000e+03 4.660162493014355367e-01
6.270000000000000000e+03 4.661605939837616952e-01
6.280000000000000000e+03 4.662932322978354804e-01
6.290000000000000000e+03 4.664144966349187960e-01
6.300000000000000000e+03 4.665247905035114773e-01
6.310000000000000000e+03 4.666245436111242095e-01
6.320000000000000000e+03 4.667141713088117649e-01
6.330000000000000000e+03 4.667940416520380276e-01
6.340000000000000000e+03 4.668644521829501404e-01
6.350000000000000000e+03 4.669256173100166385e-01
6.360000000000000000e+03 4.669776660845206817e-01
6.370000000000000000e+03 4.670206491684987249e-01
6.380000000000000000e+03 4.670545529288116504e-01
6.390000000000000000e+03 4.670793181060823862e-01
6.400000000000000000e+03 4.670948603677798072e-01
6.410000000000000000e+03 4.671010900716092706e-01
6.420000000000000000e+03 4.670979289190837491e-01
6.430000000000000000e+03 4.670853219995563799e-01
6.440000000000000000e+03 4.670632446826784023e-01
6.450000000000000000e+03 4.670317047618565698e-01
6.460000000000000000e+03 4.669907412583488293e-01
6.470000000000000000e+03 4.669404218928789874e-01
6.480000000000000000e+03 4.668808410673507825e-01
6.490000000000000000e+03 4.668121197851359261e-01
6.500000000000000000e+03 4.667344085945377419e-01
6.510000000000000000e+03 4.666478939480547261e-01
6.520000000000000000e+03 4.665528073640756168e-01
6.530000000000000000e+03 4.664494360350529001e-01
6.540000000000000000e+03 4.663381331326614254e-01
6.550000000000000000e+03 4.662193259434526116e-01
6.560000000000000000e+03 4.660935201863330435e-01
6.570000000000000000e+03 4.659612991614330291e-01
6.580000000000000000e+03 4.658233170125604672e-01
6.590000000000000000e+03 4.656802864289233401e-01
6.600000000000000000e+03 4.655329620322917750e-01
6.610000000000000000e+03 4.653821212613046265e-01
6.620000000000000000e+03 4.652285449490443647e-01
6.630000000000000000e+03 4.650730000163363353e-01
6.640000000000000000e+03 4.649162265958665108e-01
6.650000000000000000e+03 4.647589314883510125e-01
6.660000000000000000e+03 4.646017889897900988e-01
6.670000000000000000e+03 4.644454489922378304e-01
6.680000000000000000e+03 4.642905512990166406e-01
6.690000000000000000e+03 4.641377442680457155e-01
6.700000000000000000e+03 4.639877051980006439e-01
6.710000000000000000e+03 4.638411595609949756e-01
6.720000000000000000e+03 4.636988963203153014e-01
6.730000000000000000e+03 4.635617770188457665e-01
6.740000000000000000e+03 4.634307369542014499e-01
6.750000000000000000e+03 4.633067774379640014e-01
6.760000000000000000e+03 4.631909489666883872e-01
6.770000000000000000e+03 4.630843260491758762e-01
6.780000000000000000e+03 4.629879751830756618e-01
6.790000000000000000e+03 4.629029180891039985e-01
6.800000000000000000e+03 4.628300928452226959e-01
6.810000000000000000e+03 4.627703158894186375e-01
6.820000000000000000e+03 4.627242479202308689e-01
6.830000000000000000e+03 4.626923665849544953e-01
6.840000000000000000e+03 4.626749484842358484e-01
6.850000000000000000e+03 4.626720623716925052e-01
6.860000000000000000e+03 4.626835743757385377e-01
6.870000000000000000e+03 4.627091647223671167e-01
6.880000000000000000e+03 4.627483541293543889e-01
6.890000000000000000e+03 4.628005370924651030e-01
6.900000000000000000e+03 4.628650187860612886e-01
6.910000000000000000e+03 4.629410520052530398e-01
6.920000000000000000e+03 4.630278704461073813e-01
6.930000000000000000e+03 4.631247150976279814e-01
6.940000000000000000e+03 4.632308515917982761e-01
6.950000000000000000e+03 4.633455775822290512e-01
6.960000000000000000e+03 4.634682204969882147e-01
6.970000000000000000e+03 4.635981272470687253e-01
6.980000000000000000e+03 4.637346483914407402e-01
6.990000000000000000e+03 4.638771195980854190e-01
7.000000000000000000e+03 4.640248432932532752e-01
7.010000000000000000e+03 4.641770733599894228e-01
7.020000000000000000e+03 4.643330052832359556e-01
7.030000000000000000e+03 4.644917731035123620e-01
7.040000000000000000e+03 4.646524533782756539e-01
7.050000000000000000e+03 4.648140754394180507e-01
7.060000000000000000e+03 4.649756365869392449e-01
7.070000000000000000e+03 4.651361203772480524e-01
7.080000000000000000e+03 4.652945158789478231e-01
7.090000000000000000e+03 4.654498356678242188e-01
7.100000000000000000e+03 4.656011305804901856e-01
7.110000000000000000e+03 4.657474999478962707e-01
7.120000000000000000e+03 4.658880969772846159e-01
7.130000000000000000e+03 4.660221300975887493e-01
7.140000000000000000e+03 4.661488619931609123e-01
7.150000000000000000e+03 4.662676081705173781e-01
7.160000000000000000e+03 4.663777366640889932e-01
7.170000000000000000e+03 4.664786703733119211e-01
7.180000000000000000e+03 4.665698931455343201e-01
7.190000000000000000e+03 4.666509597901328243e-01
7.200000000000000000e+03 4.667215092578668734e-01
7.210000000000000000e+03 4.667812797509889311e-01
7.220000000000000000e+03 4.668301241868534901e-01
7.230000000000000000e+03 4.668680239365852191e-01
7.240000000000000000e+03 4.668950985493773853e-01
7.250000000000000000e+03 4.669116095838630742e-01
7.260000000000000000e+03 4.669179575292868312e-01
7.270000000000000000e+03 4.669146717059927121e-01
7.280000000000000000e+03 4.669023936329446678e-01
7.290000000000000000e+03 4.668818546343133646e-01
7.300000000000000000e+03 4.668538489859433427e-01
7.310000000000000000e+03 4.668192048194170218e-01
7.320000000000000000e+03 4.667787553719729976e-01
7.330000000000000000e+03 4.667333124925471810e-01
7.340000000000000000e+03 4.666836438198490589e-01
7.350000000000000000e+03 4.666304550410371732e-01
7.360000000000000000e+03 4.665743783877529527e-01
7.370000000000000000e+03 4.665159676631579488e-01
7.380000000000000000e+03 4.664556995123441130e-01
7.390000000000000000e+03 4.663939804092839259e-01
7.400000000000000000e+03 4.663311580071897722e-01
7.410000000000000000e+03 4.662675349137248015e-01
7.420000000000000000e+03 4.662033831265911532e-01
7.430000000000000000e+03 4.661389577047908572e-01
7.440000000000000000e+03 4.660745085614458882e-01
7.450000000000000000e+03 4.660102895586906158e-01
7.460000000000000000e+03 4.659465643586350736e-01
7.470000000000000000e+03 4.658836089940379677e-01
7.480000000000000000e+03 4.658217119368354142e-01
7.490000000000000000e+03 4.657611727807252078e-01
7.500000000000000000e+03 4.657023001772027104e-01
7.510000000000000000e+03 4.656454093101769498e-01
7.520000000000000000e+03 4.655908193879919610e-01
7.530000000000000000e+03 4.655388512813294355e-01
7.540000000000000000e+03 4.654898252403495973e-01
7.550000000000000000e+03 4.654440588334355922e-01
7.560000000000000000e+03 4.654018650384283973e-01
7.570000000000000000e+03 4.653635504247853327e-01
7.580000000000000000e+03 4.653294138005099057e-01
7.590000000000000000e+03 4.652997458612280202e-01
7.600000000000000000e+03 4.652748302576750206e-01
7.610000000000000000e+03 4.652549461848490275e-01
7.620000000000000000e+03 4.652403719527765658e-01
7.630000000000000000e+03 4.652313885088759093e-01
7.640000000000000000e+03 4.652282816470765248e-01
7.650000000000000000e+03 4.652313414295775051e-01
7.660000000000000000e+03 4.652408575273582203e-01
7.670000000000000000e+03 4.652571097805843769e-01
7.680000000000000000e+03 4.652803538907500092e-01
7.690000000000000000e+03 4.653108030786625715e-01
7.700000000000000000e+03 4.653486077588002701e-01
7.710000000000000000e+03 4.653938359597367125e-01
7.720000000000000000e+03 4.654464570899328191e-01
7.730000000000000000e+03 4.655063309853036957e-01
7.740000000000000000e+03 4.655732034491776306e-01
7.750000000000000000e+03 4.656467085354685786e-01
7.760000000000000000e+03 4.657263767379005159e-01
7.770000000000000000e+03 4.658116473503717825e-01
7.780000000000000000e+03 4.659018827383390460e-01
7.790000000000000000e+03 4.659963823687919837e-01
7.800000000000000000e+03 4.660943951650218242e-01
7.810000000000000000e+03 4.661951295275524321e-01
7.820000000000000000e+03 4.662977608685164310e-01
7.830000000000000000e+03 4.664014372898593330e-01
7.840000000000000000e+03 4.665052849443592775e-01
7.850000000000000000e+03 4.666084149300569472e-01
7.860000000000000000e+03 4.667099335413242844e-01
7.870000000000000000e+03 4.668089573095500766e-01
7.880000000000000000e+03 4.669046330438120229e-01
7.890000000000000000e+03 4.669961617234975049e-01
7.900000000000000000e+03 4.670828241196940955e-01
7.910000000000000000e+03 4.671640052067955740e-01
7.920000000000000000e+03 4.672392140541285488e-01
7.930000000000000000e+03 4.673080962142539541e-01
7.940000000000000000e+03 4.673704367320584141e-01
7.950000000000000000e+03 4.674261533317027317e-01
7.960000000000000000e+03 4.674752803721185512e-01
7.970000000000000000e+03 4.675179457004178807e-01
7.980000000000000000e+03 4.675543439254438716e-01
7.990000000000000000e+03 4.675847099895613646e-01
8.000000000000000000e+03 4.676092962466098513e-01
8.010000000000000000e+03 4.676283553961916861e-01
8.020000000000000000e+03 4.676421303120248951e-01
8.030000000000000000e+03 4.676508501739589097e-01
8.040000000000000000e+03 4.676547310525635548e-01
8.050000000000000000e+03 4.676539784537362410e-01
8.060000000000000000e+03 4.676487890794719937e-01
8.070000000000000000e+03 4.676393493836147330e-01
8.080000000000000000e+03 4.676258294553866657e-01
8.090000000000000000e+03 4.676083721249880698e-01
8.100000000000000000e+03 4.675870789561131224e-01
8.110000000000000000e+03 4.675619959864698028e-01
8.120000000000000000e+03 4.675331026601863837e-01
8.130000000000000000e+03 4.675003067451550809e-01
8.140000000000000000e+03 4.674634471593732132e-01
8.150000000000000000e+03 4.674223055003451366e-01
8.160000000000000000e+03 4.673766251345973233e-01
8.170000000000000000e+03 4.673261355279253459e-01
8.180000000000000000e+03 4.672705792081636722e-01
8.190000000000000000e+03 4.672097385618273480e-01
8.200000000000000000e+03 4.671434600234863899e-01
8.210000000000000000e+03 4.670716738016346126e-01
8.220000000000000000e+03 4.669944080009278409e-01
8.230000000000000000e+03 4.669117970026335773e-01
8.240000000000000000e+03 4.668240845601081546e-01
8.250000000000000000e+03 4.667316226077339869e-01
8.260000000000000000e+03 4.666348674746096381e-01
8.270000000000000000e+03 4.665343748492999931e-01
8.280000000000000000e+03 4.664307939780334422e-01
8.290000000000000000e+03 4.663248610966679863e-01
8.300000000000000000e+03 4.662173915871716257e-01
8.310000000000000000e+03 4.661092702568228052e-01
8.320000000000000000e+03 4.660014394048919151e-01
8.330000000000000000e+03 4.658948840770690270e-01
8.340000000000000000e+03 4.657906138222054349e-01
8.350000000000000000e+03 4.656896413657030109e-01
8.360000000000000000e+03 4.655929599458836776e-01
8.370000000000000000e+03 4.655015210848785223e-01
8.380000000000000000e+03 4.654162141023412969e-01
8.390000000000000000e+03 4.653378486022294314e-01
8.400000000000000000e+03 4.652671410761369253e-01
8.410000000000000000e+03 4.652047062968223123e-01
8.420000000000000000e+03 4.651510534973228306e-01
8.430000000000000000e+03 4.651065866695255901e-01
8.440000000000000000e+03 4.650716076937857490e-01
8.450000000000000000e+03 4.650463208189282716e-01
8.460000000000000000e+03 4.650308374655645616e-01
8.470000000000000000e+03 4.650251805133328586e-01
8.480000000000000000e+03 4.650292872040481806e-01
8.490000000000000000e+03 4.650430105627751942e-01
8.500000000000000000e+03 4.650661200545119778e-01
8.510000000000000000e+03 4.650983026490667638e-01
8.520000000000000000e+03 4.651391659761209829e-01
8.530000000000000000e+03 4.651882451148132147e-01
8.540000000000000000e+03 4.652450137659506768e-01
8.550000000000000000e+03 4.653088996850787140e-01
8.560000000000000000e+03 4.653793035715257376e-01
8.570000000000000000e+03 4.654556198661882749e-01
8.580000000000000000e+03 4.655372568431055957e-01
8.590000000000000000e+03 4.656236530172140897e-01
8.600000000000000000e+03 4.657142877125938774e-01
8.610000000000000000e+03 4.658086843079961570e-01
8.620000000000000000e+03 4.659064049945697006e-01
8.630000000000000000e+03 4.660070368855388501e-01
8.640000000000000000e+03 4.661101710398759534e-01
8.650000000000000000e+03 4.662153776152120899e-01
8.660000000000000000e+03 4.663221809235711945e-01
8.670000000000000000e+03 4.664300378600440555e-01
8.680000000000000000e+03 4.665383230153362648e-01
8.690000000000000000e+03 4.666463235757069561e-01
8.700000000000000000e+03 4.667532461357342122e-01
8.710000000000000000e+03 4.668582358767814910e-01
8.720000000000000000e+03 4.669604068768095084e-01
8.730000000000000000e+03 4.670588805578358427e-01
8.740000000000000000e+03 4.671528277624145131e-01
8.750000000000000000e+03 4.672415095144537012e-01
8.760000000000000000e+03 4.673243118718304889e-01
8.770000000000000000e+03 4.674007708894151181e-01
8.780000000000000000e+03 4.674705847185456897e-01
8.790000000000000000e+03 4.675336116377248330e-01
8.800000000000000000e+03 4.675898545166254361e-01
8.810000000000000000e+03 4.676394336158541387e-01
8.820000000000000000e+03 4.676825513426923764e-01
8.830000000000000000e+03 4.677194540458404215e-01
8.840000000000000000e+03 4.677503969389293914e-01
8.850000000000000000e+03 4.677756175134124561e-01
8.860000000000000000e+03 4.677953205034308670e-01
8.870000000000000000e+03 4.678096756243974030e-01
8.880000000000000000e+03 4.678188268082270063e-01
8.890000000000000000e+03 4.678229089586201095e-01
8.900000000000000000e+03 4.678220675419348384e-01
8.910000000000000000e+03 4.678164763122147907e-01
8.920000000000000000e+03 4.678063488084528987e-01
8.930000000000000000e+03 4.677919405002130548e-01
8.940000000000000000e+03 4.677735408000042172e-01
8.950000000000000000e+03 4.677514563519774571e-01
8.960000000000000000e+03 4.677259881800995278e-01
8.970000000000000000e+03 4.676974066126127760e-01
8.980000000000000000e+03 4.676659286220465339e-01
8.990000000000000000e+03 4.676317018951917648e-01
9.000000000000000000e+03 4.675947988605174133e-01
9.010000000000000000e+03 4.675552221469795322e-01
9.020000000000000000e+03 4.675129211296394360e-01
9.030000000000000000e+03 4.674678172091603634e-01
9.040000000000000000e+03 4.674198340501423132e-01
9.050000000000000000e+03 4.673689286279304467e-01
9.060000000000000000e+03 4.673151191473736699e-01
9.070000000000000000e+03 4.672585063354785517e-01
9.080000000000000000e+03 4.671992857838028201e-01
9.090000000000000000e+03 4.671377507420781949e-01
9.100000000000000000e+03 4.670742861164477455e-01
9.110000000000000000e+03 4.670093555571540600e-01
9.120000000000000000e+03 4.669434842967332688e-01
9.130000000000000000e+03 4.668772403819694272e-01
9.140000000000000000e+03 4.668112165192411789e-01
9.150000000000000000e+03 4.667460142496948627e-01
9.160000000000000000e+03 4.666822316874081333e-01
9.170000000000000000e+03 4.666204549633546361e-01
9.180000000000000000e+03 4.665612527306876589e-01
9.190000000000000000e+03 4.665051731697077431e-01
9.200000000000000000e+03 4.664527428054295877e-01
9.210000000000000000e+03 4.664044661218084142e-01
9.220000000000000000e+03 4.663608247870819068e-01
9.230000000000000000e+03 4.663222756933692037e-01
9.240000000000000000e+03 4.662892476145955034e-01
9.250000000000000000e+03 4.662621363745082514e-01
9.260000000000000000e+03 4.662412981690433611e-01
9.270000000000000000e+03 4.662270410907970453e-01
9.280000000000000000e+03 4.662196154942866433e-01
9.290000000000000000e+03 4.662192042332475861e-01
9.300000000000000000e+03 4.662259138945235026e-01
9.310000000000000000e+03 4.662397680185849658e-01
9.320000000000000000e+03 4.662607034659212446e-01
9.330000000000000000e+03 4.662885709143758106e-01
9.340000000000000000e+03 4.663231393954879733e-01
9.350000000000000000e+03 4.663641040250668390e-01
9.360000000000000000e+03 4.664110954720260827e-01
9.370000000000000000e+03 4.664636892669224433e-01
9.380000000000000000e+03 4.665214132802514846e-01
9.390000000000000000e+03 4.665837521572455682e-01
9.400000000000000000e+03 4.666501477677176823e-01
9.410000000000000000e+03 4.667199958634840051e-01
9.420000000000000000e+03 4.667926417411858431e-01
9.430000000000000000e+03 4.668673787221561122e-01
9.440000000000000000e+03 4.669434520864553795e-01
9.450000000000000000e+03 4.670200701435619495e-01
9.460000000000000000e+03 4.670964228802476637e-01
9.470000000000000000e+03 4.671717070213475265e-01
9.480000000000000000e+03 4.672451554766556270e-01
9.490000000000000000e+03 4.673160674056762720e-01
9.500000000000000000e+03 4.673838333426961755e-01
9.510000000000000000e+03 4.674479524240852668e-01
9.520000000000000000e+03 4.675080407767164270e-01
9.530000000000000000e+03 4.675638303655202388e-01
9.540000000000000000e+03 4.676151585181544390e-01
9.550000000000000000e+03 4.676619505621127937e-01
9.560000000000000000e+03 4.677042000877243422e-01
9.570000000000000000e+03 4.677419509700677103e-01
9.580000000000000000e+03 4.677752836662857905e-01
9.590000000000000000e+03 4.678043066885769208e-01
9.600000000000000000e+03 4.678291523316327472e-01
9.610000000000000000e+03 4.678499742871084499e-01
9.620000000000000000e+03 4.678669444462105198e-01
9.630000000000000000e+03 4.678802472281657909e-01
9.640000000000000000e+03 4.678900698163155347e-01
9.650000000000000000e+03 4.678965883834691475e-01
9.660000000000000000e+03 4.678999522259881250e-01
9.670000000000000000e+03 4.679002680984546969e-01
9.680000000000000000e+03 4.678975872961553262e-01
9.690000000000000000e+03 4.678918983785913532e-01
9.700000000000000000e+03 4.678831269756604794e-01
9.710000000000000000e+03 4.678711427166913350e-01
9.720000000000000000e+03 4.678557720521225871e-01
9.730000000000000000e+03 4.678368148318118314e-01
9.740000000000000000e+03 4.678140623643462503e-01
9.750000000000000000e+03 4.677873139475829944e-01
9.760000000000000000e+03 4.677563913901438553e-01
9.770000000000000000e+03 4.677211514404267523e-01
9.780000000000000000e+03 4.676814951710207557e-01
9.790000000000000000e+03 4.676373745687261163e-01
9.800000000000000000e+03 4.675887970744960209e-01
9.810000000000000000e+03 4.675358285616956211e-01
9.820000000000000000e+03 4.674785947010827725e-01
9.830000000000000000e+03 4.674172804181425667e-01
9.840000000000000000e+03 4.673521273751611860e-01
9.850000000000000000e+03 4.672834300357613380e-01
9.860000000000000000e+03 4.672115315516062739e-01
9.870000000000000000e+03 4.671368205484380254e-01
9.880000000000000000e+03 4.670597265349366034e-01
9.890000000000000000e+03 4.669807162240032783e-01
9.900000000000000000e+03 4.669002927067080755e-01
9.910000000000000000e+03 4.668189955043622330e-01
9.920000000000000000e+03 4.667374015597404724e-01
9.930000000000000000e+03 4.666561260521029375e-01
9.940000000000000000e+03 4.665758211668282196e-01
9.950000000000000000e+03 4.664971714344325893e-01
9.960000000000000000e+03 4.664208851478859330e-01
9.970000000000000000e+03 4.663476816055527330e-01
9.980000000000000000e+03 4.662782749569740481e-01
9.990000000000000000e+03 4.662133563794594315e-01
1.000000000000000000e+04 4.661535763854981473e-01
1.001000000000000000e+04 4.660995293273121343e-01
1.002000000000000000e+04 4.660517412314298391e-01
1.003000000000000000e+04 4.660106620755844475e-01
1.004000000000000000e+04 4.659766638178737819e-01
1.005000000000000000e+04 4.659500437644472082e-01
1.006000000000000000e+04 4.659310321768946883e-01
1.007000000000000000e+04 4.659198028627582477e-01
1.008000000000000000e+04 4.659164840711144118e-01
1.009000000000000000e+04 4.659211678119302702e-01
1.010000000000000000e+04 4.659339163029881936e-01
1.011000000000000000e+04 4.659547637682712184e-01
1.012000000000000000e+04 4.659837127307413507e-01
1.013000000000000000e+04 4.660207257036050876e-01
1.014000000000000000e+04 4.660657135105146787e-01
1.015000000000000000e+04 4.661185213089869550e-01
1.016000000000000000e+04 4.661789148322608711e-01
1.017000000000000000e+04 4.662465699747740389e-01
1.018000000000000000e+04 4.663210681050381501e-01
1.019000000000000000e+04 4.664018983231819626e-01
1.020000000000000000e+04 4.664884670993750815e-01
1.021000000000000000e+04 4.665801151656810419e-01
1.022000000000000000e+04 4.666761401241837914e-01
1.023000000000000000e+04 4.667758219886159465e-01
1.024000000000000000e+04 4.668784485710432697e-01
1.025000000000000000e+04 4.669833370987310217e-01
1.026000000000000000e+04 4.670898490949838000e-01
1.027000000000000000e+04 4.671973967212135759e-01
1.028000000000000000e+04 4.673054393307539134e-01
1.029000000000000000e+04 4.674134710699614503e-01
1.030000000000000000e+04 4.675210021524546233e-01
1.031000000000000000e+04 4.676275380822229044e-01
1.032000000000000000e+04 4.677325623845106084e-01
1.033000000000000000e+04 4.678355278807475592e-01
1.034000000000000000e+04 4.679358593057587612e-01
1.035000000000000000e+04 4.680329680357188105e-01
1.036000000000000000e+04 4.681262775630970485e-01
1.037000000000000000e+04 4.682152556354651218e-01
1.038000000000000000e+04 4.682994468446894931e-01
1.039000000000000000e+04 4.683784989430028745e-01
1.040000000000000000e+04 4.684521778329827080e-01
1.041000000000000000e+04 4.685203684091389653e-01
1.042000000000000000e+04 4.685830604249923703e-01
1.043000000000000000e+04 4.686403211513845424e-01
1.044000000000000000e+04 4.686922591969821528e-01
1.045000000000000000e+04 4.687389848747086640e-01
1.046000000000000000e+04 4.687805718027606150e-01
1.047000000000000000e+04 4.688170246912244932e-01
1.048000000000000000e+04 4.688482581000908422e-01
1.049000000000000000e+04 4.688740872145824023e-01
1.050000000000000000e+04 4.688942308737300557e-01
1.051000000000000000e+04 4.689083254921537769e-01
1.052000000000000000e+04 4.689159477059423597e-01
1.053000000000000000e+04 4.689166438776573576e-01
1.054000000000000000e+04 4.689099632104696824e-01
1.055000000000000000e+04 4.688954920493957346e-01
1.056000000000000000e+04 4.688728871459402203e-01
1.057000000000000000e+04 4.688419047545117069e-01
1.058000000000000000e+04 4.688024224553587471e-01
1.059000000000000000e+04 4.687544527239418946e-01
1.060000000000000000e+04 4.686981464324183611e-01
1.061000000000000000e+04 4.686337842477216742e-01
1.062000000000000000e+04 4.685617566086856534e-01
1.063000000000000000e+04 4.684825346983562677e-01
1.064000000000000000e+04 4.683966361042191662e-01
1.065000000000000000e+04 4.683045891489344692e-01
1.066000000000000000e+04 4.682068995666323619e-01
1.067000000000000000e+04 4.681040254190247940e-01
1.068000000000000000e+04 4.679963626627912654e-01
1.069000000000000000e+04 4.678842429350936749e-01
1.070000000000000000e+04 4.677679438661880296e-01
1.071000000000000000e+04 4.676477099963409767e-01
1.072000000000000000e+04 4.675237807075516838e-01
1.073000000000000000e+04 4.673964212294867693e-01
1.074000000000000000e+04 4.672659524457403180e-01
1.075000000000000000e+04 4.671327757802642422e-01
1.076000000000000000e+04 4.669973903534936910e-01
1.077000000000000000e+04 4.668604003291783600e-01
1.078000000000000000e+04 4.667225122426241768e-01
1.079000000000000000e+04 4.665845228777008025e-01
1.080000000000000000e+04 4.664473001155702847e-01
1.081000000000000000e+04 4.663117598949851339e-01
1.082000000000000000e+04 4.661788423711690221e-01
1.083000000000000000e+04 4.660494896938853771e-01
1.084000000000000000e+04 4.659246277913502432e-01
1.085000000000000000e+04 4.658051535440421165e-01
1.086000000000000000e+04 4.656919266456905904e-01
1.087000000000000000e+04 4.655857656317929916e-01
1.088000000000000000e+04 4.654874467885767308e-01
1.089000000000000000e+04 4.653977037649211779e-01
1.090000000000000000e+04 4.653172247790256510e-01
1.091000000000000000e+04 4.652466463602952240e-01
1.092000000000000000e+04 4.651865422987767063e-01
1.093000000000000000e+04 4.651374075684535092e-01
1.094000000000000000e+04 4.650996388852698393e-01
1.095000000000000000e+04 4.650735148385990447e-01
1.096000000000000000e+04 4.650591786220026336e-01
1.097000000000000000e+04 4.650566273649144877e-01
1.098000000000000000e+04 4.650657110994513288e-01
1.099000000000000000e+04 4.650861425898893953e-01
1.100000000000000000e+04 4.651175179075027755e-01
1.101000000000000000e+04 4.651593458535517867e-01
1.102000000000000000e+04 4.652110822255972056e-01
1.103000000000000000e+04 4.652721648767729756e-01
1.104000000000000000e+04 4.653420447119374082e-01
1.105000000000000000e+04 4.654202084651080096e-01
1.106000000000000000e+04 4.655061906067510802e-01
1.107000000000000000e+04 4.655995733926753255e-01
1.108000000000000000e+04 4.656999761043278396e-01
1.109000000000000000e+04 4.658070358127149313e-01
1.110000000000000000e+04 4.659203829781489170e-01
1.111000000000000000e+04 4.660396157404662065e-01
1.112000000000000000e+04 4.661642764376457970e-01
1.113000000000000000e+04 4.662938332014146536e-01
1.114000000000000000e+04 4.664276695491252900e-01
1.115000000000000000e+04 4.665650822606975945e-01
1.116000000000000000e+04 4.667052866339925776e-01
1.117000000000000000e+04 4.668474282840270884e-01
1.118000000000000000e+04 4.669905994352898659e-01
1.119000000000000000e+04 4.671338583114854059e-01
1.120000000000000000e+04 4.672762500015875120e-01
1.121000000000000000e+04 4.674168265846164738e-01
1.122000000000000000e+04 4.675546651247408647e-01
1.123000000000000000e+04 4.676888828639611528e-01
1.124000000000000000e+04 4.678186497737829574e-01
1.125000000000000000e+04 4.679431989670901904e-01
1.126000000000000000e+04 4.680618351288752255e-01
1.127000000000000000e+04 4.681739412507858189e-01
1.128000000000000000e+04 4.682789842840290873e-01
1.129000000000000000e+04 4.683765201955893409e-01
1.130000000000000000e+04 4.684661984842074522e-01
1.131000000000000000e+04 4.685477658655852751e-01
1.132000000000000000e+04 4.686210682214714263e-01
1.133000000000000000e+04 4.686860496418943645e-01
1.134000000000000000e+04 4.687427472036869713e-01
1.135000000000000000e+04 4.687912804019117030e-01
1.136000000000000000e+04 4.688318348001449531e-01
1.137000000000000000e+04 4.688646403019155473e-01
1.138000000000000000e+04 4.688899453982535159e-01
1.139000000000000000e+04 4.689079897647881467e-01
1.140000000000000000e+04 4.689189784860244292e-01
1.141000000000000000e+04 4.689230615562645088e-01
1.142000000000000000e+04 4.689203217163528392e-01
1.143000000000000000e+04 4.689107728270803244e-01
1.144000000000000000e+04 4.688943692774655836e-01
1.145000000000000000e+04 4.688710251735709322e-01
1.146000000000000000e+04 4.688406402019144603e-01
1.147000000000000000e+04 4.688031280421455227e-01
1.148000000000000000e+04 4.687584429497654859e-01
1.149000000000000000e+04 4.687066006796442030e-01
1.150000000000000000e+04 4.686476909980399896e-01
1.151000000000000000e+04 4.685818803459824156e-01
1.152000000000000000e+04 4.685094049931827764e-01
1.153000000000000000e+04 4.684305567937674386e-01
1.154000000000000000e+04 4.683456648215040818e-01
1.155000000000000000e+04 4.682550766237459916e-01
1.156000000000000000e+04 4.681591426733689998e-01
1.157000000000000000e+04 4.680582066894106719e-01
1.158000000000000000e+04 4.679526032359373477e-01
1.159000000000000000e+04 4.678426626959887868e-01
1.160000000000000000e+04 4.677287223518610260e-01
1.161000000000000000e+04 4.676111412807904544e-01
1.162000000000000000e+04 4.674903164506952202e-01
1.163000000000000000e+04 4.673666979004207356e-01
1.164000000000000000e+04 4.672408012168518532e-01
1.165000000000000000e+04 4.671132158493914721e-01
1.166000000000000000e+04 4.669846081345039868e-01
1.167000000000000000e+04 4.668557182410125739e-01
1.168000000000000000e+04 4.667273505155564162e-01
1.169000000000000000e+04 4.666003572508805597e-01
1.170000000000000000e+04 4.664756164097770275e-01
1.171000000000000000e+04 4.663540048147593042e-01
1.172000000000000000e+04 4.662363694682235549e-01
1.173000000000000000e+04 4.661235002753804646e-01
1.174000000000000000e+04 4.660161076973599603e-01
1.175000000000000000e+04 4.659148083285177822e-01
1.176000000000000000e+04 4.658201202169092170e-01
1.177000000000000000e+04 4.657324684932599435e-01
1.178000000000000000e+04 4.656522002330537036e-01
1.179000000000000000e+04 4.655796060256564561e-01
1.180000000000000000e+04 4.655149444990865359e-01
1.181000000000000000e+04 4.654584653921206572e-01
1.182000000000000000e+04 4.654104272335740644e-01
1.183000000000000000e+04 4.653711067163459614e-01
1.184000000000000000e+04 4.653407981243987690e-01
1.185000000000000000e+04 4.653198031995156025e-01
1.186000000000000000e+04 4.653084137336905846e-01
1.187000000000000000e+04 4.653068902187829092e-01
1.188000000000000000e+04 4.653154395675636601e-01
1.189000000000000000e+04 4.653341948956725149e-01
1.190000000000000000e+04 4.653632000241408329e-01
1.191000000000000000e+04 4.654023999080563745e-01
1.192000000000000000e+04 4.654516371019947196e-01
1.193000000000000000e+04 4.655106536255898542e-01
1.194000000000000000e+04 4.655790967800456648e-01
1.195000000000000000e+04 4.656565278793123319e-01
1.196000000000000000e+04 4.657424337397028102e-01
1.197000000000000000e+04 4.658362412280226406e-01
1.198000000000000000e+04 4.659373347542871691e-01
1.199000000000000000e+04 4.660450760300931528e-01
1.200000000000000000e+04 4.661588243559799949e-01
1.201000000000000000e+04 4.662779545023439942e-01
1.202000000000000000e+04 4.664018688384001798e-01
1.203000000000000000e+04 4.665300005743387990e-01
1.204000000000000000e+04 4.666618059909541372e-01
1.205000000000000000e+04 4.667967456146323024e-01
1.206000000000000000e+04 4.669342566748908019e-01
1.207000000000000000e+04 4.670737210881525936e-01
1.208000000000000000e+04 4.672144349931071083e-01
1.209000000000000000e+04 4.673555864733824339e-01
1.210000000000000000e+04 4.674962471137626974e-01
1.211000000000000000e+04 4.676353805967607968e-01
1.212000000000000000e+04 4.677718689447422085e-01
1.213000000000000000e+04 4.679045555678223445e-01
1.214000000000000000e+04 4.680322995171853351e-01
1.215000000000000000e+04 4.681540331081764372e-01
1.216000000000000000e+04 4.682688164022130728e-01
1.217000000000000000e+04 4.683758823247738956e-01
1.218000000000000000e+04 4.684746679719412055e-01
1.219000000000000000e+04 4.685648294545118331e-01
1.220000000000000000e+04 4.686462398207655311e-01
1.221000000000000000e+04 4.687189716886249191e-01
1.222000000000000000e+04 4.687832670713866223e-01
1.223000000000000000e+04 4.688394976455161345e-01
1.224000000000000000e+04 4.688881191277398108e-01
1.225000000000000000e+04 4.689296235433932925e-01
1.226000000000000000e+04 4.689644938466928648e-01
1.227000000000000000e+04 4.689931648877262993e-01
1.228000000000000000e+04 4.690159939192145022e-01
1.229000000000000000e+04 4.690332427587508013e-01
1.230000000000000000e+04 4.690450721402364409e-01
1.231000000000000000e+04 4.690515463226302972e-01
1.232000000000000000e+04 4.690526453591380984e-01
1.233000000000000000e+04 4.690482822493156623e-01
1.234000000000000000e+04 4.690383219961938299e-01
1.235000000000000000e+04 4.690226007812676734e-01
1.236000000000000000e+04 4.690009449335043601e-01
1.237000000000000000e+04 4.689731900234311301e-01
1.238000000000000000e+04 4.689392003948932852e-01
1.239000000000000000e+04 4.688988895917499677e-01
1.240000000000000000e+04 4.688522413500209041e-01
1.241000000000000000e+04 4.687993294136335032e-01
1.242000000000000000e+04 4.687403334976039115e-01
1.243000000000000000e+04 4.686755482939873874e-01
1.244000000000000000e+04 4.686053827664668492e-01
1.245000000000000000e+04 4.685303479036059815e-01
1.246000000000000000e+04 4.684510327545255426e-01
1.247000000000000000e+04 4.683680708176107821e-01
1.248000000000000000e+04 4.682821010044994070e-01
1.249000000000000000e+04 4.681937286712274382e-01
1.250000000000000000e+04 4.681034927559258874e-01
1.251000000000000000e+04 4.680118441972286325e-01
1.252000000000000000e+04 4.679191389936639411e-01
1.253000000000000000e+04 4.678256469331334433e-01
1.254000000000000000e+04 4.677315744087494065e-01
1.255000000000000000e+04 4.676370968608029588e-01
1.256000000000000000e+04 4.675423947340188735e-01
1.257000000000000000e+04 4.674476869015810609e-01
1.258000000000000000e+04 4.673532562785622790e-01
1.259000000000000000e+04 4.672594639489036639e-01
1.260000000000000000e+04 4.671667512675427569e-01
1.261000000000000000e+04 4.670756298736194467e-01
1.262000000000000000e+04 4.669866614198293631e-01
1.263000000000000000e+04 4.669004306800548787e-01
1.264000000000000000e+04 4.668175159442402022e-01
1.265000000000000000e+04 4.667384598576872490e-01
1.266000000000000000e+04 4.666637443543062980e-01
1.267000000000000000e+04 4.665937723428006390e-01
1.268000000000000000e+04 4.665288565539028598e-01
1.269000000000000000e+04 4.664692162540973741e-01
1.270000000000000000e+04 4.664149820204440133e-01
1.271000000000000000e+04 4.663662078722778381e-01
1.272000000000000000e+04 4.663228902444204738e-01
1.273000000000000000e+04 4.662849927223531310e-01
1.274000000000000000e+04 4.662524740454969119e-01
1.275000000000000000e+04 4.662253169163295130e-01
1.276000000000000000e+04 4.662035546370339456e-01
1.277000000000000000e+04 4.661872919382167302e-01
1.278000000000000000e+04 4.661767164931263085e-01
1.279000000000000000e+04 4.661720983134324814e-01
1.280000000000000000e+04 4.661737755157498997e-01
1.281000000000000000e+04 4.661821267307343919e-01
1.282000000000000000e+04 4.661975322852669468e-01
1.283000000000000000e+04 4.662203285413847320e-01
1.284000000000000000e+04 4.662507613848851928e-01
1.285000000000000000e+04 4.662889452416145164e-01
1.286000000000000000e+04 4.663348337488464335e-01
1.287000000000000000e+04 4.663882061794538125e-01
1.288000000000000000e+04 4.664486708588852504e-01
1.289000000000000000e+04 4.665156846683460312e-01
1.290000000000000000e+04 4.665885854980762470e-01
1.291000000000000000e+04 4.666666319141782315e-01
1.292000000000000000e+04 4.667490440369314597e-01
1.293000000000000000e+04 4.668350405004377257e-01
1.294000000000000000e+04 4.669238678103868057e-01
1.295000000000000000e+04 4.670148202563198514e-01
1.296000000000000000e+04 4.671072512281594369e-01
1.297000000000000000e+04 4.672005762427081099e-01
1.298000000000000000e+04 4.672942690245855402e-01
1.299000000000000000e+04 4.673878527443495745e-01
1.300000000000000000e+04 4.674808881276913408e-01
1.301000000000000000e+04 4.675729599123965019e-01
1.302000000000000000e+04 4.676636624651327456e-01
1.303000000000000000e+04 4.677525858205692222e-01
1.304000000000000000e+04 4.678393042954624992e-01
1.305000000000000000e+04 4.679233698507291872e-01
1.306000000000000000e+04 4.680043125752481048e-01
1.307000000000000000e+04 4.680816498171556095e-01
1.308000000000000000e+04 4.681549039467470252e-01
1.309000000000000000e+04 4.682236269237390336e-01
1.310000000000000000e+04 4.682874278086668896e-01
1.311000000000000000e+04 4.683459982411580791e-01
1.312000000000000000e+04 4.683991313220259300e-01
1.313000000000000000e+04 4.684467295318144875e-01
1.314000000000000000e+04 4.684887988441232554e-01
1.315000000000000000e+04 4.685254297827274872e-01
1.316000000000000000e+04 4.685567686457332570e-01
1.317000000000000000e+04 4.685829840961402981e-01
1.318000000000000000e+04 4.686042355450615315e-01
1.319000000000000000e+04 4.686206491434895538e-01
1.320000000000000000e+04 4.686323046588978802e-01
1.321000000000000000e+04 4.686392345596005482e-01
1.322000000000000000e+04 4.686414345878318066e-01
1.323000000000000000e+04 4.686388833558415290e-01
1.324000000000000000e+04 4.686315673850692809e-01
1.325000000000000000e+04 4.686195074687002360e-01
1.326000000000000000e+04 4.686027826148472797e-01
1.327000000000000000e+04 4.685815486222038584e-01
1.328000000000000000e+04 4.685560493231597512e-01
1.329000000000000000e+04 4.685266194754955094e-01
1.330000000000000000e+04 4.684936790739348544e-01
1.331000000000000000e+04 4.684577193101928105e-01
1.332000000000000000e+04 4.684192805081537903e-01
1.333000000000000000e+04 4.683789232121491897e-01
1.334000000000000000e+04 4.683371952821954731e-01
1.335000000000000000e+04 4.682945988085314704e-01
1.336000000000000000e+04 4.682515610535727957e-01
1.337000000000000000e+04 4.682084134747948045e-01
1.338000000000000000e+04 4.681653820476212036e-01
1.339000000000000000e+04 4.681225904462432696e-01
1.340000000000000000e+04 4.680800756740666202e-01
1.341000000000000000e+04 4.680378137585103904e-01
1.342000000000000000e+04 4.679957511811957405e-01
1.343000000000000000e+04 4.679538369155354927e-01
1.344000000000000000e+04 4.679120505313180689e-01
1.345000000000000000e+04 4.678704223533821649e-01
1.346000000000000000e+04 4.678290428922854960e-01
1.347000000000000000e+04 4.677880635292103184e-01
1.348000000000000000e+04 4.677476903694627874e-01
1.349000000000000000e+04 4.677081731668953912e-01
1.350000000000000000e+04 4.676697925629959562e-01
1.351000000000000000e+04 4.676328483138806336e-01
1.352000000000000000e+04 4.675976503283617580e-01
1.353000000000000000e+04 4.675645123746417497e-01
1.354000000000000000e+04 4.675337466590619995e-01
1.355000000000000000e+04 4.675056568934052303e-01
1.356000000000000000e+04 4.674805282626892655e-01
1.357000000000000000e+04 4.674586135808652676e-01
1.358000000000000000e+04 4.674401165950649029e-01
1.359000000000000000e+04 4.674251749706464509e-01
1.360000000000000000e+04 4.674138467606597236e-01
1.361000000000000000e+04 4.674061042049539316e-01
1.362000000000000000e+04 4.674018379167615422e-01
1.363000000000000000e+04 4.674008726187829366e-01
1.364000000000000000e+04 4.674029932923824404e-01
1.365000000000000000e+04 4.674079776779798689e-01
1.366000000000000000e+04 4.674156290987430129e-01
1.367000000000000000e+04 4.674258035309752923e-01
1.368000000000000000e+04 4.674384259003049880e-01
1.369000000000000000e+04 4.674534906197931883e-01
1.370000000000000000e+04 4.674710453728490034e-01
1.371000000000000000e+04 4.674911641365064874e-01
1.372000000000000000e+04 4.675139129301377761e-01
1.373000000000000000e+04 4.675393139168541601e-01
1.374000000000000000e+04 4.675673147083888037e-01
1.375000000000000000e+04 4.675977685919508464e-01
1.376000000000000000e+04 4.676304282439162074e-01
1.377000000000000000e+04 4.676649523700939781e-01
1.378000000000000000e+04 4.677009225290652550e-01
1.379000000000000000e+04 4.677378660131580324e-01
1.380000000000000000e+04 4.677752799254241145e-01
1.381000000000000000e+04 4.678126527842907389e-01
1.382000000000000000e+04 4.678494819273377736e-01
1.383000000000000000e+04 4.678852858784128266e-01
1.384000000000000000e+04 4.679196119866810832e-01
1.385000000000000000e+04 4.679520403917434845e-01
1.386000000000000000e+04 4.679821851643882757e-01
1.387000000000000000e+04 4.680096932032405399e-01
1.388000000000000000e+04 4.680342426221522079e-01
1.389000000000000000e+04 4.680555415352383730e-01
1.390000000000000000e+04 4.680733274493582563e-01
1.391000000000000000e+04 4.680873685227285308e-01
1.392000000000000000e+04 4.680974680885102157e-01
1.393000000000000000e+04 4.681034731962314122e-01
1.394000000000000000e+04 4.681052871639133084e-01
1.395000000000000000e+04 4.681028849418774063e-01
1.396000000000000000e+04 4.680963286322620265e-01
1.397000000000000000e+04 4.680857796838749918e-01
1.398000000000000000e+04 4.680715042612935695e-01
1.399000000000000000e+04 4.680538689768504734e-01
1.400000000000000000e+04 4.680333255517610258e-01
1.401000000000000000e+04 4.680103849591897847e-01
1.402000000000000000e+04 4.679855837624229964e-01
1.403000000000000000e+04 4.679594470210098889e-01
1.404000000000000000e+04 4.679324533853806978e-01
1.405000000000000000e+04 4.679050080364829389e-01
1.406000000000000000e+04 4.678774278468578185e-01
1.407000000000000000e+04 4.678499407114691255e-01
1.408000000000000000e+04 4.678226977888539362e-01
1.409000000000000000e+04 4.677957951020280114e-01
1.410000000000000000e+04 4.677692991664429978e-01
1.411000000000000000e+04 4.677432709182938741e-01
1.412000000000000000e+04 4.677177833824104902e-01
1.413000000000000000e+04 4.676929306083080773e-01
1.414000000000000000e+04 4.676688279273331639e-01
1.415000000000000000e+04 4.676456057338412853e-01
1.416000000000000000e+04 4.676234005317974618e-01
1.417000000000000000e+04 4.676023471473105264e-01
1.418000000000000000e+04 4.675825751383407836e-01
1.419000000000000000e+04 4.675642107316925755e-01
1.420000000000000000e+04 4.675473838274307181e-01
1.421000000000000000e+04 4.675322379580005294e-01
1.422000000000000000e+04 4.675189403903694529e-01
1.423000000000000000e+04 4.675076892722663247e-01
1.424000000000000000e+04 4.674987156117784703e-01
1.425000000000000000e+04 4.674922790277698526e-01
1.426000000000000000e+04 4.674886576512272685e-01
1.427000000000000000e+04 4.674881336910244323e-01
1.428000000000000000e+04 4.674909767120369875e-01
1.429000000000000000e+04 4.674974271805784065e-01
1.430000000000000000e+04 4.675076818827120229e-01
1.431000000000000000e+04 4.675218819161641726e-01
1.432000000000000000e+04 4.675401034396459710e-01
1.433000000000000000e+04 4.675623508168215148e-01
1.434000000000000000e+04 4.675885519635804566e-01
1.435000000000000000e+04 4.676185561218912379e-01
1.436000000000000000e+04 4.676521347565528730e-01
1.437000000000000000e+04 4.676889867604843154e-01
1.438000000000000000e+04 4.677287491070295511e-01
1.439000000000000000e+04 4.677710132683370325e-01
1.440000000000000000e+04 4.678153464197534750e-01
1.441000000000000000e+04 4.678613150241747176e-01
1.442000000000000000e+04 4.679085074159138880e-01
1.443000000000000000e+04 4.679565518179667483e-01
1.444000000000000000e+04 4.680051270651807149e-01
1.445000000000000000e+04 4.680539648879626369e-01
1.446000000000000000e+04 4.681028448806653919e-01
1.447000000000000000e+04 4.681515848645381173e-01
1.448000000000000000e+04 4.682000304861536066e-01
1.449000000000000000e+04 4.682480477213754599e-01
1.450000000000000000e+04 4.682955205251811970e-01
1.451000000000000000e+04 4.683423536216643757e-01
1.452000000000000000e+04 4.683884784951750646e-01
1.453000000000000000e+04 4.684338590585838680e-01
1.454000000000000000e+04 4.684784931367563243e-01
1.455000000000000000e+04 4.685224069297489469e-01
1.456000000000000000e+04 4.685656414172505446e-01
1.457000000000000000e+04 4.686082321964752939e-01
1.458000000000000000e+04 4.686501863595343154e-01
1.459000000000000000e+04 4.686914612715268325e-01
1.460000000000000000e+04 4.687319498919404470e-01
1.461000000000000000e+04 4.687714760518726376e-01
1.462000000000000000e+04 4.688098007341355844e-01
1.463000000000000000e+04 4.688466376164442395e-01
1.464000000000000000e+04 4.688816740148495921e-01
1.465000000000000000e+04 4.689145924529258824e-01
1.466000000000000000e+04 4.689450881888092559e-01
1.467000000000000000e+04 4.689728796277758405e-01
1.468000000000000000e+04 4.689977108414346008e-01
1.469000000000000000e+04 4.690193478402863159e-01
1.470000000000000000e+04 4.690375716682109175e-01
1.471000000000000000e+04 4.690521721364869778e-01
1.472000000000000000e+04 4.690629451889483104e-01
1.473000000000000000e+04 4.690696953287085136e-01
1.474000000000000000e+04 4.690722425004648644e-01
1.475000000000000000e+04 4.690704310671424682e-01
1.476000000000000000e+04 4.690641375540027247e-01
1.477000000000000000e+04 4.690532741337689049e-01
1.478000000000000000e+04 4.690377860560064338e-01
1.479000000000000000e+04 4.690176429712790140e-01
1.480000000000000000e+04 4.689928262264319581e-01
1.481000000000000000e+04 4.689633152291383666e-01
1.482000000000000000e+04 4.689290770151855470e-01
1.483000000000000000e+04 4.688900625922652332e-01
1.484000000000000000e+04 4.688462124682089005e-01
1.485000000000000000e+04 4.687974720901638692e-01
1.486000000000000000e+04 4.687438157990487242e-01
1.487000000000000000e+04 4.686852759486664910e-01
1.488000000000000000e+04 4.686219725626842858e-01
1.489000000000000000e+04 4.685541383768917489e-01
1.490000000000000000e+04 4.684821346494338346e-01
1.491000000000000000e+04 4.684064546647314642e-01
1.492000000000000000e+04 4.683277137092665132e-01
1.493000000000000000e+04 4.682466267047549757e-01
1.494000000000000000e+04 4.681639761233536978e-01
1.495000000000000000e+04 4.680805739919427499e-01
1.496000000000000000e+04 4.679972217793327283e-01
1.497000000000000000e+04 4.679146715944908497e-01
1.498000000000000000e+04 4.678335915244097865e-01
1.499000000000000000e+04 4.677545371631097182e-01
1.500000000000000000e+04 4.676779312082811058e-01
