Time	Population
0.000000000000000000e+00 1.004849570511680001e-01
1.000000000000000000e+01 1.007272999682486403e-01
2.000000000000000000e+01 1.014639929358263498e-01
3.000000000000000000e+01 1.026690220411537458e-01
4.000000000000000000e+01 1.043456696929703359e-01
5.000000000000000000e+01 1.064835683775040009e-01
6.000000000000000000e+01 1.090692699621740314e-01
7.000000000000000000e+01 1.120859560630793894e-01
8.000000000000000000e+01 1.155131555789659231e-01
9.000000000000000000e+01 1.193265295938674420e-01
1.000000000000000000e+02 1.234977397165515078e-01
1.100000000000000000e+02 1.279944261338285538e-01
1.200000000000000000e+02 1.327802952767408173e-01
1.300000000000000000e+02 1.378153129690114220e-01
1.400000000000000000e+02 1.430559892986913439e-01
1.500000000000000000e+02 1.484557399406708500e-01
1.600000000000000000e+02 1.539653141419130011e-01
1.700000000000000000e+02 1.595332847787426789e-01
1.800000000000000000e+02 1.651066055810427036e-01
1.900000000000000000e+02 1.706312404984872133e-01
2.000000000000000000e+02 1.760528816568593113e-01
2.100000000000000000e+02 1.813177562587809655e-01
2.200000000000000000e+02 1.863735377204334964e-01
2.300000000000000000e+02 1.911703146785674046e-01
2.400000000000000000e+02 1.956616501715181256e-01
2.500000000000000000e+02 1.998056684184292831e-01
2.600000000000000000e+02 2.035660801640599704e-01
2.700000000000000000e+02 2.069131672794704835e-01
2.800000000000000000e+02 2.098246614719384284e-01
2.900000000000000000e+02 2.122863987370250116e-01
3.000000000000000000e+02 2.142927491154660302e-01
3.100000000000000000e+02 2.158467899097467335e-01
3.200000000000000000e+02 2.169601982679413565e-01
3.300000000000000000e+02 2.176528395587991049e-01
3.400000000000000000e+02 2.179520807837728447e-01
3.500000000000000000e+02 2.178918744604089741e-01
3.600000000000000000e+02 2.175116215118644003e-01
3.700000000000000000e+02 2.168549020489054235e-01
3.800000000000000000e+02 2.159681383240001640e-01
3.900000000000000000e+02 2.148992160923199335e-01
4.000000000000000000e+02 2.136961760805285715e-01
4.100000000000000000e+02 2.124059758023833788e-01
4.200000000000000000e+02 2.110734267013378296e-01
4.300000000000000000e+02 2.097403010317954453e-01
4.400000000000000000e+02 2.084446331255561113e-01
4.500000000000000000e+02 2.072202201722671278e-01
4.600000000000000000e+02 2.060963274143484958e-01
4.700000000000000000e+02 2.050975984142098252e-01
4.800000000000000000e+02 2.042441182038240710e-01
4.900000000000000000e+02 2.035515988670966447e-01
5.000000000000000000e+02 2.030317078280690357e-01
5.100000000000000000e+02 2.026924470710830539e-01
5.200000000000000000e+02 2.025385946721624808e-01
5.300000000000000000e+02 2.025721776187678624e-01
5.400000000000000000e+02 2.027929226979637845e-01
5.500000000000000000e+02 2.031986839629714992e-01
5.600000000000000000e+02 2.037858549360131999e-01
5.700000000000000000e+02 2.045497221088866391e-01
5.800000000000000000e+02 2.054847698438080905e-01
5.900000000000000000e+02 2.065849468993548599e-01
6.000000000000000000e+02 2.078438747033979905e-01
6.100000000000000000e+02 2.092550063292742957e-01
6.200000000000000000e+02 2.108117577091817296e-01
6.300000000000000000e+02 2.125076050469204836e-01
6.400000000000000000e+02 2.143361460109153571e-01
6.500000000000000000e+02 2.162911497567611974e-01
6.600000000000000000e+02 2.183665932626699391e-01
6.700000000000000000e+02 2.205566844739011712e-01
6.800000000000000000e+02 2.228558805772087037e-01
6.900000000000000000e+02 2.252588883874976078e-01
7.000000000000000000e+02 2.277606531495441067e-01
7.100000000000000000e+02 2.303563502324822154e-01
7.200000000000000000e+02 2.330413618351904748e-01
7.300000000000000000e+02 2.358112318201218693e-01
7.400000000000000000e+02 2.386616090869634332e-01
7.500000000000000000e+02 2.415881749363600062e-01
7.600000000000000000e+02 2.445865629254992124e-01
7.700000000000000000e+02 2.476522627316935787e-01
7.800000000000000000e+02 2.507805169049192040e-01
7.900000000000000000e+02 2.539662144736587468e-01
8.000000000000000000e+02 2.572037869340009220e-01
8.100000000000000000e+02 2.604871189166980683e-01
8.200000000000000000e+02 2.638094733324153895e-01
8.300000000000000000e+02 2.671634372968896831e-01
8.400000000000000000e+02 2.705408871310006069e-01
8.500000000000000000e+02 2.739329792807465025e-01
8.600000000000000000e+02 2.773301701687918008e-01
8.700000000000000000e+02 2.807222675731512185e-01
8.800000000000000000e+02 2.840985008445914284e-01
8.900000000000000000e+02 2.874476105161597461e-01
9.000000000000000000e+02 2.907579557023738381e-01
9.100000000000000000e+02 2.940176360803276601e-01
9.200000000000000000e+02 2.972146238912550253e-01
9.300000000000000000e+02 3.003369014500570366e-01
9.400000000000000000e+02 3.033725999696580411e-01
9.500000000000000000e+02 3.063101338833084664e-01
9.600000000000000000e+02 3.091383338859557406e-01
9.700000000000000000e+02 3.118465745271920553e-01
9.800000000000000000e+02 3.144248915289073465e-01
9.900000000000000000e+02 3.168640887275424589e-01
1.000000000000000000e+03 3.191558363212088634e-01
1.010000000000000000e+03 3.212927560763453871e-01
1.020000000000000000e+03 3.232684983422913216e-01
1.030000000000000000e+03 3.250778090710332302e-01
1.040000000000000000e+03 3.267165836191028849e-01
1.050000000000000000e+03 3.281819133540253008e-01
1.060000000000000000e+03 3.294721226678466452e-01
1.070000000000000000e+03 3.305867941437983792e-01
1.080000000000000000e+03 3.315267824842285660e-01
1.090000000000000000e+03 3.322942191777457643e-01
1.100000000000000000e+03 3.328925096673678308e-01
1.110000000000000000e+03 3.333263172022927767e-01
1.120000000000000000e+03 3.336015321600653283e-01
1.130000000000000000e+03 3.337252266157867409e-01
1.140000000000000000e+03 3.337055926471729217e-01
1.150000000000000000e+03 3.335518664966691804e-01
1.160000000000000000e+03 3.332742343197977464e-01
1.170000000000000000e+03 3.328837214703861402e-01
1.180000000000000000e+03 3.323920666909264132e-01
1.190000000000000000e+03 3.318115826582244132e-01
1.200000000000000000e+03 3.311550035733258901e-01
1.210000000000000000e+03 3.304353260748468801e-01
1.220000000000000000e+03 3.296656480050524363e-01
1.230000000000000000e+03 3.288590068451539561e-01
1.240000000000000000e+03 3.280282228273765921e-01
1.250000000000000000e+03 3.271857527995161163e-01
1.260000000000000000e+03 3.263435590332773306e-01
1.270000000000000000e+03 3.255129961231856273e-01
1.280000000000000000e+03 3.247047173497834560e-01
1.290000000000000000e+03 3.239286024157644883e-01
1.300000000000000000e+03 3.231937073590738230e-01
1.310000000000000000e+03 3.225082359902399776e-01
1.320000000000000000e+03 3.218795304886990505e-01
1.330000000000000000e+03 3.213140782566261677e-01
1.340000000000000000e+03 3.208175337296386709e-01
1.350000000000000000e+03 3.203947514003002706e-01
1.360000000000000000e+03 3.200498259278613533e-01
1.370000000000000000e+03 3.197861360858336721e-01
1.380000000000000000e+03 3.196063900469950370e-01
1.390000000000000000e+03 3.195126693630240267e-01
1.400000000000000000e+03 3.195064701254317630e-01
1.410000000000000000e+03 3.195887415551433852e-01
1.420000000000000000e+03 3.197599217085455026e-01
1.430000000000000000e+03 3.200199700325365715e-01
1.440000000000000000e+03 3.203683980130532793e-01
1.450000000000000000e+03 3.208042989331688077e-01
1.460000000000000000e+03 3.213263769187394980e-01
1.470000000000000000e+03 3.219329759070568842e-01
1.480000000000000000e+03 3.226221090406450331e-01
1.490000000000000000e+03 3.233914889171172757e-01
1.500000000000000000e+03 3.242385590394202266e-01
1.510000000000000000e+03 3.251605251857566659e-01
1.520000000000000000e+03 3.261543857442835148e-01
1.530000000000000000e+03 3.272169604414064681e-01
1.540000000000000000e+03 3.283449160897219943e-01
1.550000000000000000e+03 3.295347884729432630e-01
1.560000000000000000e+03 3.307829995367704279e-01
1.570000000000000000e+03 3.320858688555561322e-01
1.580000000000000000e+03 3.334396185180427130e-01
1.590000000000000000e+03 3.348403714366558481e-01
1.600000000000000000e+03 3.362841437827025493e-01
1.610000000000000000e+03 3.377668325000472982e-01
1.620000000000000000e+03 3.392841995120897125e-01
1.630000000000000000e+03 3.408318542528696593e-01
1.640000000000000000e+03 3.424052362051446252e-01
1.650000000000000000e+03 3.439995994986183581e-01
1.660000000000000000e+03 3.456100013640570623e-01
1.670000000000000000e+03 3.472312964703433424e-01
1.680000000000000000e+03 3.488581386382084149e-01
1.690000000000000000e+03 3.504849906137351701e-01
1.700000000000000000e+03 3.521061425058948369e-01
1.710000000000000000e+03 3.537157389971924970e-01
1.720000000000000000e+03 3.553078151211201963e-01
1.730000000000000000e+03 3.568763397297129991e-01
1.740000000000000000e+03 3.584152651730945216e-01
1.750000000000000000e+03 3.599185818611626564e-01
1.760000000000000000e+03 3.613803764916256323e-01
1.770000000000000000e+03 3.627948921967748541e-01
1.780000000000000000e+03 3.641565889124502298e-01
1.790000000000000000e+03 3.654602027728078850e-01
1.800000000000000000e+03 3.667008030103249827e-01
1.810000000000000000e+03 3.678738450502928581e-01
1.820000000000000000e+03 3.689752190992449110e-01
1.830000000000000000e+03 3.700012940900531677e-01
1.840000000000000000e+03 3.709489564868693745e-01
1.850000000000000000e+03 3.718156433499983371e-01
1.860000000000000000e+03 3.725993695018341989e-01
1.870000000000000000e+03 3.732987490694764099e-01
1.880000000000000000e+03 3.739130113483507545e-01
1.890000000000000000e+03 3.744420106127605563e-01
1.900000000000000000e+03 3.748862299236404572e-01
1.910000000000000000e+03 3.752467791056645074e-01
1.920000000000000000e+03 3.755253869234851383e-01
1.930000000000000000e+03 3.757243868528701847e-01
1.940000000000000000e+03 3.758466959554918052e-01
1.950000000000000000e+03 3.758957866919404034e-01
1.960000000000000000e+03 3.758756516184724172e-01
1.970000000000000000e+03 3.757907614877253888e-01
1.980000000000000000e+03 3.756460173757637522e-01
1.990000000000000000e+03 3.754466969400638843e-01
2.000000000000000000e+03 3.751983957955216109e-01
2.010000000000000000e+03 3.749069653272794622e-01
2.020000000000000000e+03 3.745784482979448438e-01
2.030000000000000000e+03 3.742190139385854764e-01
2.040000000000000000e+03 3.738348938676656075e-01
2.050000000000000000e+03 3.734323200294640266e-01
2.060000000000000000e+03 3.730174662633922722e-01
2.070000000000000000e+03 3.725963947352079475e-01
2.080000000000000000e+03 3.721750080643344560e-01
2.090000000000000000e+03 3.717590079399271108e-01
2.100000000000000000e+03 3.713538607561235327e-01
2.110000000000000000e+03 3.709647702477654740e-01
2.120000000000000000e+03 3.705966566549986352e-01
2.130000000000000000e+03 3.702541421190980730e-01
2.140000000000000000e+03 3.699415415898544279e-01
2.150000000000000000e+03 3.696628576379868969e-01
2.160000000000000000e+03 3.694217778639899419e-01
2.170000000000000000e+03 3.692216745735939498e-01
2.180000000000000000e+03 3.690656057392301959e-01
2.190000000000000000e+03 3.689563162392348605e-01
2.200000000000000000e+03 3.688962391541931174e-01
2.210000000000000000e+03 3.688874965460268718e-01
2.220000000000000000e+03 3.689318986641174081e-01
2.230000000000000000e+03 3.690309412510982545e-01
2.240000000000000000e+03 3.691858018877041125e-01
2.250000000000000000e+03 3.693973359389896016e-01
2.260000000000000000e+03 3.696660716422472959e-01
2.270000000000000000e+03 3.699922043575258890e-01
2.280000000000000000e+03 3.703755910034878251e-01
2.290000000000000000e+03 3.708157457405985569e-01
2.300000000000000000e+03 3.713118371809132623e-01
2.310000000000000000e+03 3.718626874995197285e-01
2.320000000000000000e+03 3.724667740221885293e-01
2.330000000000000000e+03 3.731222333088600740e-01
2.340000000000000000e+03 3.738268676465937301e-01
2.350000000000000000e+03 3.745781546568238141e-01
2.360000000000000000e+03 3.753732605528075084e-01
2.370000000000000000e+03 3.762090569585523903e-01
2.380000000000000000e+03 3.770821412764748803e-01
2.390000000000000000e+03 3.779888604318203393e-01
2.400000000000000000e+03 3.789253373644759781e-01
2.410000000000000000e+03 3.798874999546862363e-01
2.420000000000000000e+03 3.808711120454095211e-01
2.430000000000000000e+03 3.818718053227546649e-01
2.440000000000000000e+03 3.828851112979135829e-01
2.450000000000000000e+03 3.839064932792506379e-01
2.460000000000000000e+03 3.849313773367897817e-01
2.470000000000000000e+03 3.859551811786319231e-01
2.480000000000000000e+03 3.869733402628973140e-01
2.490000000000000000e+03 3.879813314666246682e-01
2.500000000000000000e+03 3.889746950502839806e-01
2.510000000000000000e+03 3.899490551861645726e-01
2.520000000000000000e+03 3.909001390678848442e-01
2.530000000000000000e+03 3.918237944323311739e-01
2.540000000000000000e+03 3.927160057179741037e-01
2.550000000000000000e+03 3.935729097368076412e-01
2.560000000000000000e+03 3.943908113701133367e-01
2.570000000000000000e+03 3.951661995993396848e-01
2.580000000000000000e+03 3.958957642128634880e-01
2.590000000000000000e+03 3.965764133476045172e-01
2.600000000000000000e+03 3.972052915341636736e-01
2.610000000000000000e+03 3.977797972621347489e-01
2.620000000000000000e+03 3.982975995256366475e-01
2.630000000000000000e+03 3.987566535191724437e-01
2.640000000000000000e+03 3.991552150251467257e-01
2.650000000000000000e+03 3.994918522794627669e-01
2.660000000000000000e+03 3.997654545270997728e-01
2.670000000000000000e+03 3.999752371176168442e-01
2.680000000000000000e+03 4.001207431874617693e-01
2.690000000000000000e+03 4.002018422005962361e-01
2.700000000000000000e+03 4.002187257408333920e-01
2.710000000000000000e+03 4.001719005268714602e-01
2.720000000000000000e+03 4.000621787706546417e-01
2.730000000000000000e+03 3.998906667015098004e-01
2.740000000000000000e+03 3.996587520402942184e-01
2.750000000000000000e+03 3.993680906088549198e-01
2.760000000000000000e+03 3.990205919154868885e-01
2.770000000000000000e+03 3.986184037910979194e-01
2.780000000000000000e+03 3.981638965673989783e-01
2.790000000000000000e+03 3.976596469732706640e-01
2.800000000000000000e+03 3.971084213423619613e-01
2.810000000000000000e+03 3.965131577380889283e-01
2.820000000000000000e+03 3.958769470721613115e-01
2.830000000000000000e+03 3.952030133777388876e-01
2.840000000000000000e+03 3.944946932030682363e-01
2.850000000000000000e+03 3.937554145524516103e-01
2.860000000000000000e+03 3.929886761749797897e-01
2.870000000000000000e+03 3.921980273372207559e-01
2.880000000000000000e+03 3.913870480347801384e-01
2.890000000000000000e+03 3.905593302481179530e-01
2.900000000000000000e+03 3.897184609217050899e-01
2.910000000000000000e+03 3.888680067108445382e-01
2.920000000000000000e+03 3.880115003575514421e-01
2.930000000000000000e+03 3.871524292842053461e-01
2.940000000000000000e+03 3.862942266515612122e-01
2.950000000000000000e+03 3.854402642808810731e-01
2.960000000000000000e+03 3.845938472844307454e-01
2.970000000000000000e+03 3.837582107922870578e-01
2.980000000000000000e+03 3.829365188741093995e-01
2.990000000000000000e+03 3.821318650981944676e-01
3.000000000000000000e+03 3.813472737851352212e-01
3.010000000000000000e+03 3.805857011199621498e-01
3.020000000000000000e+03 3.798500356320608229e-01
3.030000000000000000e+03 3.791430978445235467e-01
3.040000000000000000e+03 3.784676385788529607e-01
3.050000000000000000e+03 3.778263352741346726e-01
3.060000000000000000e+03 3.772217860687501756e-01
3.070000000000000000e+03 3.766565014485883101e-01
3.080000000000000000e+03 3.761328933123193607e-01
3.090000000000000000e+03 3.756532615267737518e-01
3.100000000000000000e+03 3.752197782821051208e-01
3.110000000000000000e+03 3.748344705646819430e-01
3.120000000000000000e+03 3.744992008569363318e-01
3.130000000000000000e+03 3.742156465539421828e-01
3.140000000000000000e+03 3.739852791180916514e-01
3.150000000000000000e+03 3.738093437513667072e-01
3.160000000000000000e+03 3.736888396767553688e-01
3.170000000000000000e+03 3.736245007053559108e-01
3.180000000000000000e+03 3.736167758920887483e-01
3.190000000000000000e+03 3.736658107469638668e-01
3.200000000000000000e+03 3.737714300842994164e-01
3.210000000000000000e+03 3.739331235057157810e-01
3.220000000000000000e+03 3.741500339545558163e-01
3.230000000000000000e+03 3.744209493501650665e-01
3.240000000000000000e+03 3.747442974252233605e-01
3.250000000000000000e+03 3.751181442504687991e-01
3.260000000000000000e+03 3.755401970234937825e-01
3.270000000000000000e+03 3.760078117186002045e-01
3.280000000000000000e+03 3.765180063001836164e-01
3.290000000000000000e+03 3.770674799955289758e-01
3.300000000000000000e+03 3.776526385271033459e-01
3.310000000000000000e+03 3.782696247777830867e-01
3.320000000000000000e+03 3.789143541590376252e-01
3.330000000000000000e+03 3.795825539656609848e-01
3.340000000000000000e+03 3.802698060324881113e-01
3.350000000000000000e+03 3.809715919311768562e-01
3.360000000000000000e+03 3.816833396922637567e-01
3.370000000000000000e+03 3.824004708129108976e-01
3.380000000000000000e+03 3.831184465527573968e-01
3.390000000000000000e+03 3.838328127491223429e-01
3.400000000000000000e+03 3.845392423303575224e-01
3.410000000000000000e+03 3.852335748595026588e-01
3.420000000000000000e+03 3.859118526782800429e-01
3.430000000000000000e+03 3.865703531707801455e-01
3.440000000000000000e+03 3.872056165362378066e-01
3.450000000000000000e+03 3.878144685047322238e-01
3.460000000000000000e+03 3.883940377317376402e-01
3.470000000000000000e+03 3.889417678764090502e-01
3.480000000000000000e+03 3.894554244460920467e-01
3.490000000000000000e+03 3.899330965657530901e-01
3.500000000000000000e+03 3.903731939941944562e-01
3.510000000000000000e+03 3.907744398758036808e-01
3.520000000000000000e+03 3.911358599100954181e-01
3.530000000000000000e+03 3.914567685175260325e-01
3.540000000000000000e+03 3.917367522763825494e-01
3.550000000000000000e+03 3.919756510532556582e-01
3.560000000000000000e+03 3.921735374599123469e-01
3.570000000000000000e+03 3.923306951814320431e-01
3.580000000000000000e+03 3.924475965703889679e-01
3.590000000000000000e+03 3.925248798735099798e-01
3.600000000000000000e+03 3.925633263602891221e-01
3.610000000000000000e+03 3.925638375924046519e-01
3.620000000000000000e+03 3.925274133417395173e-01
3.630000000000000000e+03 3.924551307354642304e-01
3.640000000000000000e+03 3.923481249080802424e-01
3.650000000000000000e+03 3.922075714686740211e-01
3.660000000000000000e+03 3.920346711782111138e-01
3.670000000000000000e+03 3.918306370155930085e-01
3.680000000000000000e+03 3.915966838313474918e-01
3.690000000000000000e+03 3.913340209082349364e-01
3.700000000000000000e+03 3.910438475954243764e-01
3.710000000000000000e+03 3.907273519544802176e-01
3.720000000000000000e+03 3.903857122052415418e-01
3.730000000000000000e+03 3.900201007570753275e-01
3.740000000000000000e+03 3.896316906976353134e-01
3.750000000000000000e+03 3.892216645740344538e-01
3.760000000000000000e+03 3.887912252251933265e-01
3.770000000000000000e+03 3.883416082489303256e-01
3.780000000000000000e+03 3.878740954436397104e-01
3.790000000000000000e+03 3.873900284344188871e-01
3.800000000000000000e+03 3.868908216733873418e-01
3.810000000000000000e+03 3.863779740841252752e-01
3.820000000000000000e+03 3.858530787472559398e-01
3.830000000000000000e+03 3.853178302188347004e-01
3.840000000000000000e+03 3.847740292412015761e-01
3.850000000000000000e+03 3.842235844603457684e-01
3.860000000000000000e+03 3.836685105457611211e-01
3.870000000000000000e+03 3.831109223875273639e-01
3.880000000000000000e+03 3.825530253396895453e-01
3.890000000000000000e+03 3.819971016742637615e-01
3.900000000000000000e+03 3.814454936551197051e-01
3.910000000000000000e+03 3.809005837580003440e-01
3.920000000000000000e+03 3.803647726290389497e-01
3.930000000000000000e+03 3.798404555107506297e-01
3.940000000000000000e+03 3.793299979068148198e-01
3.950000000000000000e+03 3.788357111742377548e-01
3.960000000000000000e+03 3.783598286043828862e-01
3.970000000000000000e+03 3.779044824950467119e-01
3.980000000000000000e+03 3.774716827575312350e-01
3.990000000000000000e+03 3.770632975089260319e-01
4.000000000000000000e+03 3.766810360345495545e-01
4.010000000000000000e+03 3.763264343838660930e-01
4.020000000000000000e+03 3.760008436345051996e-01
4.030000000000000000e+03 3.757054206851103695e-01
4.040000000000000000e+03 3.754411215178760641e-01
4.050000000000000000e+03 3.752086970512295561e-01
4.060000000000000000e+03 3.750086917749760884e-01
4.070000000000000000e+03 3.748414452438293964e-01
4.080000000000000000e+03 3.747070963434680491e-01
4.090000000000000000e+03 3.746055901813707401e-01
4.100000000000000000e+03 3.745366876180579174e-01
4.110000000000000000e+03 3.744999775825142985e-01
4.120000000000000000e+03 3.744948920781686064e-01
4.130000000000000000e+03 3.745207233908717237e-01
4.140000000000000000e+03 3.745766428450828522e-01
4.150000000000000000e+03 3.746617205857353250e-01
4.160000000000000000e+03 3.747749459131062832e-01
4.170000000000000000e+03 3.749152475945255469e-01
4.180000000000000000e+03 3.750815135854613236e-01
4.190000000000000000e+03 3.752726096586759263e-01
4.200000000000000000e+03 3.754873963629540845e-01
4.210000000000000000e+03 3.757247437627306286e-01
4.220000000000000000e+03 3.759835436357987781e-01
4.230000000000000000e+03 3.762627190499380769e-01
4.240000000000000000e+03 3.765612313587214932e-01
4.250000000000000000e+03 3.768780847071414586e-01
4.260000000000000000e+03 3.772123281896192504e-01
4.270000000000000000e+03 3.775630558029329231e-01
4.280000000000000000e+03 3.779294043030546613e-01
4.290000000000000000e+03 3.783105491988348890e-01
4.300000000000000000e+03 3.787056993572790464e-01
4.310000000000000000e+03 3.791140907665056514e-01
4.320000000000000000e+03 3.795349799275568037e-01
4.330000000000000000e+03 3.799676371881443027e-01
4.340000000000000000e+03 3.804113402853932513e-01
4.350000000000000000e+03 3.808653684776269754e-01
4.360000000000000000e+03 3.813289976106525869e-01
4.370000000000000000e+03 3.818014961072552227e-01
4.380000000000000000e+03 3.822821217349117728e-01
4.390000000000000000e+03 3.827701193510301692e-01
4.400000000000000000e+03 3.832647199983296726e-01
4.410000000000000000e+03 3.837651415352204554e-01
4.420000000000000000e+03 3.842705907250846264e-01
4.430000000000000000e+03 3.847802664614556889e-01
4.440000000000000000e+03 3.852933637960386237e-01
4.450000000000000000e+03 3.858090786503082792e-01
4.460000000000000000e+03 3.863266132765060812e-01
4.470000000000000000e+03 3.868451822681046037e-01
4.480000000000000000e+03 3.873640185599608321e-01
4.490000000000000000e+03 3.878823789296313440e-01
4.500000000000000000e+03 3.883995487427994719e-01
4.510000000000000000e+03 3.889148456991205483e-01
4.520000000000000000e+03 3.894276222643803242e-01
4.530000000000000000e+03 3.899372663059592070e-01
4.540000000000000000e+03 3.904431997767221496e-01
4.550000000000000000e+03 3.909448756167643313e-01
4.560000000000000000e+03 3.914417728828070708e-01
4.570000000000000000e+03 3.919333903765235272e-01
4.580000000000000000e+03 3.924192393161261005e-01
4.590000000000000000e+03 3.928988352676211493e-01
4.600000000000000000e+03 3.933716896115984074e-01
4.610000000000000000e+03 3.938373010089641912e-01
4.620000000000000000e+03 3.942951471717369705e-01
4.630000000000000000e+03 3.947446775072626646e-01
4.640000000000000000e+03 3.951853072779803466e-01
4.650000000000000000e+03 3.956164131273312012e-01
4.660000000000000000e+03 3.960373296631687912e-01
4.670000000000000000e+03 3.964473471255352544e-01
4.680000000000000000e+03 3.968457100777073587e-01
4.690000000000000000e+03 3.972316171586054989e-01
4.700000000000000000e+03 3.976042218946243545e-01
4.710000000000000000e+03 3.979626343010176370e-01
4.720000000000000000e+03 3.983059231134911116e-01
4.730000000000000000e+03 3.986331185335786342e-01
4.740000000000000000e+03 3.989432156068065116e-01
4.750000000000000000e+03 3.992351785276377352e-01
4.760000000000000000e+03 3.995079456622351866e-01
4.770000000000000000e+03 3.997604349863433382e-01
4.780000000000000000e+03 3.999915500946970570e-01
4.790000000000000000e+03 4.002001871584354720e-01
4.800000000000000000e+03 4.003852429630962995e-01
4.810000000000000000e+03 4.005456236334127840e-01
4.820000000000000000e+03 4.006802536382444435e-01
4.830000000000000000e+03 4.007880850786417204e-01
4.840000000000000000e+03 4.008681070639549815e-01
4.850000000000000000e+03 4.009193545777792744e-01
4.860000000000000000e+03 4.009409164190958497e-01
4.870000000000000000e+03 4.009319421887033719e-01
4.880000000000000000e+03 4.008916483065841918e-01
4.890000000000000000e+03 4.008193228528068031e-01
4.900000000000000000e+03 4.007143291580559374e-01
4.910000000000000000e+03 4.005761084310807685e-01
4.920000000000000000e+03 4.004041815301697116e-01
4.930000000000000000e+03 4.001981496923439630e-01
4.940000000000000000e+03 3.999576943270565788e-01
4.950000000000000000e+03 3.996825763680663113e-01
4.960000000000000000e+03 3.993726357568938012e-01
4.970000000000000000e+03 3.990277913354746686e-01
4.980000000000000000e+03 3.986480409319225204e-01
4.990000000000000000e+03 3.982334614385941163e-01
5.000000000000000000e+03 3.977842091387831513e-01
5.010000000000000000e+03 3.973005204783843225e-01
5.020000000000000000e+03 3.967827133599972633e-01
5.030000000000000000e+03 3.962311889160319844e-01
5.040000000000000000e+03 3.956464336315423380e-01
5.050000000000000000e+03 3.950290220372449368e-01
5.060000000000000000e+03 3.943796203003906431e-01
5.070000000000000000e+03 3.936989906650946169e-01
5.080000000000000000e+03 3.929879966204946062e-01
5.090000000000000000e+03 3.922476084982148836e-01
5.100000000000000000e+03 3.914789090998794796e-01
5.110000000000000000e+03 3.906830994487029973e-01
5.120000000000000000e+03 3.898615048298353924e-01
5.130000000000000000e+03 3.890155810378800316e-01
5.140000000000000000e+03 3.881469203876083407e-01
5.150000000000000000e+03 3.872572564867086120e-01
5.160000000000000000e+03 3.863484671341790300e-01
5.170000000000000000e+03 3.854225756121335555e-01
5.180000000000000000e+03 3.844817507617793728e-01
5.190000000000000000e+03 3.835283058153698410e-01
5.200000000000000000e+03 3.825646957480240418e-01
5.210000000000000000e+03 3.815935129945374760e-01
5.220000000000000000e+03 3.806174816854535625e-01
5.230000000000000000e+03 3.796394506223854104e-01
5.240000000000000000e+03 3.786623849828650301e-01
5.250000000000000000e+03 3.776893566802498325e-01
5.260000000000000000e+03 3.767235333460433044e-01
5.270000000000000000e+03 3.757681659053426215e-01
5.280000000000000000e+03 3.748265746060775450e-01
5.290000000000000000e+03 3.739021331660621894e-01
5.300000000000000000e+03 3.729982507862393271e-01
5.310000000000000000e+03 3.721183521506241099e-01
5.320000000000000000e+03 3.712658555484771861e-01
5.330000000000000000e+03 3.704441491088568683e-01
5.340000000000000000e+03 3.696565652503498445e-01
5.350000000000000000e+03 3.689063536015940170e-01
5.360000000000000000e+03 3.681966529146943334e-01
5.370000000000000000e+03 3.675304625285071847e-01
5.380000000000000000e+03 3.669106137279743440e-01
5.390000000000000000e+03 3.663397416228528769e-01
5.400000000000000000e+03 3.658202579741234861e-01
5.410000000000000000e+03 3.653543249292722783e-01
5.420000000000000000e+03 3.649438306415744293e-01
5.430000000000000000e+03 3.645903679168087108e-01
5.440000000000000000e+03 3.642952156854120105e-01
5.450000000000000000e+03 3.640593235855238419e-01
5.460000000000000000e+03 3.638833005715412794e-01
5.470000000000000000e+03 3.637674075381437389e-01
5.480000000000000000e+03 3.637115535024871282e-01
5.490000000000000000e+03 3.637152952486576996e-01
5.500000000000000000e+03 3.637778407186227358e-01
5.510000000000000000e+03 3.638980564197691892e-01
5.520000000000000000e+03 3.640744785231614378e-01
5.530000000000000000e+03 3.643053270484511996e-01
5.540000000000000000e+03 3.645885229547770057e-01
5.550000000000000000e+03 3.649217078942220693e-01
5.560000000000000000e+03 3.653022662188465941e-01
5.570000000000000000e+03 3.657273488985828824e-01
5.580000000000000000e+03 3.661938987321370909e-01
5.590000000000000000e+03 3.666986764775340690e-01
5.600000000000000000e+03 3.672382878744596124e-01
5.610000000000000000e+03 3.678092112387801316e-01
5.620000000000000000e+03 3.684078250390545040e-01
5.630000000000000000e+03 3.690304353030421369e-01
5.640000000000000000e+03 3.696733031923281620e-01
5.650000000000000000e+03 3.703326727438964183e-01
5.660000000000000000e+03 3.710047982096438268e-01
5.670000000000000000e+03 3.716859705268247827e-01
5.680000000000000000e+03 3.723725427861597770e-01
5.690000000000000000e+03 3.730609544706121050e-01
5.700000000000000000e+03 3.737477540380276242e-01
5.710000000000000000e+03 3.744296194875882389e-01
5.720000000000000000e+03 3.751033767695358678e-01
5.730000000000000000e+03 3.757660159129049271e-01
5.740000000000000000e+03 3.764147043937128290e-01
5.750000000000000000e+03 3.770467973176609422e-01
5.760000000000000000e+03 3.776598445610046539e-01
5.770000000000000000e+03 3.782515951085663186e-01
5.780000000000000000e+03 3.788199987916128775e-01
5.790000000000000000e+03 3.793632057113225931e-01
5.800000000000000000e+03 3.798795633640177916e-01
5.810000000000000000e+03 3.803676116191752055e-01
5.820000000000000000e+03 3.808260763275180816e-01
5.830000000000000000e+03 3.812538623431033780e-01
5.840000000000000000e+03 3.816500463431247714e-01
5.850000000000000000e+03 3.820138697216243773e-01
5.860000000000000000e+03 3.823447319485603346e-01
5.870000000000000000e+03 3.826421848051347330e-01
5.880000000000000000e+03 3.829059278324759008e-01
5.890000000000000000e+03 3.831358050384608971e-01
5.900000000000000000e+03 3.833318025370703874e-01
5.910000000000000000e+03 3.834940467474018955e-01
5.920000000000000000e+03 3.836228029390793548e-01
5.930000000000000000e+03 3.837184738543413243e-01
5.940000000000000000e+03 3.837815980723921494e-01
5.950000000000000000e+03 3.838128478808716659e-01
5.960000000000000000e+03 3.838130263954009913e-01
5.970000000000000000e+03 3.837830636010415297e-01
5.980000000000000000e+03 3.837240111579997004e-01
5.990000000000000000e+03 3.836370360672941016e-01
6.000000000000000000e+03 3.835234133364978093e-01
6.010000000000000000e+03 3.833845179086602939e-01
6.020000000000000000e+03 3.832218162620903978e-01
6.030000000000000000e+03 3.830368578634921195e-01
6.040000000000000000e+03 3.828312663090949752e-01
6.050000000000000000e+03 3.826067300746316957e-01
6.060000000000000000e+03 3.823649931600043295e-01
6.070000000000000000e+03 3.821078459806255267e-01
6.080000000000000000e+03 3.818371164423739472e-01
6.090000000000000000e+03 3.815546609842805359e-01
6.100000000000000000e+03 3.812623557174695810e-01
6.110000000000000000e+03 3.809620879252313963e-01
6.120000000000000000e+03 3.806557479578044911e-01
6.130000000000000000e+03 3.803452213935415993e-01
6.140000000000000000e+03 3.800323813386974892e-01
6.150000000000000000e+03 3.797190808651118021e-01
6.160000000000000000e+03 3.794071456632153727e-01
6.170000000000000000e+03 3.790983668992674582e-01
6.180000000000000000e+03 3.787944942332667209e-01
6.190000000000000000e+03 3.784972290645962079e-01
6.200000000000000000e+03 3.782082182086696220e-01
6.210000000000000000e+03 3.779290482901985215e-01
6.220000000000000000e+03 3.776612409640683898e-01
6.230000000000000000e+03 3.774062488590513298e-01
6.240000000000000000e+03 3.771654523421245075e-01
6.250000000000000000e+03 3.769401573154534391e-01
6.260000000000000000e+03 3.767315940218131098e-01
6.270000000000000000e+03 3.765409168171009457e-01
6.280000000000000000e+03 3.763692046583564377e-01
6.290000000000000000e+03 3.762174618110891711e-01
6.300000000000000000e+03 3.760866185778476978e-01
6.310000000000000000e+03 3.759775319989133724e-01
6.320000000000000000e+03 3.758909864596974848e-01
6.330000000000000000e+03 3.758276940803799149e-01
6.340000000000000000e+03 3.757882945236916128e-01
6.350000000000000000e+03 3.757733539042691917e-01
6.360000000000000000e+03 3.757833628401152093e-01
6.370000000000000000e+03 3.758187336209851126e-01
6.380000000000000000e+03 3.758797962413220062e-01
6.390000000000000000e+03 3.759667932613734997e-01
6.400000000000000000e+03 3.760798735339365151e-01
6.410000000000000000e+03 3.762190847923462811e-01
6.420000000000000000e+03 3.763843653869211603e-01
6.430000000000000000e+03 3.765755356113017482e-01
6.440000000000000000e+03 3.767922890591418605e-01
6.450000000000000000e+03 3.770341845829446870e-01
6.460000000000000000e+03 3.773006394582749112e-01
6.470000000000000000e+03 3.775909243181809205e-01
6.480000000000000000e+03 3.779041603911004188e-01
6.490000000000000000e+03 3.782393194193333641e-01
6.500000000000000000e+03 3.785952265101594216e-01
6.510000000000000000e+03 3.789705659891905443e-01
6.520000000000000000e+03 3.793638899862815661e-01
6.530000000000000000e+03 3.797736291683365684e-01
6.540000000000000000e+03 3.801981050627453729e-01
6.550000000000000000e+03 3.806355434536964899e-01
6.560000000000000000e+03 3.810840883284939973e-01
6.570000000000000000e+03 3.815418159627230188e-01
6.580000000000000000e+03 3.820067487283130836e-01
6.590000000000000000e+03 3.824768681991940200e-01
6.600000000000000000e+03 3.829501273508377768e-01
6.610000000000000000e+03 3.834244620288334016e-01
6.620000000000000000e+03 3.838978018729703456e-01
6.630000000000000000e+03 3.843680807129327692e-01
6.640000000000000000e+03 3.848332464634542927e-01
6.650000000000000000e+03 3.852912705852122865e-01
6.660000000000000000e+03 3.857401571750164737e-01
6.670000000000000000e+03 3.861779517555081198e-01
6.680000000000000000e+03 3.866027497913488431e-01
6.690000000000000000e+03 3.870127048927531344e-01
6.700000000000000000e+03 3.874060366916520781e-01
6.710000000000000000e+03 3.877810384000027200e-01
6.720000000000000000e+03 3.881360840910811905e-01
6.730000000000000000e+03 3.884696357900304098e-01
6.740000000000000000e+03 3.887802504424233141e-01
6.750000000000000000e+03 3.890665868139550621e-01
6.760000000000000000e+03 3.893274124062868768e-01
6.770000000000000000e+03 3.895616104676533076e-01
6.780000000000000000e+03 3.897681870426683015e-01
6.790000000000000000e+03 3.899462778789570816e-01
6.800000000000000000e+03 3.900951549786327854e-01
6.810000000000000000e+03 3.902142325564864067e-01
6.820000000000000000e+03 3.903030720857875169e-01
6.830000000000000000e+03 3.903613861096548177e-01
6.840000000000000000e+03 3.903890405494537807e-01
6.850000000000000000e+03 3.903860553068025374e-01
6.860000000000000000e+03 3.903526030692767712e-01
6.870000000000000000e+03 3.902890063472413407e-01
6.880000000000000000e+03 3.901957327955071775e-01
6.890000000000000000e+03 3.900733889207589900e-01
6.900000000000000000e+03 3.899227123371867831e-01
6.910000000000000000e+03 3.897445627760855458e-01
6.920000000000000000e+03 3.895399120814759253e-01
6.930000000000000000e+03 3.893098333837490821e-01
6.940000000000000000e+03 3.890554896746923341e-01
6.950000000000000000e+03 3.887781220665729731e-01
6.960000000000000000e+03 3.884790380640361085e-01
6.970000000000000000e+03 3.881596002289893210e-01
6.980000000000000000e+03 3.878212156478075823e-01
6.990000000000000000e+03 3.874653265965309901e-01
7.000000000000000000e+03 3.870934027872776073e-01
7.010000000000000000e+03 3.867069355406553832e-01
7.020000000000000000e+03 3.863074341190429473e-01
7.030000000000000000e+03 3.858964243010478135e-01
7.040000000000000000e+03 3.854754491277322948e-01
7.050000000000000000e+03 3.850460715982996773e-01
7.060000000000000000e+03 3.846098789236894189e-01
7.070000000000000000e+03 3.841684878057072816e-01
7.080000000000000000e+03 3.837235500974628399e-01
7.090000000000000000e+03 3.832767581365477683e-01
7.100000000000000000e+03 3.828298490474081883e-01
7.110000000000000000e+03 3.823846073869046069e-01
7.120000000000000000e+03 3.819428656121403032e-01
7.130000000000000000e+03 3.815065019887990405e-01
7.140000000000000000e+03 3.810774357038679838e-01
7.150000000000000000e+03 3.806576191202076243e-01
7.160000000000000000e+03 3.802490272470026578e-01
7.170000000000000000e+03 3.798536445766421132e-01
7.180000000000000000e+03 3.794734495343553560e-01
7.190000000000000000e+03 3.791103968565791571e-01
7.200000000000000000e+03 3.787663982163237408e-01
7.210000000000000000e+03 3.784433014604856038e-01
7.220000000000000000e+03 3.781428688792194404e-01
7.230000000000000000e+03 3.778667549486585675e-01
7.240000000000000000e+03 3.776164840334675366e-01
7.250000000000000000e+03 3.773934285947251333e-01
7.260000000000000000e+03 3.771987884693111526e-01
7.270000000000000000e+03 3.770335718088878019e-01
7.280000000000000000e+03 3.768985782721272493e-01
7.290000000000000000e+03 3.767943850312245879e-01
7.300000000000000000e+03 3.767213361120379522e-01
7.310000000000000000e+03 3.766795355153642610e-01
7.320000000000000000e+03 3.766688444728252816e-01
7.330000000000000000e+03 3.766888830453423709e-01
7.340000000000000000e+03 3.767390361305976154e-01
7.350000000000000000e+03 3.768184638076402249e-01
7.360000000000000000e+03 3.769261158045691396e-01
7.370000000000000000e+03 3.770607497275572095e-01
7.380000000000000000e+03 3.772209525616926351e-01
7.390000000000000000e+03 3.774051648372190315e-01
7.400000000000000000e+03 3.776117067687528306e-01
7.410000000000000000e+03 3.778388056256342664e-01
7.420000000000000000e+03 3.780846235049568071e-01
7.430000000000000000e+03 3.783472846634842734e-01
7.440000000000000000e+03 3.786249016272003054e-01
7.450000000000000000e+03 3.789155993746262663e-01
7.460000000000000000e+03 3.792175369640858329e-01
7.470000000000000000e+03 3.795289261058325536e-01
7.480000000000000000e+03 3.798480463242949190e-01
7.490000000000000000e+03 3.801732564833367189e-01
7.500000000000000000e+03 3.805030026221901673e-01
7.510000000000000000e+03 3.808358222235945223e-01
7.520000000000000000e+03 3.811703451569771750e-01
7.530000000000000000e+03 3.815052916644368075e-01
7.540000000000000000e+03 3.818394678962673816e-01
7.550000000000000000e+03 3.821717595522957645e-01
7.560000000000000000e+03 3.825011241613972546e-01
7.570000000000000000e+03 3.828265825226254138e-01
7.580000000000000000e+03 3.831472097735775795e-01
7.590000000000000000e+03 3.834621264929426454e-01
7.600000000000000000e+03 3.837704902036602195e-01
7.610000000000000000e+03 3.840714876024341473e-01
7.620000000000000000e+03 3.843643278339212710e-01
7.630000000000000000e+03 3.846482371239424713e-01
7.640000000000000000e+03 3.849224550176762460e-01
7.650000000000000000e+03 3.851862323447947101e-01
7.660000000000000000e+03 3.854388309672602819e-01
7.670000000000000000e+03 3.856795253513684019e-01
7.680000000000000000e+03 3.859076059437250295e-01
7.690000000000000000e+03 3.861223842177082255e-01
7.700000000000000000e+03 3.863231991566609125e-01
7.710000000000000000e+03 3.865094249355215950e-01
7.720000000000000000e+03 3.866804795933765915e-01
7.730000000000000000e+03 3.868358344248832292e-01
7.740000000000000000e+03 3.869750237541504934e-01
7.750000000000000000e+03 3.870976547213649810e-01
7.760000000000000000e+03 3.872034166933536192e-01
7.770000000000000000e+03 3.872920899233900371e-01
7.780000000000000000e+03 3.873635531285739009e-01
7.790000000000000000e+03 3.874177897104618684e-01
7.800000000000000000e+03 3.874548923898719077e-01
7.810000000000000000e+03 3.874750660491588783e-01
7.820000000000000000e+03 3.874786286275466174e-01
7.830000000000000000e+03 3.874660099988763706e-01
7.840000000000000000e+03 3.874377488123341151e-01
7.850000000000000000e+03 3.873944873529549526e-01
7.860000000000000000e+03 3.873369645981346032e-01
7.870000000000000000e+03 3.872660077327765848e-01
7.880000000000000000e+03 3.871825224007016120e-01
7.890000000000000000e+03 3.870874819041513204e-01
7.900000000000000000e+03 3.869819155235491581e-01
7.910000000000000000e+03 3.868668961545529417e-01
7.920000000000000000e+03 3.867435275209060719e-01
7.930000000000000000e+03 3.866129312702520915e-01
7.940000000000000000e+03 3.864762342845386445e-01
7.950000000000000000e+03 3.863345565578867324e-01
7.960000000000000000e+03 3.861889999826871311e-01
7.970000000000000000e+03 3.860406383430260990e-01
7.980000000000000000e+03 3.858905087354160268e-01
7.990000000000000000e+03 3.857396045704623022e-01
8.000000000000000000e+03 3.855888702306798921e-01
8.010000000000000000e+03 3.854391973084955181e-01
8.020000000000000000e+03 3.852914221977109532e-01
8.030000000000000000e+03 3.851463248031949393e-01
8.040000000000000000e+03 3.850046281447476737e-01
8.050000000000000000e+03 3.848669986315726987e-01
8.060000000000000000e+03 3.847340467695680721e-01
8.070000000000000000e+03 3.846063280704157816e-01
8.080000000000000000e+03 3.844843440118562161e-01
8.090000000000000000e+03 3.843685429848373580e-01
8.100000000000000000e+03 3.842593212270418723e-01
8.110000000000000000e+03 3.841570237736532945e-01
8.120000000000000000e+03 3.840619454712097536e-01
8.130000000000000000e+03 3.839743321583548030e-01
8.140000000000000000e+03 3.838943821683189483e-01
8.150000000000000000e+03 3.838222482973654426e-01
8.160000000000000000e+03 3.837580403322078393e-01
8.170000000000000000e+03 3.837018281852151991e-01
8.180000000000000000e+03 3.836536457190971028e-01
8.190000000000000000e+03 3.836134953265696867e-01
8.200000000000000000e+03 3.835813531630156703e-01
8.210000000000000000e+03 3.835571747462913073e-01
8.220000000000000000e+03 3.835409005562098739e-01
8.230000000000000000e+03 3.835324612796224275e-01
8.240000000000000000e+03 3.835317824356568872e-01
8.250000000000000000e+03 3.835387881294238799e-01
8.260000000000000000e+03 3.835534036909114541e-01
8.270000000000000000e+03 3.835755570870121867e-01
8.280000000000000000e+03 3.836051791815179857e-01
8.290000000000000000e+03 3.836422029522937871e-01
8.300000000000000000e+03 3.836865617501334369e-01
8.310000000000000000e+03 3.837381867400490587e-01
8.320000000000000000e+03 3.837970038314485466e-01
8.330000000000000000e+03 3.838629304950177956e-01
8.340000000000000000e+03 3.839358727845549324e-01
8.350000000000000000e+03 3.840157227560591080e-01
8.360000000000000000e+03 3.841023564309057337e-01
8.370000000000000000e+03 3.841956324331145534e-01
8.380000000000000000e+03 3.842953914529012027e-01
8.390000000000000000e+03 3.844014566641126840e-01
8.400000000000000000e+03 3.845136350796695135e-01
8.410000000000000000e+03 3.846317196722142118e-01
8.420000000000000000e+03 3.847554920090888175e-01
8.430000000000000000e+03 3.848847251784057177e-01
8.440000000000000000e+03 3.850191869290092717e-01
8.450000000000000000e+03 3.851586429287051638e-01
8.460000000000000000e+03 3.853028599871793913e-01
8.470000000000000000e+03 3.854516091039415504e-01
8.480000000000000000e+03 3.856046682839421313e-01
8.490000000000000000e+03 3.857618251387475161e-01
8.500000000000000000e+03 3.859228793045060835e-01
8.510000000000000000e+03 3.860876447894404095e-01
8.520000000000000000e+03 3.862559523695649477e-01
8.530000000000000000e+03 3.864276521206833626e-01
8.540000000000000000e+03 3.866026161130803884e-01
8.550000000000000000e+03 3.867807412620486440e-01
8.560000000000000000e+03 3.869619521975975474e-01
8.570000000000000000e+03 3.871462039259081500e-01
8.580000000000000000e+03 3.873334840574562676e-01
8.590000000000000000e+03 3.875238143956533099e-01
8.600000000000000000e+03 3.877172516423822435e-01
8.610000000000000000e+03 3.879138869465056372e-01
8.620000000000000000e+03 3.881138440435848991e-01
8.630000000000000000e+03 3.883172757726787161e-01
8.640000000000000000e+03 3.885243587686242339e-01
8.650000000000000000e+03 3.887352862111315699e-01
8.660000000000000000e+03 3.889502587974060233e-01
8.670000000000000000e+03 3.891694742945385754e-01
8.680000000000000000e+03 3.893931160386004398e-01
8.690000000000000000e+03 3.896213407206479129e-01
8.700000000000000000e+03 3.898542659023139789e-01
8.710000000000000000e+03 3.900919578156272771e-01
8.720000000000000000e+03 3.903344200299423417e-01
8.730000000000000000e+03 3.905815835456343810e-01
8.740000000000000000e+03 3.908332988641076700e-01
8.750000000000000000e+03 3.910893305572948897e-01
8.760000000000000000e+03 3.913493547243700466e-01
8.770000000000000000e+03 3.916129594547101411e-01
8.780000000000000000e+03 3.918796481479706051e-01
8.790000000000000000e+03 3.921488453755369585e-01
8.800000000000000000e+03 3.924199049598968148e-01
8.810000000000000000e+03 3.926921199426570697e-01
8.820000000000000000e+03 3.929647339656095473e-01
8.830000000000000000e+03 3.932369533897449032e-01
8.840000000000000000e+03 3.935079594867630370e-01
8.850000000000000000e+03 3.937769201489820792e-01
8.860000000000000000e+03 3.940430005905100619e-01
8.870000000000000000e+03 3.943053725780401586e-01
8.880000000000000000e+03 3.945632220117049616e-01
8.890000000000000000e+03 3.948157549455043047e-01
8.900000000000000000e+03 3.950622021738522949e-01
8.910000000000000000e+03 3.953018225099271810e-01
8.920000000000000000e+03 3.955339050426078806e-01
8.930000000000000000e+03 3.957577708354262924e-01
8.940000000000000000e+03 3.959727744824317885e-01
8.950000000000000000e+03 3.961783057559457588e-01
8.960000000000000000e+03 3.963737914518478678e-01
8.970000000000000000e+03 3.965586974563530265e-01
8.980000000000000000e+03 3.967325309432293556e-01
8.990000000000000000e+03 3.968948425570642535e-01
9.000000000000000000e+03 3.970452284539703336e-01
9.010000000000000000e+03 3.971833320192083017e-01
9.020000000000000000e+03 3.973088449746100537e-01
9.030000000000000000e+03 3.974215076482338072e-01
9.040000000000000000e+03 3.975211084263743921e-01
9.050000000000000000e+03 3.976074826255641126e-01
9.060000000000000000e+03 3.976805109822910134e-01
9.070000000000000000e+03 3.977401178802080772e-01
9.080000000000000000e+03 3.977862694522514841e-01
9.090000000000000000e+03 3.978189717394274849e-01
9.100000000000000000e+03 3.978382691136034266e-01
9.110000000000000000e+03 3.978442431273144786e-01
9.120000000000000000e+03 3.978370118223533147e-01
9.130000000000000000e+03 3.978167294457714553e-01
9.140000000000000000e+03 3.977835865611039079e-01
9.150000000000000000e+03 3.977378105422967325e-01
9.160000000000000000e+03 3.976796662381238412e-01
9.170000000000000000e+03 3.976094565607798947e-01
9.180000000000000000e+03 3.975275229706888847e-01
9.190000000000000000e+03 3.974342458369571340e-01
9.200000000000000000e+03 3.973300444461094760e-01
9.210000000000000000e+03 3.972153765992276764e-01
9.220000000000000000e+03 3.970907381474683695e-01
9.230000000000000000e+03 3.969566626715527735e-01
9.240000000000000000e+03 3.968137211381671525e-01
9.250000000000000000e+03 3.966625214058038251e-01
9.260000000000000000e+03 3.965037076392199933e-01
9.270000000000000000e+03 3.963379596437939800e-01
9.280000000000000000e+03 3.961659921440294219e-01
9.290000000000000000e+03 3.959885541083325022e-01
9.300000000000000000e+03 3.958064282824042546e-01
9.310000000000000000e+03 3.956204308998739205e-01
9.320000000000000000e+03 3.954314112484120791e-01
9.330000000000000000e+03 3.952402509063691616e-01
9.340000000000000000e+03 3.950478626731724341e-01
9.350000000000000000e+03 3.948551889969789674e-01
9.360000000000000000e+03 3.946631995971763840e-01
9.370000000000000000e+03 3.944728882112122359e-01
9.380000000000000000e+03 3.942852686130061124e-01
9.390000000000000000e+03 3.941013700499193528e-01
9.400000000000000000e+03 3.939222321016161432e-01
9.410000000000000000e+03 3.937488987447952393e-01
9.420000000000000000e+03 3.935824113772546373e-01
9.430000000000000000e+03 3.934238008664056596e-01
9.440000000000000000e+03 3.932740789752858235e-01
9.450000000000000000e+03 3.931342294199781096e-01
9.460000000000000000e+03 3.930051985149146665e-01
9.470000000000000000e+03 3.928878853188364495e-01
9.480000000000000000e+03 3.927831314454763301e-01
9.490000000000000000e+03 3.926917108983076776e-01
9.500000000000000000e+03 3.926143200845695347e-01
9.510000000000000000e+03 3.925515683710812387e-01
9.520000000000000000e+03 3.925039698856649939e-01
9.530000000000000000e+03 3.924719370410331143e-01
9.540000000000000000e+03 3.924557758677820751e-01
9.550000000000000000e+03 3.924556831910820942e-01
9.560000000000000000e+03 3.924717459580256418e-01
9.570000000000000000e+03 3.925039431155106784e-01
9.580000000000000000e+03 3.925521501370570210e-01
9.590000000000000000e+03 3.926161457457272297e-01
9.600000000000000000e+03 3.926956202222433023e-01
9.610000000000000000e+03 3.927901848689041020e-01
9.620000000000000000e+03 3.928993822178883377e-01
9.630000000000000000e+03 3.930226964977805437e-01
9.640000000000000000e+03 3.931595637908730789e-01
9.650000000000000000e+03 3.933093813581587384e-01
9.660000000000000000e+03 3.934715157142946729e-01
9.670000000000000000e+03 3.936453092209688531e-01
9.680000000000000000e+03 3.938300852931544971e-01
9.690000000000000000e+03 3.940251518815458542e-01
9.700000000000000000e+03 3.942298033066487517e-01
9.710000000000000000e+03 3.944433214729736736e-01
9.720000000000000000e+03 3.946649773127691163e-01
9.730000000000000000e+03 3.948940323170154754e-01
9.740000000000000000e+03 3.951297397411535628e-01
9.750000000000000000e+03 3.953713460771591803e-01
9.760000000000000000e+03 3.956180933837923908e-01
9.770000000000000000e+03 3.958692219805017287e-01
9.780000000000000000e+03 3.961239730145961757e-01
9.790000000000000000e+03 3.963815907564149366e-01
9.800000000000000000e+03 3.966413242834131991e-01
9.810000000000000000e+03 3.969024284195803443e-01
9.820000000000000000e+03 3.971641640961947606e-01
9.830000000000000000e+03 3.974257977824084409e-01
9.840000000000000000e+03 3.976865995232345963e-01
9.850000000000000000e+03 3.979458401871310835e-01
9.860000000000000000e+03 3.982027888193888088e-01
9.870000000000000000e+03 3.984567101212784235e-01
9.880000000000000000e+03 3.987068619638438616e-01
9.890000000000000000e+03 3.989524935006328876e-01
9.900000000000000000e+03 3.991928446889850268e-01
9.910000000000000000e+03 3.994271472734368666e-01
9.920000000000000000e+03 3.996546268338280750e-01
9.930000000000000000e+03 3.998745060794640094e-01
9.940000000000000000e+03 4.000860095538622541e-01
9.950000000000000000e+03 4.002883691289430002e-01
9.960000000000000000e+03 4.004808293552487020e-01
9.970000000000000000e+03 4.006626524326020733e-01
9.980000000000000000e+03 4.008331232544489753e-01
9.990000000000000000e+03 4.009915546260916508e-01
1.000000000000000000e+04 4.011372923022741843e-01
1.001000000000000000e+04 4.012697193744576007e-01
1.002000000000000000e+04 4.013882591526946597e-01
1.003000000000000000e+04 4.014923775743144407e-01
1.004000000000000000e+04 4.015815852544855624e-01
1.005000000000000000e+04 4.016554391206536012e-01
1.006000000000000000e+04 4.017135443408263451e-01
1.007000000000000000e+04 4.017555572443073375e-01
1.008000000000000000e+04 4.017811887876497901e-01
1.009000000000000000e+04 4.017902079805616422e-01
1.010000000000000000e+04 4.017824458019150780e-01
1.011000000000000000e+04 4.017577994902177263e-01
1.012000000000000000e+04 4.017162374850682394e-01
1.013000000000000000e+04 4.016578049318860755e-01
1.014000000000000000e+04 4.015826288271437394e-01
1.015000000000000000e+04 4.014909221389791893e-01
1.016000000000000000e+04 4.013829871776375402e-01
1.017000000000000000e+04 4.012592179724983055e-01
1.018000000000000000e+04 4.011201009984660115e-01
1.019000000000000000e+04 4.009662144767642267e-01
1.020000000000000000e+04 4.007982265846528613e-01
1.021000000000000000e+04 4.006168921141891048e-01
1.022000000000000000e+04 4.004230478559624995e-01
1.023000000000000000e+04 4.002176073073474005e-01
1.024000000000000000e+04 4.000015545648888948e-01
1.025000000000000000e+04 3.997759376879949644e-01
1.026000000000000000e+04 3.995418623943324810e-01
1.027000000000000000e+04 3.993004861456183607e-01
1.028000000000000000e+04 3.990530113450520000e-01
1.029000000000000000e+04 3.988006776104864870e-01
1.030000000000000000e+04 3.985447540975646241e-01
1.031000000000000000e+04 3.982865313132512020e-01
1.032000000000000000e+04 3.980273125611226703e-01
1.033000000000000000e+04 3.977684063148698712e-01
1.034000000000000000e+04 3.975111190415074880e-01
1.035000000000000000e+04 3.972567478877709890e-01
1.036000000000000000e+04 3.970065740430221424e-01
1.037000000000000000e+04 3.967618571027624608e-01
1.038000000000000000e+04 3.965238300372656566e-01
1.039000000000000000e+04 3.962936952613368979e-01
1.040000000000000000e+04 3.960726218625544304e-01
1.041000000000000000e+04 3.958617430237272306e-01
1.042000000000000000e+04 3.956621541797203379e-01
1.043000000000000000e+04 3.954749113936816829e-01
1.044000000000000000e+04 3.953010282940715991e-01
1.045000000000000000e+04 3.951414728289179834e-01
1.046000000000000000e+04 3.949971645356512573e-01
1.047000000000000000e+04 3.948689709642945189e-01
1.048000000000000000e+04 3.947577029591018971e-01
1.049000000000000000e+04 3.946641096864370035e-01
1.050000000000000000e+04 3.945888739530588052e-01
1.051000000000000000e+04 3.945326068972898614e-01
1.052000000000000000e+04 3.944958421007944693e-01
1.053000000000000000e+04 3.944790307076816993e-01
1.054000000000000000e+04 3.944825372460719626e-01
1.055000000000000000e+04 3.945066353184498720e-01
1.056000000000000000e+04 3.945515041889737784e-01
1.057000000000000000e+04 3.946172260761219297e-01
1.058000000000000000e+04 3.947037833110173533e-01
1.059000000000000000e+04 3.948110558431733863e-01
1.060000000000000000e+04 3.949388169946966287e-01
1.061000000000000000e+04 3.950867302410956405e-01
1.062000000000000000e+04 3.952543499625825740e-01
1.063000000000000000e+04 3.954411168951064148e-01
1.064000000000000000e+04 3.956463569009066039e-01
1.065000000000000000e+04 3.958692852376692328e-01
1.066000000000000000e+04 3.961090076936341076e-01
1.067000000000000000e+04 3.963645214957069451e-01
1.068000000000000000e+04 3.966347230266047963e-01
1.069000000000000000e+04 3.969184188146929748e-01
1.070000000000000000e+04 3.972143332211313660e-01
1.071000000000000000e+04 3.975211213367508267e-01
1.072000000000000000e+04 3.978373852148407996e-01
1.073000000000000000e+04 3.981616882817570757e-01
1.074000000000000000e+04 3.984925726741224139e-01
1.075000000000000000e+04 3.988285788633139095e-01
1.076000000000000000e+04 3.991682613024906678e-01
1.077000000000000000e+04 3.995102044489352577e-01
1.078000000000000000e+04 3.998530374476936267e-01
1.079000000000000000e+04 4.001954496009030859e-01
1.080000000000000000e+04 4.005362020023312541e-01
1.081000000000000000e+04 4.008741356174137516e-01
1.082000000000000000e+04 4.012081769940529785e-01
1.083000000000000000e+04 4.015373414942496888e-01
1.084000000000000000e+04 4.018607333477023924e-01
1.085000000000000000e+04 4.021775429707100669e-01
1.086000000000000000e+04 4.024870461870250771e-01
1.087000000000000000e+04 4.027885986151247266e-01
1.088000000000000000e+04 4.030816277309128837e-01
1.089000000000000000e+04 4.033656244097210131e-01
1.090000000000000000e+04 4.036401346595040462e-01
1.091000000000000000e+04 4.039047558288448303e-01
1.092000000000000000e+04 4.041591318949276923e-01
1.093000000000000000e+04 4.044029479254932502e-01
1.094000000000000000e+04 4.046359255112267905e-01
1.095000000000000000e+04 4.048578225614514192e-01
1.096000000000000000e+04 4.050684322586706188e-01
1.097000000000000000e+04 4.052675838622712967e-01
1.098000000000000000e+04 4.054551465223887874e-01
1.099000000000000000e+04 4.056310337108274822e-01
1.100000000000000000e+04 4.057952050110289477e-01
1.101000000000000000e+04 4.059476669164706619e-01
1.102000000000000000e+04 4.060884751342204724e-01
1.103000000000000000e+04 4.062177340647726287e-01
1.104000000000000000e+04 4.063355944727485847e-01
1.105000000000000000e+04 4.064422513521326885e-01
1.106000000000000000e+04 4.065379407892869001e-01
1.107000000000000000e+04 4.066229346709097636e-01
1.108000000000000000e+04 4.066975334484461135e-01
1.109000000000000000e+04 4.067620605741763540e-01
1.110000000000000000e+04 4.068168592339857503e-01
1.111000000000000000e+04 4.068622880583869228e-01
1.112000000000000000e+04 4.068987175354475960e-01
1.113000000000000000e+04 4.069265294363569874e-01
1.114000000000000000e+04 4.069461185006206794e-01
1.115000000000000000e+04 4.069578947255138024e-01
1.116000000000000000e+04 4.069622862201620617e-01
1.117000000000000000e+04 4.069597431576598701e-01
1.118000000000000000e+04 4.069507415373869175e-01
1.119000000000000000e+04 4.069357849602261989e-01
1.120000000000000000e+04 4.069154041314780312e-01
1.121000000000000000e+04 4.068901556835362587e-01
1.122000000000000000e+04 4.068606217170970818e-01
1.123000000000000000e+04 4.068274066367653652e-01
1.124000000000000000e+04 4.067911278535114583e-01
1.125000000000000000e+04 4.067524046021339101e-01
1.126000000000000000e+04 4.067118485948324480e-01
1.127000000000000000e+04 4.066700533384725036e-01
1.128000000000000000e+04 4.066275815114065995e-01
1.129000000000000000e+04 4.065849561562889236e-01
1.130000000000000000e+04 4.065426527400446965e-01
1.131000000000000000e+04 4.065010885429850562e-01
1.132000000000000000e+04 4.064606158254677193e-01
1.133000000000000000e+04 4.064215198645237948e-01
1.134000000000000000e+04 4.063840188950477716e-01
1.135000000000000000e+04 4.063482647814074533e-01
1.136000000000000000e+04 4.063143458630074645e-01
1.137000000000000000e+04 4.062822932333596260e-01
1.138000000000000000e+04 4.062520832312445651e-01
1.139000000000000000e+04 4.062236403728118894e-01
1.140000000000000000e+04 4.061968444146678570e-01
1.141000000000000000e+04 4.061715386723804277e-01
1.142000000000000000e+04 4.061475398806217996e-01
1.143000000000000000e+04 4.061246459741218451e-01
1.144000000000000000e+04 4.061026375512952757e-01
1.145000000000000000e+04 4.060812822036071190e-01
1.146000000000000000e+04 4.060603427680876676e-01
1.147000000000000000e+04 4.060395854381441128e-01
1.148000000000000000e+04 4.060187852977940604e-01
1.149000000000000000e+04 4.059977295007958786e-01
1.150000000000000000e+04 4.059762215955815545e-01
1.151000000000000000e+04 4.059540841546533940e-01
1.152000000000000000e+04 4.059311608825215134e-01
1.153000000000000000e+04 4.059073175200746952e-01
1.154000000000000000e+04 4.058824450346489310e-01
1.155000000000000000e+04 4.058564674765366420e-01
1.156000000000000000e+04 4.058293407621882953e-01
1.157000000000000000e+04 4.058010497678045669e-01
1.158000000000000000e+04 4.057716078699875051e-01
1.159000000000000000e+04 4.057410598385776668e-01
1.160000000000000000e+04 4.057094867619545075e-01
1.161000000000000000e+04 4.056770071361613939e-01
1.162000000000000000e+04 4.056437718253194658e-01
1.163000000000000000e+04 4.056099601755784323e-01
1.164000000000000000e+04 4.055757803751462442e-01
1.165000000000000000e+04 4.055414680514198289e-01
1.166000000000000000e+04 4.055072800924660048e-01
1.167000000000000000e+04 4.054734857071670695e-01
1.168000000000000000e+04 4.054403604291126340e-01
1.169000000000000000e+04 4.054081795972130364e-01
1.170000000000000000e+04 4.053772077101397420e-01
1.171000000000000000e+04 4.053476902503500567e-01
1.172000000000000000e+04 4.053198415596556137e-01
1.173000000000000000e+04 4.052938351445190546e-01
1.174000000000000000e+04 4.052698033219201967e-01
1.175000000000000000e+04 4.052478304269445664e-01
1.176000000000000000e+04 4.052279459407667761e-01
1.177000000000000000e+04 4.052101253040645834e-01
1.178000000000000000e+04 4.051942883540730067e-01
1.179000000000000000e+04 4.051803006275027652e-01
1.180000000000000000e+04 4.051679789581234536e-01
1.181000000000000000e+04 4.051570940554038436e-01
1.182000000000000000e+04 4.051473789043104623e-01
1.183000000000000000e+04 4.051385375551412871e-01
1.184000000000000000e+04 4.051302463415560329e-01
1.185000000000000000e+04 4.051221636088025990e-01
1.186000000000000000e+04 4.051139432817176256e-01
1.187000000000000000e+04 4.051052468732319611e-01
1.188000000000000000e+04 4.050957537122884533e-01
1.189000000000000000e+04 4.050851677542808837e-01
1.190000000000000000e+04 4.050732249172575017e-01
1.191000000000000000e+04 4.050597043871252967e-01
1.192000000000000000e+04 4.050444325334909834e-01
1.193000000000000000e+04 4.050272884127916750e-01
1.194000000000000000e+04 4.050082133666673689e-01
1.195000000000000000e+04 4.049872222585298998e-01
1.196000000000000000e+04 4.049643955578153820e-01
1.197000000000000000e+04 4.049398719298676341e-01
1.198000000000000000e+04 4.049138504138508066e-01
1.199000000000000000e+04 4.048865871640981440e-01
1.200000000000000000e+04 4.048583988515786491e-01
1.201000000000000000e+04 4.048296629455745976e-01
1.202000000000000000e+04 4.048008091529905483e-01
1.203000000000000000e+04 4.047723117946592231e-01
1.204000000000000000e+04 4.047446818745479846e-01
1.205000000000000000e+04 4.047184598350885287e-01
1.206000000000000000e+04 4.046942069985092760e-01
1.207000000000000000e+04 4.046724999589846883e-01
1.208000000000000000e+04 4.046539190839371081e-01
1.209000000000000000e+04 4.046390399053581555e-01
1.210000000000000000e+04 4.046284151705721310e-01
1.211000000000000000e+04 4.046225544575808297e-01
1.212000000000000000e+04 4.046219248846260053e-01
1.213000000000000000e+04 4.046269356880156098e-01
1.214000000000000000e+04 4.046379232800946801e-01
1.215000000000000000e+04 4.046551387494394247e-01
1.216000000000000000e+04 4.046787339661416794e-01
1.217000000000000000e+04 4.047087580158993947e-01
1.218000000000000000e+04 4.047451474248505154e-01
1.219000000000000000e+04 4.047877198599451609e-01
1.220000000000000000e+04 4.048361883957140028e-01
1.221000000000000000e+04 4.048901538084155871e-01
1.222000000000000000e+04 4.049491061658567759e-01
1.223000000000000000e+04 4.050124414553281094e-01
1.224000000000000000e+04 4.050794690581618340e-01
1.225000000000000000e+04 4.051494249264696035e-01
1.226000000000000000e+04 4.052214880507108430e-01
1.227000000000000000e+04 4.052947971665713522e-01
1.228000000000000000e+04 4.053684744112483473e-01
1.229000000000000000e+04 4.054416429332957095e-01
1.230000000000000000e+04 4.055134362707701889e-01
1.231000000000000000e+04 4.055830128667055612e-01
1.232000000000000000e+04 4.056495758802366458e-01
1.233000000000000000e+04 4.057123866830156800e-01
1.234000000000000000e+04 4.057707719501824628e-01
1.235000000000000000e+04 4.058241282470403943e-01
1.236000000000000000e+04 4.058719303847766469e-01
1.237000000000000000e+04 4.059137268552902023e-01
1.238000000000000000e+04 4.059491409851189170e-01
1.239000000000000000e+04 4.059778686086996102e-01
1.240000000000000000e+04 4.059996744150241033e-01
1.241000000000000000e+04 4.060143829161170781e-01
1.242000000000000000e+04 4.060218746345844454e-01
1.243000000000000000e+04 4.060220817474989308e-01
1.244000000000000000e+04 4.060149759312879914e-01
1.245000000000000000e+04 4.060005677463890406e-01
1.246000000000000000e+04 4.059788992143350539e-01
1.247000000000000000e+04 4.059500376663819909e-01
1.248000000000000000e+04 4.059140716996899600e-01
1.249000000000000000e+04 4.058711123136715115e-01
1.250000000000000000e+04 4.058213076368203387e-01
1.251000000000000000e+04 4.057648297685496619e-01
1.252000000000000000e+04 4.057018696137366098e-01
1.253000000000000000e+04 4.056326497949267473e-01
1.254000000000000000e+04 4.055574238613672278e-01
1.255000000000000000e+04 4.054764685637913257e-01
1.256000000000000000e+04 4.053900875521735947e-01
1.257000000000000000e+04 4.052986206097594635e-01
1.258000000000000000e+04 4.052024447042378297e-01
1.259000000000000000e+04 4.051019672402655925e-01
1.260000000000000000e+04 4.049976187197599220e-01
1.261000000000000000e+04 4.048898591010439696e-01
1.262000000000000000e+04 4.047791730366461782e-01
1.263000000000000000e+04 4.046660650968619266e-01
1.264000000000000000e+04 4.045510544591763846e-01
1.265000000000000000e+04 4.044346771147265263e-01
1.266000000000000000e+04 4.043174727364263754e-01
1.267000000000000000e+04 4.041999806665665940e-01
1.268000000000000000e+04 4.040827466140801683e-01
1.269000000000000000e+04 4.039663179172374718e-01
1.270000000000000000e+04 4.038512476611103574e-01
1.271000000000000000e+04 4.037381016367830866e-01
1.272000000000000000e+04 4.036274504171322164e-01
1.273000000000000000e+04 4.035198802660328044e-01
1.274000000000000000e+04 4.034160076360892022e-01
1.275000000000000000e+04 4.033164865826646128e-01
1.276000000000000000e+04 4.032220141577977368e-01
1.277000000000000000e+04 4.031333204985336760e-01
1.278000000000000000e+04 4.030511748175621412e-01
1.279000000000000000e+04 4.029763891480309113e-01
1.280000000000000000e+04 4.029098036493704016e-01
1.281000000000000000e+04 4.028522828463992900e-01
1.282000000000000000e+04 4.028047088126103237e-01
1.283000000000000000e+04 4.027679542250259814e-01
1.284000000000000000e+04 4.027428630724631531e-01
1.285000000000000000e+04 4.027302411451275099e-01
1.286000000000000000e+04 4.027308313353244462e-01
1.287000000000000000e+04 4.027453085705446911e-01
1.288000000000000000e+04 4.027742713684960285e-01
1.289000000000000000e+04 4.028182127313190697e-01
1.290000000000000000e+04 4.028774993328678167e-01
1.291000000000000000e+04 4.029523870674945329e-01
1.292000000000000000e+04 4.030430085225553682e-01
1.293000000000000000e+04 4.031493704697329261e-01
1.294000000000000000e+04 4.032713471045216713e-01
1.295000000000000000e+04 4.034086838435653743e-01
1.296000000000000000e+04 4.035610041388805747e-01
1.297000000000000000e+04 4.037278054419945472e-01
1.298000000000000000e+04 4.039084793208707058e-01
1.299000000000000000e+04 4.041022919884584286e-01
1.300000000000000000e+04 4.043083985956846260e-01
1.301000000000000000e+04 4.045258750375620993e-01
1.302000000000000000e+04 4.047537171673992740e-01
1.303000000000000000e+04 4.049908436414995094e-01
1.304000000000000000e+04 4.052361138946978247e-01
1.305000000000000000e+04 4.054883432551079081e-01
1.306000000000000000e+04 4.057463146769151319e-01
1.307000000000000000e+04 4.060087852721224189e-01
1.308000000000000000e+04 4.062745154949567450e-01
1.309000000000000000e+04 4.065422962233751769e-01
1.310000000000000000e+04 4.068109566648868691e-01
1.311000000000000000e+04 4.070793639903317329e-01
1.312000000000000000e+04 4.073464253343080377e-01
1.313000000000000000e+04 4.076111031245945870e-01
1.314000000000000000e+04 4.078724300665709790e-01
1.315000000000000000e+04 4.081294882547860658e-01
1.316000000000000000e+04 4.083814303825953340e-01
1.317000000000000000e+04 4.086274671402430059e-01
1.318000000000000000e+04 4.088668469725130206e-01
1.319000000000000000e+04 4.090988713069561578e-01
1.320000000000000000e+04 4.093228957967253723e-01
1.321000000000000000e+04 4.095382995648131907e-01
1.322000000000000000e+04 4.097444937482134231e-01
1.323000000000000000e+04 4.099409170343324416e-01
1.324000000000000000e+04 4.101270165121284617e-01
1.325000000000000000e+04 4.103022753122649857e-01
1.326000000000000000e+04 4.104662146555608793e-01
1.327000000000000000e+04 4.106183953000008269e-01
1.328000000000000000e+04 4.107584151562165831e-01
1.329000000000000000e+04 4.108859252172338827e-01
1.330000000000000000e+04 4.110006147348109207e-01
1.331000000000000000e+04 4.111022134239367687e-01
1.332000000000000000e+04 4.111904853235087143e-01
1.333000000000000000e+04 4.112652549521109147e-01
1.334000000000000000e+04 4.113263892992012893e-01
1.335000000000000000e+04 4.113738006705831007e-01
1.336000000000000000e+04 4.114074437712127441e-01
1.337000000000000000e+04 4.114272985993150389e-01
1.338000000000000000e+04 4.114333694401371977e-01
1.339000000000000000e+04 4.114257119499764026e-01
1.340000000000000000e+04 4.114044195609332100e-01
1.341000000000000000e+04 4.113696127091913679e-01
1.342000000000000000e+04 4.113214166554993168e-01
1.343000000000000000e+04 4.112599954414117298e-01
1.344000000000000000e+04 4.111855233106831986e-01
1.345000000000000000e+04 4.110982214997608297e-01
1.346000000000000000e+04 4.109983421732433251e-01
1.347000000000000000e+04 4.108861713026183970e-01
1.348000000000000000e+04 4.107620157649586878e-01
1.349000000000000000e+04 4.106262336677507507e-01
1.350000000000000000e+04 4.104792179924796058e-01
1.351000000000000000e+04 4.103214031452351307e-01
1.352000000000000000e+04 4.101532657041533914e-01
1.353000000000000000e+04 4.099753286115038753e-01
1.354000000000000000e+04 4.097881681378758856e-01
1.355000000000000000e+04 4.095924339720897756e-01
1.356000000000000000e+04 4.093888346469912731e-01
1.357000000000000000e+04 4.091781496475853652e-01
1.358000000000000000e+04 4.089612212696939753e-01
1.359000000000000000e+04 4.087389534446383421e-01
1.360000000000000000e+04 4.085123035885935283e-01
1.361000000000000000e+04 4.082822779943879321e-01
1.362000000000000000e+04 4.080499488285160292e-01
1.363000000000000000e+04 4.078164208151817127e-01
1.364000000000000000e+04 4.075828164958057442e-01
1.365000000000000000e+04 4.073502646740404520e-01
1.366000000000000000e+04 4.071198857758479561e-01
1.367000000000000000e+04 4.068927712165938959e-01
1.368000000000000000e+04 4.066699786839217401e-01
1.369000000000000000e+04 4.064525498800352632e-01
1.370000000000000000e+04 4.062414726587856850e-01
1.371000000000000000e+04 4.060376614239896154e-01
1.372000000000000000e+04 4.058419641029277769e-01
1.373000000000000000e+04 4.056551696279303010e-01
1.374000000000000000e+04 4.054780169365406750e-01
1.375000000000000000e+04 4.053111795261066241e-01
1.376000000000000000e+04 4.051552675213356824e-01
1.377000000000000000e+04 4.050108154626316237e-01
1.378000000000000000e+04 4.048782996302084936e-01
1.379000000000000000e+04 4.047581456541587963e-01
1.380000000000000000e+04 4.046507201915679475e-01
1.381000000000000000e+04 4.045563408315759335e-01
1.382000000000000000e+04 4.044752740621481157e-01
1.383000000000000000e+04 4.044076956052189420e-01
1.384000000000000000e+04 4.043536941393759965e-01
1.385000000000000000e+04 4.043133315641295744e-01
1.386000000000000000e+04 4.042866216291887138e-01
1.387000000000000000e+04 4.042734858195568548e-01
1.388000000000000000e+04 4.042737600984522839e-01
1.389000000000000000e+04 4.042872074025982698e-01
1.390000000000000000e+04 4.043135446718136849e-01
1.391000000000000000e+04 4.043524214531977745e-01
1.392000000000000000e+04 4.044033686790505233e-01
1.393000000000000000e+04 4.044658711747275981e-01
1.394000000000000000e+04 4.045393789500160708e-01
1.395000000000000000e+04 4.046232548290420450e-01
1.396000000000000000e+04 4.047167952460011819e-01
1.397000000000000000e+04 4.048192509921459958e-01
1.398000000000000000e+04 4.049298207284253159e-01
1.399000000000000000e+04 4.050476861487204983e-01
1.400000000000000000e+04 4.051719972336498277e-01
1.401000000000000000e+04 4.053018722410535735e-01
1.402000000000000000e+04 4.054364080099296386e-01
1.403000000000000000e+04 4.055746981951388608e-01
1.404000000000000000e+04 4.057158050435152874e-01
1.405000000000000000e+04 4.058587799321690115e-01
1.406000000000000000e+04 4.060026726244524431e-01
1.407000000000000000e+04 4.061465249195628235e-01
1.408000000000000000e+04 4.062893654784356379e-01
1.409000000000000000e+04 4.064302428704974490e-01
1.410000000000000000e+04 4.065682042576647670e-01
1.411000000000000000e+04 4.067022806361398901e-01
1.412000000000000000e+04 4.068315221689894901e-01
1.413000000000000000e+04 4.069549740328348153e-01
1.414000000000000000e+04 4.070716946127978519e-01
1.415000000000000000e+04 4.071807595664803103e-01
1.416000000000000000e+04 4.072812400824621371e-01
1.417000000000000000e+04 4.073722510260915919e-01
1.418000000000000000e+04 4.074529478908566205e-01
1.419000000000000000e+04 4.075225170770039318e-01
1.420000000000000000e+04 4.075801581863730538e-01
1.421000000000000000e+04 4.076251075146156699e-01
1.422000000000000000e+04 4.076566363403155147e-01
1.423000000000000000e+04 4.076740932556295327e-01
1.424000000000000000e+04 4.076769042283056588e-01
1.425000000000000000e+04 4.076645298478945856e-01
1.426000000000000000e+04 4.076364856865830055e-01
1.427000000000000000e+04 4.075923784234330438e-01
1.428000000000000000e+04 4.075319109723319899e-01
1.429000000000000000e+04 4.074548260377409137e-01
1.430000000000000000e+04 4.073609649862489634e-01
1.431000000000000000e+04 4.072502341790517622e-01
1.432000000000000000e+04 4.071226488476501482e-01
1.433000000000000000e+04 4.069782923121593177e-01
1.434000000000000000e+04 4.068173630644316141e-01
1.435000000000000000e+04 4.066401027991213279e-01
1.436000000000000000e+04 4.064468353206547868e-01
1.437000000000000000e+04 4.062379361940656186e-01
1.438000000000000000e+04 4.060139056865995633e-01
1.439000000000000000e+04 4.057752748246422070e-01
1.440000000000000000e+04 4.055226760702406730e-01
1.441000000000000000e+04 4.052568204965675824e-01
1.442000000000000000e+04 4.049784426354752220e-01
1.443000000000000000e+04 4.046883930544230568e-01
1.444000000000000000e+04 4.043875092044652564e-01
1.445000000000000000e+04 4.040766872089620043e-01
1.446000000000000000e+04 4.037568968843570083e-01
1.447000000000000000e+04 4.034291362461874808e-01
1.448000000000000000e+04 4.030944747888794977e-01
1.449000000000000000e+04 4.027540315935445592e-01
1.450000000000000000e+04 4.024089379777047726e-01
1.451000000000000000e+04 4.020603986011969666e-01
1.452000000000000000e+04 4.017095998459693229e-01
1.453000000000000000e+04 4.013577803391802923e-01
1.454000000000000000e+04 4.010061846501626337e-01
1.455000000000000000e+04 4.006561424917102765e-01
1.456000000000000000e+04 4.003089609021137085e-01
1.457000000000000000e+04 3.999659063775847234e-01
1.458000000000000000e+04 3.996283025834944658e-01
1.459000000000000000e+04 3.992974050858059676e-01
1.460000000000000000e+04 3.989744718881420571e-01
1.461000000000000000e+04 3.986607253592465150e-01
1.462000000000000000e+04 3.983573366922656400e-01
1.463000000000000000e+04 3.980654357177073610e-01
1.464000000000000000e+04 3.977861231246769269e-01
1.465000000000000000e+04 3.975204239368930748e-01
1.466000000000000000e+04 3.972693504446360713e-01
1.467000000000000000e+04 3.970337982451042635e-01
1.468000000000000000e+04 3.968146210307336164e-01
1.469000000000000000e+04 3.966125938390906991e-01
1.470000000000000000e+04 3.964283982838815446e-01
1.471000000000000000e+04 3.962626661717409959e-01
1.472000000000000000e+04 3.961159480597063465e-01
1.473000000000000000e+04 3.959886764220987287e-01
1.474000000000000000e+04 3.958812123605872091e-01
1.475000000000000000e+04 3.957937356105044047e-01
1.476000000000000000e+04 3.957263220786160218e-01
1.477000000000000000e+04 3.956789821869440837e-01
1.478000000000000000e+04 3.956515561885410315e-01
1.479000000000000000e+04 3.956437955196145384e-01
1.480000000000000000e+04 3.956552701072136857e-01
1.481000000000000000e+04 3.956854346693993718e-01
1.482000000000000000e+04 3.957336553272606805e-01
1.483000000000000000e+04 3.957991531511493299e-01
1.484000000000000000e+04 3.958810806314261854e-01
1.485000000000000000e+04 3.959785584548281556e-01
1.486000000000000000e+04 3.960906347745308809e-01
1.487000000000000000e+04 3.962162820734536073e-01
1.488000000000000000e+04 3.963544691663972164e-01
1.489000000000000000e+04 3.965041196372076082e-01
1.490000000000000000e+04 3.966641839731251951e-01
1.491000000000000000e+04 3.968335658722688120e-01
1.492000000000000000e+04 3.970112227035503261e-01
1.493000000000000000e+04 3.971960412964117282e-01
1.494000000000000000e+04 3.973869302302184270e-01
1.495000000000000000e+04 3.975827822999071226e-01
1.496000000000000000e+04 3.977825682656518369e-01
1.497000000000000000e+04 3.979851356173916277e-01
1.498000000000000000e+04 3.981894419477614022e-01
1.499000000000000000e+04 3.983943519011348133e-01
1.500000000000000000e+04 3.985988179403399667e-01
