Time	Population
0.000000000000000000e+00 4.117307735581314798e-01
1.000000000000000000e+01 4.114884306045957785e-01
2.000000000000000000e+01 4.107609751382777508e-01
3.000000000000000000e+01 4.095559454443276071e-01
4.000000000000000000e+01 4.078792975800177301e-01
5.000000000000000000e+01 4.057413985253842115e-01
6.000000000000000000e+01 4.031556953943739585e-01
7.000000000000000000e+01 4.001390085253597184e-01
8.000000000000000000e+01 3.967118079274050135e-01
9.000000000000000000e+01 3.928984322629368031e-01
1.000000000000000000e+02 3.887272204866391578e-01
1.100000000000000000e+02 3.842305330612469372e-01
1.200000000000000000e+02 3.794446633657118095e-01
1.300000000000000000e+02 3.744096453541729819e-01
1.400000000000000000e+02 3.691689681603166351e-01
1.500000000000000000e+02 3.637692163852694893e-01
1.600000000000000000e+02 3.582596412227910254e-01
1.700000000000000000e+02 3.526916692053005953e-01
1.800000000000000000e+02 3.471183467975663128e-01
1.900000000000000000e+02 3.415937104851514694e-01
2.000000000000000000e+02 3.361720675087694898e-01
2.100000000000000000e+02 3.309071882443949120e-01
2.200000000000000000e+02 3.258514040558748159e-01
2.300000000000000000e+02 3.210546224829219364e-01
2.400000000000000000e+02 3.165632785884996969e-01
2.500000000000000000e+02 3.124192558921827234e-01
2.600000000000000000e+02 3.086588447929250467e-01
2.700000000000000000e+02 3.053117527358761851e-01
2.800000000000000000e+02 3.024002499591819659e-01
2.900000000000000000e+02 2.999385060192371610e-01
3.000000000000000000e+02 2.979321529201747754e-01
3.100000000000000000e+02 2.963781075932924169e-01
3.200000000000000000e+02 2.952646925149292612e-01
3.300000000000000000e+02 2.945720443505495112e-01
3.400000000000000000e+02 2.942727943017692249e-01
3.500000000000000000e+02 2.943329918130032641e-01
3.600000000000000000e+02 2.947132365296940004e-01
3.700000000000000000e+02 2.953699452954411386e-01
3.800000000000000000e+02 2.962566999785545829e-01
3.900000000000000000e+02 2.973256129281895976e-01
4.000000000000000000e+02 2.985286479165339957e-01
4.100000000000000000e+02 2.998188448949708484e-01
4.200000000000000000e+02 3.011513871373785456e-01
4.300000000000000000e+02 3.024845015650967084e-01
4.400000000000000000e+02 3.037801579140232411e-01
4.500000000000000000e+02 3.050045609752843889e-01
4.600000000000000000e+02 3.061284400238721282e-01
4.700000000000000000e+02 3.071271532480127631e-01
4.800000000000000000e+02 3.079806231659278359e-01
4.900000000000000000e+02 3.086731348920229712e-01
5.000000000000000000e+02 3.091930236710484503e-01
5.100000000000000000e+02 3.095322836379728049e-01
5.200000000000000000e+02 3.096861286495115051e-01
5.300000000000000000e+02 3.096525342259842106e-01
5.400000000000000000e+02 3.094317782963078023e-01
5.500000000000000000e+02 3.090260042660007977e-01
5.600000000000000000e+02 3.084388218914484447e-01
5.700000000000000000e+02 3.076749456764407142e-01
5.800000000000000000e+02 3.067398864471306830e-01
5.900000000000000000e+02 3.056396952328945260e-01
6.000000000000000000e+02 3.043807546387361507e-01
6.100000000000000000e+02 3.029696098600574428e-01
6.200000000000000000e+02 3.014128439286338224e-01
6.300000000000000000e+02 2.997169843188793870e-01
6.400000000000000000e+02 2.978884344132420869e-01
6.500000000000000000e+02 2.959334239410410516e-01
6.600000000000000000e+02 2.938579736712522150e-01
6.700000000000000000e+02 2.916678744614930041e-01
6.800000000000000000e+02 2.893686720843000604e-01
6.900000000000000000e+02 2.869656618319679775e-01
7.000000000000000000e+02 2.844638945276053987e-01
7.100000000000000000e+02 2.818681908543749226e-01
7.200000000000000000e+02 2.791831698754512758e-01
7.300000000000000000e+02 2.764132886155387103e-01
7.400000000000000000e+02 2.735628977279563334e-01
7.500000000000000000e+02 2.706363140194203432e-01
7.600000000000000000e+02 2.676379045219501873e-01
7.700000000000000000e+02 2.645721828894065375e-01
7.800000000000000000e+02 2.614439100884461409e-01
7.900000000000000000e+02 2.582581981601586030e-01
8.000000000000000000e+02 2.550206152657806258e-01
8.100000000000000000e+02 2.517372763654341372e-01
8.200000000000000000e+02 2.484149181131950768e-01
8.300000000000000000e+02 2.450609538562190937e-01
8.400000000000000000e+02 2.416835084515737697e-01
8.500000000000000000e+02 2.382914233208517085e-01
8.600000000000000000e+02 2.348942376067372217e-01
8.700000000000000000e+02 2.315021429547763354e-01
8.800000000000000000e+02 2.281259107328432734e-01
8.900000000000000000e+02 2.247768005412315306e-01
9.000000000000000000e+02 2.214664543656680029e-01
9.100000000000000000e+02 2.182067733910736940e-01
9.200000000000000000e+02 2.150097832052669522e-01
9.300000000000000000e+02 2.118875004747178825e-01
9.400000000000000000e+02 2.088517940159615172e-01
9.500000000000000000e+02 2.059142505131417999e-01
9.600000000000000000e+02 2.030860402061581138e-01
9.700000000000000000e+02 2.003777898022290338e-01
9.800000000000000000e+02 1.977994656226285675e-01
9.900000000000000000e+02 1.953602642680724311e-01
1.000000000000000000e+03 1.930685158396569234e-01
1.010000000000000000e+03 1.909315981715235255e-01
1.020000000000000000e+03 1.889558602206793114e-01
1.030000000000000000e+03 1.871465553308385987e-01
1.040000000000000000e+03 1.855077858975462124e-01
1.050000000000000000e+03 1.840424583922350421e-01
1.060000000000000000e+03 1.827522488655062283e-01
1.070000000000000000e+03 1.816375761811016842e-01
1.080000000000000000e+03 1.806975865380004709e-01
1.090000000000000000e+03 1.799301480133072006e-01
1.100000000000000000e+03 1.793318536580512101e-01
1.110000000000000000e+03 1.788980389352003986e-01
1.120000000000000000e+03 1.786228136011385470e-01
1.130000000000000000e+03 1.784991068462289665e-01
1.140000000000000000e+03 1.785187276194325767e-01
1.150000000000000000e+03 1.786724410946595731e-01
1.160000000000000000e+03 1.789500617193798271e-01
1.170000000000000000e+03 1.793405638975640592e-01
1.180000000000000000e+03 1.798322085980391394e-01
1.190000000000000000e+03 1.804126841922540636e-01
1.200000000000000000e+03 1.810692573958755658e-01
1.210000000000000000e+03 1.817889310338750009e-01
1.220000000000000000e+03 1.825586073516492769e-01
1.230000000000000000e+03 1.833652499237767020e-01
1.240000000000000000e+03 1.841960393315222322e-01
1.250000000000000000e+03 1.850385184260809335e-01
1.260000000000000000e+03 1.858807235944693881e-01
1.270000000000000000e+03 1.867112988920411609e-01
1.280000000000000000e+03 1.875195903673031184e-01
1.290000000000000000e+03 1.882957176223853113e-01
1.300000000000000000e+03 1.890306244474433406e-01
1.310000000000000000e+03 1.897161078184563254e-01
1.320000000000000000e+03 1.903448259600597214e-01
1.330000000000000000e+03 1.909102906799443888e-01
1.340000000000000000e+03 1.914068466395448531e-01
1.350000000000000000e+03 1.918296384502746477e-01
1.360000000000000000e+03 1.921745706969654743e-01
1.370000000000000000e+03 1.924382641227349588e-01
1.380000000000000000e+03 1.926180107693287180e-01
1.390000000000000000e+03 1.927117300844232439e-01
1.400000000000000000e+03 1.927179273873408927e-01
1.410000000000000000e+03 1.926356547744907943e-01
1.420000000000000000e+03 1.924644750010398586e-01
1.430000000000000000e+03 1.922044286175901007e-01
1.440000000000000000e+03 1.918560035837134636e-01
1.450000000000000000e+03 1.914201061810925086e-01
1.460000000000000000e+03 1.908980321472362462e-01
1.470000000000000000e+03 1.902914372850660063e-01
1.480000000000000000e+03 1.896023076958011921e-01
1.490000000000000000e+03 1.888329297446559307e-01
1.500000000000000000e+03 1.879858593430750735e-01
1.510000000000000000e+03 1.870638909430184793e-01
1.520000000000000000e+03 1.860700266702581540e-01
1.530000000000000000e+03 1.850074471926327901e-01
1.540000000000000000e+03 1.838794859852782293e-01
1.550000000000000000e+03 1.826896072748511179e-01
1.560000000000000000e+03 1.814413890546295038e-01
1.570000000000000000e+03 1.801385117627228305e-01
1.580000000000000000e+03 1.787847536163369166e-01
1.590000000000000000e+03 1.773839923281054221e-01
1.600000000000000000e+03 1.759402122272276936e-01
1.610000000000000000e+03 1.744575164897263220e-01
1.620000000000000000e+03 1.729401428412603581e-01
1.630000000000000000e+03 1.713924811076852350e-01
1.640000000000000000e+03 1.698190911426104011e-01
1.650000000000000000e+03 1.682247182920912909e-01
1.660000000000000000e+03 1.666143044969850273e-01
1.670000000000000000e+03 1.649929942206839195e-01
1.680000000000000000e+03 1.633661334014564759e-01
1.690000000000000000e+03 1.617392596398140869e-01
1.700000000000000000e+03 1.601180832410786514e-01
1.710000000000000000e+03 1.585084597176664445e-01
1.720000000000000000e+03 1.569163541147678143e-01
1.730000000000000000e+03 1.553477977493486206e-01
1.740000000000000000e+03 1.538088385599845898e-01
1.750000000000000000e+03 1.523054863875384357e-01
1.760000000000000000e+03 1.508436546734933381e-01
1.770000000000000000e+03 1.494291002648251709e-01
1.780000000000000000e+03 1.480673629769338473e-01
1.790000000000000000e+03 1.467637063998667168e-01
1.800000000000000000e+03 1.455230613054171729e-01
1.810000000000000000e+03 1.443499725008580703e-01
1.820000000000000000e+03 1.432485499631414028e-01
1.830000000000000000e+03 1.422224248307278616e-01
1.840000000000000000e+03 1.412747107101839095e-01
1.850000000000000000e+03 1.404079706908566427e-01
1.860000000000000000e+03 1.396241900496819621e-01
1.870000000000000000e+03 1.389247547129412730e-01
1.880000000000000000e+03 1.383104356202850271e-01
1.890000000000000000e+03 1.377813789347689388e-01
1.900000000000000000e+03 1.373371018466190696e-01
1.910000000000000000e+03 1.369764942255091433e-01
1.920000000000000000e+03 1.366978268039688027e-01
1.930000000000000000e+03 1.364987658748795241e-01
1.940000000000000000e+03 1.363763943977689130e-01
1.950000000000000000e+03 1.363272399019067049e-01
1.960000000000000000e+03 1.363473096160889297e-01
1.970000000000000000e+03 1.364321325011685626e-01
1.980000000000000000e+03 1.365768073657555870e-01
1.990000000000000000e+03 1.367760565677604845e-01
2.000000000000000000e+03 1.370242845721025837e-01
2.010000000000000000e+03 1.373156400278802702e-01
2.020000000000000000e+03 1.376440800576589629e-01
2.030000000000000000e+03 1.380034354324161106e-01
2.040000000000000000e+03 1.383874748465112603e-01
2.050000000000000000e+03 1.387899668694902722e-01
2.060000000000000000e+03 1.392047382807889699e-01
2.070000000000000000e+03 1.396257275291562516e-01
2.080000000000000000e+03 1.400470323920265103e-01
2.090000000000000000e+03 1.404629512174740691e-01
2.100000000000000000e+03 1.408680173076524988e-01
2.110000000000000000e+03 1.412570263456165431e-01
2.120000000000000000e+03 1.416250573293560966e-01
2.130000000000000000e+03 1.419674875533573077e-01
2.140000000000000000e+03 1.422800022493373451e-01
2.150000000000000000e+03 1.425585998620876038e-01
2.160000000000000000e+03 1.427995941939962654e-01
2.170000000000000000e+03 1.429996142911953150e-01
2.180000000000000000e+03 1.431556030210269781e-01
2.190000000000000000e+03 1.432648155050623429e-01
2.200000000000000000e+03 1.433248180337000077e-01
2.210000000000000000e+03 1.433334879250210969e-01
2.220000000000000000e+03 1.432890146112469898e-01
2.230000000000000000e+03 1.431899020395114852e-01
2.240000000000000000e+03 1.430349722868364815e-01
2.250000000000000000e+03 1.428233700852961641e-01
2.260000000000000000e+03 1.425545678436061225e-01
2.270000000000000000e+03 1.422283708345124520e-01
2.280000000000000000e+03 1.418449221590305787e-01
2.290000000000000000e+03 1.414047069932820033e-01
2.300000000000000000e+03 1.409085555488262531e-01
2.310000000000000000e+03 1.403576441673801134e-01
2.320000000000000000e+03 1.397534943031157606e-01
2.330000000000000000e+03 1.390979690353829068e-01
2.340000000000000000e+03 1.383932663788522421e-01
2.350000000000000000e+03 1.376419091950393803e-01
2.360000000000000000e+03 1.368467318323051962e-01
2.370000000000000000e+03 1.360108632116630023e-01
2.380000000000000000e+03 1.351377064307208997e-01
2.390000000000000000e+03 1.342309151812315915e-01
2.400000000000000000e+03 1.332943670797225033e-01
2.410000000000000000e+03 1.323321344690507051e-01
2.420000000000000000e+03 1.313484534977098495e-01
2.430000000000000000e+03 1.303476921623596962e-01
2.440000000000000000e+03 1.293343181404013886e-01
2.450000000000000000e+03 1.283128672660364122e-01
2.460000000000000000e+03 1.272879131570475164e-01
2.470000000000000000e+03 1.262640384600915711e-01
2.480000000000000000e+03 1.252458081530691270e-01
2.490000000000000000e+03 1.242377451918741799e-01
2.500000000000000000e+03 1.232443083701679903e-01
2.510000000000000000e+03 1.222698721127054022e-01
2.520000000000000000e+03 1.213187080874792434e-01
2.530000000000000000e+03 1.203949681992026177e-01
2.540000000000000000e+03 1.195026683463131373e-01
2.550000000000000000e+03 1.186456724923552475e-01
2.560000000000000000e+03 1.178276766789435187e-01
2.570000000000000000e+03 1.170521926832569504e-01
2.580000000000000000e+03 1.163225311481933394e-01
2.590000000000000000e+03 1.156417842031092352e-01
2.600000000000000000e+03 1.150128077449382030e-01
2.610000000000000000e+03 1.144382037960143955e-01
2.620000000000000000e+03 1.139203034907899509e-01
2.630000000000000000e+03 1.134611513784242187e-01
2.640000000000000000e+03 1.130624916185841294e-01
2.650000000000000000e+03 1.127257564607347801e-01
2.660000000000000000e+03 1.124520574691040831e-01
2.670000000000000000e+03 1.122421800642122852e-01
2.680000000000000000e+03 1.120965815820699069e-01
2.690000000000000000e+03 1.120153926307553838e-01
2.700000000000000000e+03 1.119984215581535519e-01
2.710000000000000000e+03 1.120451616703500575e-01
2.720000000000000000e+03 1.121548006174305362e-01
2.730000000000000000e+03 1.123262315538120920e-01
2.740000000000000000e+03 1.125580658005092966e-01
2.750000000000000000e+03 1.128486466672776745e-01
2.760000000000000000e+03 1.131960640440716620e-01
2.770000000000000000e+03 1.135981695197308683e-01
2.780000000000000000e+03 1.140525921098221179e-01
2.790000000000000000e+03 1.145567547263484781e-01
2.800000000000000000e+03 1.151078913939472537e-01
2.810000000000000000e+03 1.157030651999003540e-01
2.820000000000000000e+03 1.163391869686971614e-01
2.830000000000000000e+03 1.170130346581748498e-01
2.840000000000000000e+03 1.177212734657341886e-01
2.850000000000000000e+03 1.184604764770484375e-01
2.860000000000000000e+03 1.192271454244280965e-01
2.870000000000000000e+03 1.200177310360615174e-01
2.880000000000000000e+03 1.208286526453983822e-01
2.890000000000000000e+03 1.216563168068078710e-01
2.900000000000000000e+03 1.224971346081966533e-01
2.910000000000000000e+03 1.233475373247338858e-01
2.920000000000000000e+03 1.242039900629654525e-01
2.930000000000000000e+03 1.250630033032769650e-01
2.940000000000000000e+03 1.259211423065928481e-01
2.950000000000000000e+03 1.267750342307901179e-01
2.960000000000000000e+03 1.276213729954109588e-01
2.970000000000000000e+03 1.284569222351884255e-01
2.980000000000000000e+03 1.292785167239885458e-01
2.990000000000000000e+03 1.300830624675447245e-01
3.000000000000000000e+03 1.308675357598945987e-01
3.010000000000000000e+03 1.316289818865765404e-01
3.020000000000000000e+03 1.323645142617075610e-01
3.030000000000000000e+03 1.330713145492183336e-01
3.040000000000000000e+03 1.337466341302326056e-01
3.050000000000000000e+03 1.343877973792931280e-01
3.060000000000000000e+03 1.349922073186091975e-01
3.070000000000000000e+03 1.355573539987639797e-01
3.080000000000000000e+03 1.360808256495135982e-01
3.090000000000000000e+03 1.365603224011182060e-01
3.100000000000000000e+03 1.369936722300204024e-01
3.110000000000000000e+03 1.373788487112916346e-01
3.120000000000000000e+03 1.377139900908558590e-01
3.130000000000000000e+03 1.379974192998453808e-01
3.140000000000000000e+03 1.382276645754731970e-01
3.150000000000000000e+03 1.384034801975301265e-01
3.160000000000000000e+03 1.385238669179636450e-01
3.170000000000000000e+03 1.385880918368757320e-01
3.180000000000000000e+03 1.385957074449145343e-01
3.190000000000000000e+03 1.385465694695653671e-01
3.200000000000000000e+03 1.384408531771291473e-01
3.210000000000000000e+03 1.382790677614375296e-01
3.220000000000000000e+03 1.380620683656203218e-01
3.230000000000000000e+03 1.377910652182176843e-01
3.240000000000000000e+03 1.374676293587385467e-01
3.250000000000000000e+03 1.370936943948452003e-01
3.260000000000000000e+03 1.366715536182697699e-01
3.270000000000000000e+03 1.362038518892524919e-01
3.280000000000000000e+03 1.356935719604200341e-01
3.290000000000000000e+03 1.351440150857696754e-01
3.300000000000000000e+03 1.345587759037565057e-01
3.310000000000000000e+03 1.339417118660134465e-01
3.320000000000000000e+03 1.332969078056840950e-01
3.330000000000000000e+03 1.326286364484245694e-01
3.340000000000000000e+03 1.319413157107320600e-01
3.350000000000000000e+03 1.312394636531138137e-01
3.360000000000000000e+03 1.305276520296899667e-01
3.370000000000000000e+03 1.298104594157578895e-01
3.380000000000000000e+03 1.290924248946110908e-01
3.390000000000000000e+03 1.283780032167411989e-01
3.400000000000000000e+03 1.276715221735746919e-01
3.410000000000000000e+03 1.269771428004720648e-01
3.420000000000000000e+03 1.262988230269682377e-01
3.430000000000000000e+03 1.256402854281569448e-01
3.440000000000000000e+03 1.250049896332446897e-01
3.450000000000000000e+03 1.243961097124711701e-01
3.460000000000000000e+03 1.238165167518515131e-01
3.470000000000000000e+03 1.232687667553937771e-01
3.480000000000000000e+03 1.227550938379276535e-01
3.490000000000000000e+03 1.222774084757485419e-01
3.500000000000000000e+03 1.218373004360179812e-01
3.510000000000000000e+03 1.214360459147656723e-01
3.520000000000000000e+03 1.210746183961381311e-01
3.530000000000000000e+03 1.207537027204205332e-01
3.540000000000000000e+03 1.204737117737487845e-01
3.550000000000000000e+03 1.202348052534119027e-01
3.560000000000000000e+03 1.200369100815131540e-01
3.570000000000000000e+03 1.198797420754314363e-01
3.580000000000000000e+03 1.197628284417737027e-01
3.590000000000000000e+03 1.196855306643542366e-01
3.600000000000000000e+03 1.196470674154704872e-01
3.610000000000000000e+03 1.196465371445322584e-01
3.620000000000000000e+03 1.196829399939546290e-01
3.630000000000000000e+03 1.197551986581122524e-01
3.640000000000000000e+03 1.198621777595376414e-01
3.650000000000000000e+03 1.200027013912326052e-01
3.660000000000000000e+03 1.201755685319221417e-01
3.670000000000000000e+03 1.203795660523375582e-01
3.680000000000000000e+03 1.206134790627637066e-01
3.690000000000000000e+03 1.208760983837502551e-01
3.700000000000000000e+03 1.211662249871303110e-01
3.710000000000000000e+03 1.214826713917495499e-01
3.720000000000000000e+03 1.218242601395041619e-01
3.730000000000000000e+03 1.221898195389364006e-01
3.740000000000000000e+03 1.225781768908823094e-01
3.750000000000000000e+03 1.229881494723225194e-01
3.760000000000000000e+03 1.234185336796336796e-01
3.770000000000000000e+03 1.238680928587522628e-01
3.780000000000000000e+03 1.243355443645056402e-01
3.790000000000000000e+03 1.248195463810939099e-01
3.800000000000000000e+03 1.253186851071443064e-01
3.810000000000000000e+03 1.258314629515999983e-01
3.820000000000000000e+03 1.263562883572699191e-01
3.830000000000000000e+03 1.268914678955726516e-01
3.840000000000000000e+03 1.274352012832887515e-01
3.850000000000000000e+03 1.279855798245354559e-01
3.860000000000000000e+03 1.285405885459812991e-01
3.870000000000000000e+03 1.290981121887581073e-01
3.880000000000000000e+03 1.296559450820918835e-01
3.890000000000000000e+03 1.302118046965096421e-01
3.900000000000000000e+03 1.307633485219935054e-01
3.910000000000000000e+03 1.313081938149999184e-01
3.920000000000000000e+03 1.318439396011790443e-01
3.930000000000000000e+03 1.323681902259611354e-01
3.940000000000000000e+03 1.328785797587547779e-01
3.950000000000000000e+03 1.333727965481543709e-01
3.960000000000000000e+03 1.338486072560826357e-01
3.970000000000000000e+03 1.343038797530458905e-01
3.980000000000000000e+03 1.347366043560598026e-01
3.990000000000000000e+03 1.351449130576424795e-01
4.000000000000000000e+03 1.355270965522006044e-01
4.010000000000000000e+03 1.358816188475646114e-01
4.020000000000000000e+03 1.362071292319043114e-01
4.030000000000000000e+03 1.365024715037891356e-01
4.040000000000000000e+03 1.367666904957886842e-01
4.050000000000000000e+03 1.369990359490021459e-01
4.060000000000000000e+03 1.371989637665933792e-01
4.070000000000000000e+03 1.373661346146980711e-01
4.080000000000000000e+03 1.375004097786698687e-01
4.090000000000000000e+03 1.376018441988272889e-01
4.100000000000000000e+03 1.376706767285708899e-01
4.110000000000000000e+03 1.377073177796283299e-01
4.120000000000000000e+03 1.377123345937392440e-01
4.130000000000000000e+03 1.376864344028913278e-01
4.140000000000000000e+03 1.376304457974618922e-01
4.150000000000000000e+03 1.375452988218263672e-01
4.160000000000000000e+03 1.374320044714228972e-01
4.170000000000000000e+03 1.372916342511500409e-01
4.180000000000000000e+03 1.371253003970420437e-01
4.190000000000000000e+03 1.369341373327639111e-01
4.200000000000000000e+03 1.367192848602418742e-01
4.210000000000000000e+03 1.364818734546893175e-01
4.220000000000000000e+03 1.362230119213959367e-01
4.230000000000000000e+03 1.359437776227957195e-01
4.240000000000000000e+03 1.356452093403119896e-01
4.250000000000000000e+03 1.353283027186919507e-01
4.260000000000000000e+03 1.349940082235338845e-01
4.270000000000000000e+03 1.346432314421369125e-01
4.280000000000000000e+03 1.342768353922833835e-01
4.290000000000000000e+03 1.338956444628383313e-01
4.300000000000000000e+03 1.335004496354615100e-01
4.310000000000000000e+03 1.330920146416788297e-01
4.320000000000000000e+03 1.326710826609659999e-01
4.330000000000000000e+03 1.322383830893512358e-01
4.340000000000000000e+03 1.317946379637531529e-01
4.350000000000000000e+03 1.313405678095833917e-01
4.360000000000000000e+03 1.308768967629308222e-01
4.370000000000000000e+03 1.304043567164243633e-01
4.380000000000000000e+03 1.299236902883131595e-01
4.390000000000000000e+03 1.294356526296729926e-01
4.400000000000000000e+03 1.289410121206678861e-01
4.410000000000000000e+03 1.284405499280085461e-01
4.420000000000000000e+03 1.279350583816190046e-01
4.430000000000000000e+03 1.274253381183870215e-01
4.440000000000000000e+03 1.269121940029085682e-01
4.450000000000000000e+03 1.263964300628026283e-01
4.460000000000000000e+03 1.258788438451919622e-01
4.470000000000000000e+03 1.253602205364553190e-01
4.480000000000000000e+03 1.248413271022705967e-01
4.490000000000000000e+03 1.243229067200564142e-01
4.500000000000000000e+03 1.238056738911241933e-01
4.510000000000000000e+03 1.232903107053095332e-01
4.520000000000000000e+03 1.227774646375983103e-01
4.530000000000000000e+03 1.222677480021590740e-01
4.540000000000000000e+03 1.217617391590501558e-01
4.550000000000000000e+03 1.212599855412984096e-01
4.560000000000000000e+03 1.207630083609849136e-01
4.570000000000000000e+03 1.202713088342180631e-01
4.580000000000000000e+03 1.197853756849678597e-01
4.590000000000000000e+03 1.193056934375820166e-01
4.600000000000000000e+03 1.188327510151507005e-01
4.610000000000000000e+03 1.183670501898545779e-01
4.620000000000000000e+03 1.179091134585677075e-01
4.630000000000000000e+03 1.174594911239246475e-01
4.640000000000000000e+03 1.170187674308601905e-01
4.650000000000000000e+03 1.165875655044109060e-01
4.660000000000000000e+03 1.161665509215490527e-01
4.670000000000000000e+03 1.157564339473543674e-01
4.680000000000000000e+03 1.153579705737857175e-01
4.690000000000000000e+03 1.149719625650291177e-01
4.700000000000000000e+03 1.145992566664786605e-01
4.710000000000000000e+03 1.142407430575412136e-01
4.720000000000000000e+03 1.138973531216576213e-01
4.730000000000000000e+03 1.135700565928351169e-01
4.740000000000000000e+03 1.132598581538795390e-01
4.750000000000000000e+03 1.129677934833011876e-01
4.760000000000000000e+03 1.126949245702583563e-01
4.770000000000000000e+03 1.124423341626462070e-01
4.780000000000000000e+03 1.122111193537446150e-01
4.790000000000000000e+03 1.120023843715139827e-01
4.800000000000000000e+03 1.118172326806633476e-01
4.810000000000000000e+03 1.116567584541146158e-01
4.820000000000000000e+03 1.115220375050273022e-01
4.830000000000000000e+03 1.114141179831322909e-01
4.840000000000000000e+03 1.113340111792866516e-01
4.850000000000000000e+03 1.112826826882470643e-01
4.860000000000000000e+03 1.112610441985334708e-01
4.870000000000000000e+03 1.112699462403104467e-01
4.880000000000000000e+03 1.113101721280763262e-01
4.890000000000000000e+03 1.113824331456898797e-01
4.900000000000000000e+03 1.114873649465363825e-01
4.910000000000000000e+03 1.116255251632555234e-01
4.920000000000000000e+03 1.117973921101371032e-01
4.930000000000000000e+03 1.120033642754300340e-01
4.940000000000000000e+03 1.122437602931940642e-01
4.950000000000000000e+03 1.125188191905262397e-01
4.960000000000000000e+03 1.128287007638111711e-01
4.970000000000000000e+03 1.131734859600032894e-01
4.980000000000000000e+03 1.135531770733067825e-01
4.990000000000000000e+03 1.139676975870719811e-01
5.000000000000000000e+03 1.144168916497499966e-01
5.010000000000000000e+03 1.149005231871838284e-01
5.020000000000000000e+03 1.154182746168619517e-01
5.030000000000000000e+03 1.159697451059626683e-01
5.040000000000000000e+03 1.165544482584050384e-01
5.050000000000000000e+03 1.171718092052200788e-01
5.060000000000000000e+03 1.178211611502798933e-01
5.070000000000000000e+03 1.185017413233870887e-01
5.080000000000000000e+03 1.192126862684011745e-01
5.090000000000000000e+03 1.199530264385654105e-01
5.100000000000000000e+03 1.207216801369168369e-01
5.110000000000000000e+03 1.215174470716770816e-01
5.120000000000000000e+03 1.223390019354730490e-01
5.130000000000000000e+03 1.231848883998522132e-01
5.140000000000000000e+03 1.240535138344753818e-01
5.150000000000000000e+03 1.249431449047764542e-01
5.160000000000000000e+03 1.258519042314923397e-01
5.170000000000000000e+03 1.267777684803733096e-01
5.180000000000000000e+03 1.277185681596979538e-01
5.190000000000000000e+03 1.286719890908727681e-01
5.200000000000000000e+03 1.296355754113845127e-01
5.210000000000000000e+03 1.306067340199122129e-01
5.220000000000000000e+03 1.315827403926330963e-01
5.230000000000000000e+03 1.325607456689576191e-01
5.240000000000000000e+03 1.335377849122094118e-01
5.250000000000000000e+03 1.345107865543000436e-01
5.260000000000000000e+03 1.354765831621097816e-01
5.270000000000000000e+03 1.364319237484389602e-01
5.280000000000000000e+03 1.373734878514476787e-01
5.290000000000000000e+03 1.382979015041508608e-01
5.300000000000000000e+03 1.392017551812733955e-01
5.310000000000000000e+03 1.400816238345123643e-01
5.320000000000000000e+03 1.409340889729295832e-01
5.330000000000000000e+03 1.417557625802439991e-01
5.340000000000000000e+03 1.425433126201774148e-01
5.350000000000000000e+03 1.432934898558025361e-01
5.360000000000000000e+03 1.440031557106175586e-01
5.370000000000000000e+03 1.446693107951716462e-01
5.380000000000000000e+03 1.452891235942852521e-01
5.390000000000000000e+03 1.458599588770038979e-01
5.400000000000000000e+03 1.463794052638084930e-01
5.410000000000000000e+03 1.468453011863771474e-01
5.420000000000000000e+03 1.472557587538801116e-01
5.430000000000000000e+03 1.476091851918479581e-01
5.440000000000000000e+03 1.479043012947815483e-01
5.450000000000000000e+03 1.481401565907273510e-01
5.460000000000000000e+03 1.483161411075576697e-01
5.470000000000000000e+03 1.484319934047419187e-01
5.480000000000000000e+03 1.484878045957778725e-01
5.490000000000000000e+03 1.484840183431171412e-01
5.500000000000000000e+03 1.484214269905943795e-01
5.510000000000000000e+03 1.483011641106007084e-01
5.520000000000000000e+03 1.481246936295817496e-01
5.530000000000000000e+03 1.478937956168889234e-01
5.540000000000000000e+03 1.476105490588262015e-01
5.550000000000000000e+03 1.472773120480187214e-01
5.560000000000000000e+03 1.468966997882424630e-01
5.570000000000000000e+03 1.464715608651537271e-01
5.580000000000000000e+03 1.460049521524861005e-01
5.590000000000000000e+03 1.455001126824888580e-01
5.600000000000000000e+03 1.449604368229999996e-01
5.610000000000000000e+03 1.443894469729720687e-01
5.620000000000000000e+03 1.437907658110512410e-01
5.630000000000000000e+03 1.431680882574532798e-01
5.640000000000000000e+03 1.425251535324464081e-01
5.650000000000000000e+03 1.418657176104706763e-01
5.660000000000000000e+03 1.411935261582543399e-01
5.670000000000000000e+03 1.405122880809392127e-01
5.680000000000000000e+03 1.398256500032294403e-01
5.690000000000000000e+03 1.391371720793366240e-01
5.700000000000000000e+03 1.384503054501008690e-01
5.710000000000000000e+03 1.377683716530670732e-01
5.720000000000000000e+03 1.370945443107441375e-01
5.730000000000000000e+03 1.364318333038161135e-01
5.740000000000000000e+03 1.357830715202829330e-01
5.750000000000000000e+03 1.351509043744474059e-01
5.760000000000000000e+03 1.345377823290273556e-01
5.770000000000000000e+03 1.339459564240265133e-01
5.780000000000000000e+03 1.333774766346149943e-01
5.790000000000000000e+03 1.328341928186480003e-01
5.800000000000000000e+03 1.323177578339634619e-01
5.810000000000000000e+03 1.318296323454879460e-01
5.820000000000000000e+03 1.313710909554973993e-01
5.830000000000000000e+03 1.309432292160924438e-01
5.840000000000000000e+03 1.305469709298110459e-01
5.850000000000000000e+03 1.301830751900180105e-01
5.860000000000000000e+03 1.298521427905143522e-01
5.870000000000000000e+03 1.295546217992645799e-01
5.880000000000000000e+03 1.292908121968255608e-01
5.890000000000000000e+03 1.290608695119974947e-01
5.900000000000000000e+03 1.288648074558109702e-01
5.910000000000000000e+03 1.287024997231899226e-01
5.920000000000000000e+03 1.285736813031975734e-01
5.930000000000000000e+03 1.284779496994616355e-01
5.940000000000000000e+03 1.284147664521961829e-01
5.950000000000000000e+03 1.283834593022739057e-01
5.960000000000000000e+03 1.283832252308192978e-01
5.970000000000000000e+03 1.284131345101255373e-01
5.980000000000000000e+03 1.284721358396968272e-01
5.990000000000000000e+03 1.285590625415718169e-01
6.000000000000000000e+03 1.286726396782175985e-01
6.010000000000000000e+03 1.288114919358585853e-01
6.020000000000000000e+03 1.289741521512755840e-01
6.030000000000000000e+03 1.291590702863577300e-01
6.040000000000000000e+03 1.293646225692029195e-01
6.050000000000000000e+03 1.295891206338814772e-01
6.060000000000000000e+03 1.298308206540694509e-01
6.070000000000000000e+03 1.300879324730476738e-01
6.080000000000000000e+03 1.303586286262693461e-01
6.090000000000000000e+03 1.306410531366171690e-01
6.100000000000000000e+03 1.309333300692590296e-01
6.110000000000000000e+03 1.312335719008723700e-01
6.120000000000000000e+03 1.315398877137567979e-01
6.130000000000000000e+03 1.318503911868244005e-01
6.140000000000000000e+03 1.321632083938190927e-01
6.150000000000000000e+03 1.324764854471280895e-01
6.160000000000000000e+03 1.327883959985267925e-01
6.170000000000000000e+03 1.330971485431517720e-01
6.180000000000000000e+03 1.334009934326584046e-01
6.190000000000000000e+03 1.336982294970521790e-01
6.200000000000000000e+03 1.339872102035815915e-01
6.210000000000000000e+03 1.342663492682677484e-01
6.220000000000000000e+03 1.345341255397708435e-01
6.230000000000000000e+03 1.347890869635579303e-01
6.240000000000000000e+03 1.350298535757887275e-01
6.250000000000000000e+03 1.352551195615828150e-01
6.260000000000000000e+03 1.354636544388793939e-01
6.270000000000000000e+03 1.356543035187379731e-01
6.280000000000000000e+03 1.358259877679314775e-01
6.290000000000000000e+03 1.359777031732456454e-01
6.300000000000000000e+03 1.361085198313492506e-01
6.310000000000000000e+03 1.362175810361839212e-01
6.320000000000000000e+03 1.363041025990533728e-01
6.330000000000000000e+03 1.363673725752252430e-01
6.340000000000000000e+03 1.364067515171412670e-01
6.350000000000000000e+03 1.364216734135145215e-01
6.360000000000000000e+03 1.364116475426069564e-01
6.370000000000000000e+03 1.363762613834210713e-01
6.380000000000000000e+03 1.363151846423237001e-01
6.390000000000000000e+03 1.362281744787472437e-01
6.400000000000000000e+03 1.361150819081985708e-01
6.410000000000000000e+03 1.359758592121765863e-01
6.420000000000000000e+03 1.358105681273392984e-01
6.430000000000000000e+03 1.356193884769974489e-01
6.440000000000000000e+03 1.354026267604968303e-01
6.450000000000000000e+03 1.351607241743929544e-01
6.460000000000000000e+03 1.348942634857652478e-01
6.470000000000000000e+03 1.346039741143312818e-01
6.480000000000000000e+03 1.342907348569628567e-01
6.490000000000000000e+03 1.339555738941939633e-01
6.500000000000000000e+03 1.335996659120998464e-01
6.510000000000000000e+03 1.332243263496846464e-01
6.520000000000000000e+03 1.328310029837560247e-01
6.530000000000000000e+03 1.324212652505338816e-01
6.540000000000000000e+03 1.319967918206159663e-01
6.550000000000000000e+03 1.315593570320259253e-01
6.560000000000000000e+03 1.311108168153189424e-01
6.570000000000000000e+03 1.306530946668545412e-01
6.580000000000000000e+03 1.301881680348646875e-01
6.590000000000000000e+03 1.297180552857533919e-01
6.600000000000000000e+03 1.292448033428089116e-01
6.610000000000000000e+03 1.287704761043584334e-01
6.620000000000000000e+03 1.282971436151023603e-01
6.630000000000000000e+03 1.278268718023990169e-01
6.640000000000000000e+03 1.273617126394683829e-01
6.650000000000000000e+03 1.269036946506171826e-01
6.660000000000000000e+03 1.264548137354659652e-01
6.670000000000000000e+03 1.260170243226514386e-01
6.680000000000000000e+03 1.255922308489224870e-01
6.690000000000000000e+03 1.251822795658270038e-01
6.700000000000000000e+03 1.247889506882675914e-01
6.710000000000000000e+03 1.244139508727179211e-01
6.720000000000000000e+03 1.240589059693024132e-01
6.730000000000000000e+03 1.237253539658226403e-01
6.740000000000000000e+03 1.234147380286803458e-01
6.750000000000000000e+03 1.231283995527028691e-01
6.760000000000000000e+03 1.228675711613294724e-01
6.770000000000000000e+03 1.226333696653419264e-01
6.780000000000000000e+03 1.224267890487806265e-01
6.790000000000000000e+03 1.222486935852138690e-01
6.800000000000000000e+03 1.220998112833335814e-01
6.810000000000000000e+03 1.219807279378516268e-01
6.820000000000000000e+03 1.218918820934956210e-01
6.830000000000000000e+03 1.218335612407391855e-01
6.840000000000000000e+03 1.218058995197621452e-01
6.850000000000000000e+03 1.218088771071067500e-01
6.860000000000000000e+03 1.218423213869742061e-01
6.870000000000000000e+03 1.219059099220545089e-01
6.880000000000000000e+03 1.219991751521725815e-01
6.890000000000000000e+03 1.221215107041122849e-01
6.900000000000000000e+03 1.222721791387536838e-01
6.910000000000000000e+03 1.224503209204904630e-01
6.920000000000000000e+03 1.226549644101271180e-01
6.930000000000000000e+03 1.228850366883968565e-01
6.940000000000000000e+03 1.231393749672884397e-01
6.950000000000000000e+03 1.234167383058105416e-01
6.960000000000000000e+03 1.237158193033012776e-01
6.970000000000000000e+03 1.240352554160806947e-01
6.980000000000000000e+03 1.243736395142350099e-01
6.990000000000000000e+03 1.247295292613945505e-01
7.000000000000000000e+03 1.251014548871454413e-01
7.010000000000000000e+03 1.254879250242542654e-01
7.020000000000000000e+03 1.258874303934073013e-01
7.030000000000000000e+03 1.262984452267597590e-01
7.040000000000000000e+03 1.267194264912853141e-01
7.050000000000000000e+03 1.271488111543508659e-01
7.060000000000000000e+03 1.275850118981579351e-01
7.070000000000000000e+03 1.280264118357935244e-01
7.080000000000000000e+03 1.284713588825024677e-01
7.090000000000000000e+03 1.289181604753026067e-01
7.100000000000000000e+03 1.293650793311401370e-01
7.110000000000000000e+03 1.298103308470325568e-01
7.120000000000000000e+03 1.302520826324334302e-01
7.130000000000000000e+03 1.306884565499543682e-01
7.140000000000000000e+03 1.311175335245940432e-01
7.150000000000000000e+03 1.315373612331449948e-01
7.160000000000000000e+03 1.319459646340491732e-01
7.170000000000000000e+03 1.323413591571887538e-01
7.180000000000000000e+03 1.327215662855026346e-01
7.190000000000000000e+03 1.330846312236656503e-01
7.200000000000000000e+03 1.334286423184695147e-01
7.210000000000000000e+03 1.337517518426567242e-01
7.220000000000000000e+03 1.340521977167847545e-01
7.230000000000000000e+03 1.343283257207702752e-01
7.240000000000000000e+03 1.345786117275262761e-01
7.250000000000000000e+03 1.348016834379448803e-01
7.260000000000000000e+03 1.349963410402187092e-01
7.270000000000000000e+03 1.351615762262279863e-01
7.280000000000000000e+03 1.352965890078978717e-01
7.290000000000000000e+03 1.354008017849895329e-01
7.300000000000000000e+03 1.354738701042298710e-01
7.310000000000000000e+03 1.355156896154499635e-01
7.320000000000000000e+03 1.355263988852980217e-01
7.330000000000000000e+03 1.355063778552781650e-01
7.340000000000000000e+03 1.354562418590900819e-01
7.350000000000000000e+03 1.353768312581635214e-01
7.360000000000000000e+03 1.352691969049555631e-01
7.370000000000000000e+03 1.351345817957967932e-01
7.380000000000000000e+03 1.349743994405691594e-01
7.390000000000000000e+03 1.347902096006370620e-01
7.400000000000000000e+03 1.345836921326276636e-01
7.410000000000000000e+03 1.343566196836073201e-01
7.420000000000000000e+03 1.341108300079602578e-01
7.430000000000000000e+03 1.338481986875754703e-01
7.440000000000000000e+03 1.335706130293378424e-01
7.450000000000000000e+03 1.332799478898507306e-01
7.460000000000000000e+03 1.329780440588428092e-01
7.470000000000000000e+03 1.326666896840658083e-01
7.480000000000000000e+03 1.323476051016267696e-01
7.490000000000000000e+03 1.320224313012510475e-01
7.500000000000000000e+03 1.316927220895634520e-01
7.510000000000000000e+03 1.313599398384391326e-01
7.520000000000000000e+03 1.310254545540374127e-01
7.530000000000000000e+03 1.306905458784021479e-01
7.540000000000000000e+03 1.303564075174337145e-01
7.550000000000000000e+03 1.300241535729484699e-01
7.560000000000000000e+03 1.296948262739174018e-01
7.570000000000000000e+03 1.293694046019367994e-01
7.580000000000000000e+03 1.290488133021482631e-01
7.590000000000000000e+03 1.287339318139775479e-01
7.600000000000000000e+03 1.284256027473583139e-01
7.610000000000000000e+03 1.281246396095449547e-01
7.620000000000000000e+03 1.278318334811526236e-01
7.630000000000000000e+03 1.275479583446090803e-01
7.640000000000000000e+03 1.272737748272392000e-01
7.650000000000000000e+03 1.270100322237292523e-01
7.660000000000000000e+03 1.267574687502876218e-01
7.670000000000000000e+03 1.265168100178492017e-01
7.680000000000000000e+03 1.262887657422549215e-01
7.690000000000000000e+03 1.260740247578221451e-01
7.700000000000000000e+03 1.258732484821885322e-01
7.710000000000000000e+03 1.256870630796892707e-01
7.720000000000000000e+03 1.255160506410083199e-01
7.730000000000000000e+03 1.253607397423768810e-01
7.740000000000000000e+03 1.252215957386565437e-01
7.750000000000000000e+03 1.250990111031655694e-01
7.760000000000000000e+03 1.249932961280073723e-01
7.770000000000000000e+03 1.249046703219937049e-01
7.780000000000000000e+03 1.248332548247755858e-01
7.790000000000000000e+03 1.247790661400667994e-01
7.800000000000000000e+03 1.247420114683197995e-01
7.810000000000000000e+03 1.247218858807681019e-01
7.820000000000000000e+03 1.247183714670773991e-01
7.830000000000000000e+03 1.247310385029491986e-01
7.840000000000000000e+03 1.247593486029792004e-01
7.850000000000000000e+03 1.248026597736181659e-01
7.860000000000000000e+03 1.248602332357663103e-01
7.870000000000000000e+03 1.249312418394522839e-01
7.880000000000000000e+03 1.250147798395041532e-01
7.890000000000000000e+03 1.251098737892464285e-01
7.900000000000000000e+03 1.252154943059338721e-01
7.910000000000000000e+03 1.253305684624365091e-01
7.920000000000000000e+03 1.254539925563507852e-01
7.930000000000000000e+03 1.255846449849192525e-01
7.940000000000000000e+03 1.257213989134269294e-01
7.950000000000000000e+03 1.258631343895062482e-01
7.960000000000000000e+03 1.260087495421897130e-01
7.970000000000000000e+03 1.261571705741829086e-01
7.980000000000000000e+03 1.263073603396173972e-01
7.990000000000000000e+03 1.264583253565010335e-01
8.000000000000000000e+03 1.266091211788908377e-01
8.010000000000000000e+03 1.267588561885848453e-01
8.020000000000000000e+03 1.269066939890726997e-01
8.030000000000000000e+03 1.270518546440834728e-01
8.040000000000000000e+03 1.271936150301711532e-01
8.050000000000000000e+03 1.273313085713742021e-01
8.060000000000000000e+03 1.274643245848373352e-01
8.070000000000000000e+03 1.275921074129759414e-01
8.080000000000000000e+03 1.277141554744423702e-01
8.090000000000000000e+03 1.278300203167868077e-01
8.100000000000000000e+03 1.279393056859905731e-01
8.110000000000000000e+03 1.280416665731744508e-01
8.120000000000000000e+03 1.281368081908858259e-01
8.130000000000000000e+03 1.282244847937097365e-01
8.140000000000000000e+03 1.283044981623909231e-01
8.150000000000000000e+03 1.283766955937004350e-01
8.160000000000000000e+03 1.284409673206379499e-01
8.170000000000000000e+03 1.284972433467969077e-01
8.180000000000000000e+03 1.285454896287983595e-01
8.190000000000000000e+03 1.285857035421135441e-01
8.200000000000000000e+03 1.286179087167418911e-01
8.210000000000000000e+03 1.286421495020947936e-01
8.220000000000000000e+03 1.286584854258635557e-01
8.230000000000000000e+03 1.286669859709802521e-01
8.240000000000000000e+03 1.286677259072301349e-01
8.250000000000000000e+03 1.286607814332692279e-01
8.260000000000000000e+03 1.286462274299269015e-01
8.270000000000000000e+03 1.286241360037417569e-01
8.280000000000000000e+03 1.285945762712893681e-01
8.290000000000000000e+03 1.285576152172441255e-01
8.300000000000000000e+03 1.285133194792393574e-01
8.310000000000000000e+03 1.284617578916104341e-01
8.320000000000000000e+03 1.284030045183987001e-01
8.330000000000000000e+03 1.283371418328384528e-01
8.340000000000000000e+03 1.282642637250103745e-01
8.350000000000000000e+03 1.281844780899109026e-01
8.360000000000000000e+03 1.280979088433796820e-01
8.370000000000000000e+03 1.280046972501784897e-01
8.380000000000000000e+03 1.279050024480243297e-01
8.390000000000000000e+03 1.277990010596770365e-01
8.400000000000000000e+03 1.276868858882396762e-01
8.410000000000000000e+03 1.275688638256707030e-01
8.420000000000000000e+03 1.274451531938562143e-01
8.430000000000000000e+03 1.273159807618662875e-01
8.440000000000000000e+03 1.271815786004871218e-01
8.450000000000000000e+03 1.270421808880239645e-01
8.460000000000000000e+03 1.268980207864755239e-01
8.470000000000000000e+03 1.267493274609644838e-01
8.480000000000000000e+03 1.265963232361395907e-01
8.490000000000000000e+03 1.264392208958756703e-01
8.500000000000000000e+03 1.262782211647157093e-01
8.510000000000000000e+03 1.261135103180582584e-01
8.520000000000000000e+03 1.259452577897516301e-01
8.530000000000000000e+03 1.257736136417185735e-01
8.540000000000000000e+03 1.255987058563595438e-01
8.550000000000000000e+03 1.254206375041273802e-01
8.560000000000000000e+03 1.252394839094250756e-01
8.570000000000000000e+03 1.250552900092531394e-01
8.580000000000000000e+03 1.248680681343080773e-01
8.590000000000000000e+03 1.246777964221041091e-01
8.600000000000000000e+03 1.244844180993158467e-01
8.610000000000000000e+03 1.242878419236344428e-01
8.620000000000000000e+03 1.240879440449595555e-01
8.630000000000000000e+03 1.238845715134989783e-01
8.640000000000000000e+03 1.236775476372450611e-01
8.650000000000000000e+03 1.234666792640364691e-01
8.660000000000000000e+03 1.232517657950742140e-01
8.670000000000000000e+03 1.230326095854893248e-01
8.680000000000000000e+03 1.228090274070438304e-01
8.690000000000000000e+03 1.225808626512620708e-01
8.700000000000000000e+03 1.223479978200706225e-01
8.710000000000000000e+03 1.221103667406757132e-01
8.720000000000000000e+03 1.218679658926896253e-01
8.730000000000000000e+03 1.216208642792726696e-01
8.740000000000000000e+03 1.213692113264072114e-01
8.750000000000000000e+03 1.211132423294046523e-01
8.760000000000000000e+03 1.208532810514634237e-01
8.770000000000000000e+03 1.205897393252308991e-01
8.780000000000000000e+03 1.203231137962009478e-01
8.790000000000000000e+03 1.200539800761704079e-01
8.800000000000000000e+03 1.197829845947185889e-01
8.810000000000000000e+03 1.195108345167360253e-01
8.820000000000000000e+03 1.192382862755128753e-01
8.830000000000000000e+03 1.189661334273179050e-01
8.840000000000000000e+03 1.186951944927736868e-01
8.850000000000000000e+03 1.184263013352952060e-01
8.860000000000000000e+03 1.181602885744093001e-01
8.870000000000000000e+03 1.178979844179274400e-01
8.880000000000000000e+03 1.176402030674916915e-01
8.890000000000000000e+03 1.173877386304530285e-01
8.900000000000000000e+03 1.171413604490290084e-01
8.910000000000000000e+03 1.169018097544180373e-01
8.920000000000000000e+03 1.166697973948196410e-01
8.930000000000000000e+03 1.164460021920493554e-01
8.940000000000000000e+03 1.162310694525831717e-01
8.950000000000000000e+03 1.160256093521544185e-01
8.960000000000000000e+03 1.158301951001857177e-01
8.970000000000000000e+03 1.156453608793518995e-01
8.980000000000000000e+03 1.154715996378891940e-01
8.990000000000000000e+03 1.153093608897907546e-01
9.000000000000000000e+03 1.151590486451565809e-01
9.010000000000000000e+03 1.150210196505078997e-01
9.020000000000000000e+03 1.148955822452256831e-01
9.030000000000000000e+03 1.147829960861393994e-01
9.040000000000000000e+03 1.146834727320141384e-01
9.050000000000000000e+03 1.145971768113947520e-01
9.060000000000000000e+03 1.145242275465967186e-01
9.070000000000000000e+03 1.144647005084045155e-01
9.080000000000000000e+03 1.144186295001699272e-01
9.090000000000000000e+03 1.143860084196180460e-01
9.100000000000000000e+03 1.143667928651220661e-01
9.110000000000000000e+03 1.143609013007514663e-01
9.120000000000000000e+03 1.143682157319020620e-01
9.130000000000000000e+03 1.143885819476543053e-01
9.140000000000000000e+03 1.144218093727266822e-01
9.150000000000000000e+03 1.144676705575011083e-01
9.160000000000000000e+03 1.145259005169703276e-01
9.170000000000000000e+03 1.145961961772299087e-01
9.180000000000000000e+03 1.146782159268801699e-01
9.190000000000000000e+03 1.147715792849845068e-01
9.200000000000000000e+03 1.148758669185339643e-01
9.210000000000000000e+03 1.149906210195837802e-01
9.220000000000000000e+03 1.151153457163999333e-01
9.230000000000000000e+03 1.152495073763667860e-01
9.240000000000000000e+03 1.153925349840123349e-01
9.250000000000000000e+03 1.155438206660814732e-01
9.260000000000000000e+03 1.157027202677354538e-01
9.270000000000000000e+03 1.158685539936598202e-01
9.280000000000000000e+03 1.160406070966281400e-01
9.290000000000000000e+03 1.162181305286999478e-01
9.300000000000000000e+03 1.164003414265542824e-01
9.310000000000000000e+03 1.165864234669559962e-01
9.320000000000000000e+03 1.167755273394528448e-01
9.330000000000000000e+03 1.169667715020674958e-01
9.340000000000000000e+03 1.171592432480230983e-01
9.350000000000000000e+03 1.173520002763307757e-01
9.360000000000000000e+03 1.175440730356252655e-01
9.370000000000000000e+03 1.177344679102865777e-01
9.380000000000000000e+03 1.179221711768292241e-01
9.390000000000000000e+03 1.181061535959880698e-01
9.400000000000000000e+03 1.182853755823418951e-01
9.410000000000000000e+03 1.184587931633990093e-01
9.420000000000000000e+03 1.186253649695596935e-01
9.430000000000000000e+03 1.187840601694348935e-01
9.440000000000000000e+03 1.189338670164058337e-01
9.450000000000000000e+03 1.190738017874228838e-01
9.460000000000000000e+03 1.192029181575689767e-01
9.470000000000000000e+03 1.193203170788757345e-01
9.480000000000000000e+03 1.194251569687081599e-01
9.490000000000000000e+03 1.195166638882407262e-01
9.500000000000000000e+03 1.195941415009734582e-01
9.510000000000000000e+03 1.196569804552891081e-01
9.520000000000000000e+03 1.197046665688216716e-01
9.530000000000000000e+03 1.197367873418305056e-01
9.540000000000000000e+03 1.197530366867666923e-01
9.550000000000000000e+03 1.197532178073113796e-01
9.560000000000000000e+03 1.197372438727628691e-01
9.570000000000000000e+03 1.197051360924351882e-01
9.580000000000000000e+03 1.196570191424253665e-01
9.590000000000000000e+03 1.195931144246268618e-01
9.600000000000000000e+03 1.195137317449474351e-01
9.610000000000000000e+03 1.194192598395439064e-01
9.620000000000000000e+03 1.193101561355582874e-01
9.630000000000000000e+03 1.191869362826037393e-01
9.640000000000000000e+03 1.190501640528498356e-01
9.650000000000000000e+03 1.189004420753398128e-01
9.660000000000000000e+03 1.187384037832901335e-01
9.670000000000000000e+03 1.185647067808267147e-01
9.680000000000000000e+03 1.183800276745525931e-01
9.690000000000000000e+03 1.181850586163011724e-01
9.700000000000000000e+03 1.179805054033490203e-01
9.710000000000000000e+03 1.177670862391874962e-01
9.720000000000000000e+03 1.175455302966333104e-01
9.730000000000000000e+03 1.173165761707334609e-01
9.740000000000000000e+03 1.170809706036585046e-01
9.750000000000000000e+03 1.168394669717828099e-01
9.760000000000000000e+03 1.165928229974179109e-01
9.770000000000000000e+03 1.163417981232434534e-01
9.780000000000000000e+03 1.160871509971795612e-01
9.790000000000000000e+03 1.158296372103384819e-01
9.800000000000000000e+03 1.155700076507070323e-01
9.810000000000000000e+03 1.153090076014747500e-01
9.820000000000000000e+03 1.150473763555762002e-01
9.830000000000000000e+03 1.147858477119627907e-01
9.840000000000000000e+03 1.145251518573688065e-01
9.850000000000000000e+03 1.142660180353435584e-01
9.860000000000000000e+03 1.140091771533319892e-01
9.870000000000000000e+03 1.137553643229643752e-01
9.880000000000000000e+03 1.135053214323063220e-01
9.890000000000000000e+03 1.132597991343689270e-01
9.900000000000000000e+03 1.130195573906776219e-01
9.910000000000000000e+03 1.127853644771323188e-01
9.920000000000000000e+03 1.125579948457809953e-01
9.930000000000000000e+03 1.123382257821312208e-01
9.940000000000000000e+03 1.121268326967614914e-01
9.950000000000000000e+03 1.119245836472769762e-01
9.960000000000000000e+03 1.117322340475908476e-01
9.970000000000000000e+03 1.115505217307561359e-01
9.980000000000000000e+03 1.113801618908715624e-01
9.990000000000000000e+03 1.112218418280295079e-01
1.000000000000000000e+04 1.110762158712207404e-01
1.001000000000000000e+04 1.109439010101924417e-01
1.002000000000000000e+04 1.108254739523830829e-01
1.003000000000000000e+04 1.107214687052618801e-01
1.004000000000000000e+04 1.106323745638022188e-01
1.005000000000000000e+04 1.105586345506027468e-01
1.006000000000000000e+04 1.105006435244298701e-01
1.007000000000000000e+04 1.104587452717089024e-01
1.008000000000000000e+04 1.104332290322820181e-01
1.009000000000000000e+04 1.104243259377649944e-01
1.010000000000000000e+04 1.104322050362298996e-01
1.011000000000000000e+04 1.104569690292325074e-01
1.012000000000000000e+04 1.104986493775101525e-01
1.013000000000000000e+04 1.105572007963014913e-01
1.014000000000000000e+04 1.106324961617497493e-01
1.015000000000000000e+04 1.107243224158614842e-01
1.016000000000000000e+04 1.108323771932544777e-01
1.017000000000000000e+04 1.109562664414124600e-01
1.018000000000000000e+04 1.110955037069767531e-01
1.019000000000000000e+04 1.112495108340663119e-01
1.020000000000000000e+04 1.114176197117523193e-01
1.021000000000000000e+04 1.115990756100264242e-01
1.022000000000000000e+04 1.117930417908030855e-01
1.023000000000000000e+04 1.119986048004840973e-01
1.024000000000000000e+04 1.122147805726616127e-01
1.025000000000000000e+04 1.124405210702906499e-01
1.026000000000000000e+04 1.126747205980898336e-01
1.027000000000000000e+04 1.129162216902632604e-01
1.028000000000000000e+04 1.131638219077602536e-01
1.029000000000000000e+04 1.134162816090482639e-01
1.030000000000000000e+04 1.136723316615310536e-01
1.031000000000000000e+04 1.139306816144793483e-01
1.032000000000000000e+04 1.141900282301795549e-01
1.033000000000000000e+04 1.144490630613682891e-01
1.034000000000000000e+04 1.147064796220940708e-01
1.035000000000000000e+04 1.149609807361610114e-01
1.036000000000000000e+04 1.152112851365008073e-01
1.037000000000000000e+04 1.154561331017642800e-01
1.038000000000000000e+04 1.156942915374311459e-01
1.039000000000000000e+04 1.159245579514319169e-01
1.040000000000000000e+04 1.161457632381515115e-01
1.041000000000000000e+04 1.163567742369074204e-01
1.042000000000000000e+04 1.165564955365996774e-01
1.043000000000000000e+04 1.167438710697609183e-01
1.044000000000000000e+04 1.169178871694371430e-01
1.045000000000000000e+04 1.170775758613437634e-01
1.046000000000000000e+04 1.172220175898935624e-01
1.047000000000000000e+04 1.173503448017609169e-01
1.048000000000000000e+04 1.174617466723609227e-01
1.049000000000000000e+04 1.175554740337340504e-01
1.050000000000000000e+04 1.176308440441051067e-01
1.051000000000000000e+04 1.176872455048453142e-01
1.052000000000000000e+04 1.177241448200678081e-01
1.053000000000000000e+04 1.177410907918026578e-01
1.054000000000000000e+04 1.177377188797602975e-01
1.055000000000000000e+04 1.177137554332845781e-01
1.056000000000000000e+04 1.176690211354386451e-01
1.057000000000000000e+04 1.176034336824027249e-01
1.058000000000000000e+04 1.175170106895628841e-01
1.059000000000000000e+04 1.174098722575582510e-01
1.060000000000000000e+04 1.172822451983621672e-01
1.061000000000000000e+04 1.171344661667357845e-01
1.062000000000000000e+04 1.169669808591096011e-01
1.063000000000000000e+04 1.167803485607080832e-01
1.064000000000000000e+04 1.165752433587960157e-01
1.065000000000000000e+04 1.163524499567612780e-01
1.066000000000000000e+04 1.161128624845109703e-01
1.067000000000000000e+04 1.158574836629151505e-01
1.068000000000000000e+04 1.155874170851157595e-01
1.069000000000000000e+04 1.153038563046783066e-01
1.070000000000000000e+04 1.150080770424575238e-01
1.071000000000000000e+04 1.147014243408964879e-01
1.072000000000000000e+04 1.143852962403038021e-01
1.073000000000000000e+04 1.140611294294583966e-01
1.074000000000000000e+04 1.137303818103394676e-01
1.075000000000000000e+04 1.133945128909415873e-01
1.076000000000000000e+04 1.130549681718966276e-01
1.077000000000000000e+04 1.127131631657797839e-01
1.078000000000000000e+04 1.123704687148983777e-01
1.079000000000000000e+04 1.120281955346804775e-01
1.080000000000000000e+04 1.116875825722782739e-01
1.081000000000000000e+04 1.113497889094117871e-01
1.082000000000000000e+04 1.110158880145100946e-01
1.083000000000000000e+04 1.106868645508100046e-01
1.084000000000000000e+04 1.103636143226734423e-01
1.085000000000000000e+04 1.100469469582087273e-01
1.086000000000000000e+04 1.097375866931368099e-01
1.087000000000000000e+04 1.094361779535107243e-01
1.088000000000000000e+04 1.091432932429194369e-01
1.089000000000000000e+04 1.088594415730982923e-01
1.090000000000000000e+04 1.085850767825477098e-01
1.091000000000000000e+04 1.083206013494189546e-01
1.092000000000000000e+04 1.080663711746444600e-01
1.093000000000000000e+04 1.078227011113687961e-01
1.094000000000000000e+04 1.075898695320054860e-01
1.095000000000000000e+04 1.073681185641988667e-01
1.096000000000000000e+04 1.071576551130435234e-01
1.097000000000000000e+04 1.069586500370522247e-01
1.098000000000000000e+04 1.067712343089996657e-01
1.099000000000000000e+04 1.065954945119549496e-01
1.100000000000000000e+04 1.064314710568387695e-01
1.101000000000000000e+04 1.062791574469834355e-01
1.102000000000000000e+04 1.061384980028051289e-01
1.103000000000000000e+04 1.060093883497267575e-01
1.104000000000000000e+04 1.058916776970504903e-01
1.105000000000000000e+04 1.057851709740169066e-01
1.106000000000000000e+04 1.056896320403858114e-01
1.107000000000000000e+04 1.056047890252722610e-01
1.108000000000000000e+04 1.055303415424257846e-01
1.109000000000000000e+04 1.054659662125956437e-01
1.110000000000000000e+04 1.054113199413312663e-01
1.111000000000000000e+04 1.053660441618931715e-01
1.112000000000000000e+04 1.053297683989046080e-01
1.113000000000000000e+04 1.053021108604633299e-01
1.114000000000000000e+04 1.052826767519632334e-01
1.115000000000000000e+04 1.052710559810811353e-01
1.116000000000000000e+04 1.052668203188898421e-01
1.117000000000000000e+04 1.052695194506517301e-01
1.118000000000000000e+04 1.052786772260428105e-01
1.119000000000000000e+04 1.052937899170988539e-01
1.120000000000000000e+04 1.053143267659111537e-01
1.121000000000000000e+04 1.053397311546094561e-01
1.122000000000000000e+04 1.053694210198542341e-01
1.123000000000000000e+04 1.054027919988468620e-01
1.124000000000000000e+04 1.054392267382144310e-01
1.125000000000000000e+04 1.054781061111691731e-01
1.126000000000000000e+04 1.055188185012019553e-01
1.127000000000000000e+04 1.055607704434086414e-01
1.128000000000000000e+04 1.056033992809972538e-01
1.129000000000000000e+04 1.056461819762488097e-01
1.130000000000000000e+04 1.056886430589497605e-01
1.131000000000000000e+04 1.057303652328507038e-01
1.132000000000000000e+04 1.057709961740915805e-01
1.133000000000000000e+04 1.058102504976329988e-01
1.134000000000000000e+04 1.058479098821821091e-01
1.135000000000000000e+04 1.058838224131508216e-01
1.136000000000000000e+04 1.059178997353427687e-01
1.137000000000000000e+04 1.059501107507351131e-01
1.138000000000000000e+04 1.059804791197738599e-01
1.139000000000000000e+04 1.060090803324217068e-01
1.140000000000000000e+04 1.060360346585013797e-01
1.141000000000000000e+04 1.060614988464956832e-01
1.142000000000000000e+04 1.060856562349619808e-01
1.143000000000000000e+04 1.061087089303347636e-01
1.144000000000000000e+04 1.061308763158017171e-01
1.145000000000000000e+04 1.061523907263635103e-01
1.146000000000000000e+04 1.061734892608132280e-01
1.147000000000000000e+04 1.061944057080247000e-01
1.148000000000000000e+04 1.062153649808366546e-01
1.149000000000000000e+04 1.062365799722376908e-01
1.150000000000000000e+04 1.062582472777168774e-01
1.151000000000000000e+04 1.062805444519275555e-01
1.152000000000000000e+04 1.063036278523868811e-01
1.153000000000000000e+04 1.063276317190597203e-01
1.154000000000000000e+04 1.063526650174859145e-01
1.155000000000000000e+04 1.063788036821185223e-01
1.156000000000000000e+04 1.064060918240400666e-01
1.157000000000000000e+04 1.064345445792266587e-01
1.158000000000000000e+04 1.064641485961645151e-01
1.159000000000000000e+04 1.064948591378447329e-01
1.160000000000000000e+04 1.065265951520555088e-01
1.161000000000000000e+04 1.065592382280952655e-01
1.162000000000000000e+04 1.065926376491738159e-01
1.163000000000000000e+04 1.066266142331782490e-01
1.164000000000000000e+04 1.066609598825320193e-01
1.165000000000000000e+04 1.066954389559451738e-01
1.166000000000000000e+04 1.067297944801231108e-01
1.167000000000000000e+04 1.067637571590456247e-01
1.168000000000000000e+04 1.067970513780069214e-01
1.169000000000000000e+04 1.068294017345899904e-01
1.170000000000000000e+04 1.068605436801436381e-01
1.171000000000000000e+04 1.068902316886056331e-01
1.172000000000000000e+04 1.069182514450843779e-01
1.173000000000000000e+04 1.069444295277736934e-01
1.174000000000000000e+04 1.069686337149266114e-01
1.175000000000000000e+04 1.069907797567416358e-01
1.176000000000000000e+04 1.070108382117019863e-01
1.177000000000000000e+04 1.070288336661286838e-01
1.178000000000000000e+04 1.070448462499208053e-01
1.179000000000000000e+04 1.070590104095876099e-01
1.180000000000000000e+04 1.070715093789985639e-01
1.181000000000000000e+04 1.070825724963558045e-01
1.182000000000000000e+04 1.070924667597377838e-01
1.183000000000000000e+04 1.071014880618293419e-01
1.184000000000000000e+04 1.071099599956035903e-01
1.185000000000000000e+04 1.071182241705047888e-01
1.186000000000000000e+04 1.071266266464792477e-01
1.187000000000000000e+04 1.071355058664234389e-01
1.188000000000000000e+04 1.071451824054888008e-01
1.189000000000000000e+04 1.071559522298872053e-01
1.190000000000000000e+04 1.071680793631040879e-01
1.191000000000000000e+04 1.071817845823126863e-01
1.192000000000000000e+04 1.071972415651605559e-01
1.193000000000000000e+04 1.072145713652899179e-01
1.194000000000000000e+04 1.072338326501076355e-01
1.195000000000000000e+04 1.072550105043395957e-01
1.196000000000000000e+04 1.072780243940993777e-01
1.197000000000000000e+04 1.073027356303040969e-01
1.198000000000000000e+04 1.073289452077528794e-01
1.199000000000000000e+04 1.073563969523582129e-01
1.200000000000000000e+04 1.073847741551991891e-01
1.201000000000000000e+04 1.074136992873365448e-01
1.202000000000000000e+04 1.074427426054641033e-01
1.203000000000000000e+04 1.074714298587198802e-01
1.204000000000000000e+04 1.074992501057395189e-01
1.205000000000000000e+04 1.075256629385809293e-01
1.206000000000000000e+04 1.075501070007365972e-01
1.207000000000000000e+04 1.075720056118709134e-01
1.208000000000000000e+04 1.075907782746359925e-01
1.209000000000000000e+04 1.076058493076698375e-01
1.210000000000000000e+04 1.076166658632511375e-01
1.211000000000000000e+04 1.076227183396649412e-01
1.212000000000000000e+04 1.076235396409049999e-01
1.213000000000000000e+04 1.076187205732932889e-01
1.214000000000000000e+04 1.076079247974259107e-01
1.215000000000000000e+04 1.075909012932713404e-01
1.216000000000000000e+04 1.075674982168029897e-01
1.217000000000000000e+04 1.075376664700617990e-01
1.218000000000000000e+04 1.075014695308521978e-01
1.219000000000000000e+04 1.074590897937400535e-01
1.220000000000000000e+04 1.074108142345060191e-01
1.221000000000000000e+04 1.073570421711393941e-01
1.222000000000000000e+04 1.072982836357401215e-01
1.223000000000000000e+04 1.072351426698275739e-01
1.224000000000000000e+04 1.071683098993057581e-01
1.225000000000000000e+04 1.070985493826168422e-01
1.226000000000000000e+04 1.070266820804769842e-01
1.227000000000000000e+04 1.069535692583442887e-01
1.228000000000000000e+04 1.068800889001110671e-01
1.229000000000000000e+04 1.068071179336523846e-01
1.230000000000000000e+04 1.067355228458505140e-01
1.231000000000000000e+04 1.066661451921782217e-01
1.232000000000000000e+04 1.065997817544668963e-01
1.233000000000000000e+04 1.065371710300824087e-01
1.234000000000000000e+04 1.064789862475625376e-01
1.235000000000000000e+04 1.064258308363637134e-01
1.236000000000000000e+04 1.063782299860671493e-01
1.237000000000000000e+04 1.063366351837943535e-01
1.238000000000000000e+04 1.063014231271518506e-01
1.239000000000000000e+04 1.062728979588264261e-01
1.240000000000000000e+04 1.062512949895280390e-01
1.241000000000000000e+04 1.062367896536798445e-01
1.242000000000000000e+04 1.062295013405167299e-01
1.243000000000000000e+04 1.062294979029200365e-01
1.244000000000000000e+04 1.062368076585401416e-01
1.245000000000000000e+04 1.062514200913988738e-01
1.246000000000000000e+04 1.062732931516063711e-01
1.247000000000000000e+04 1.063023594475032280e-01
1.248000000000000000e+04 1.063385303977041202e-01
1.249000000000000000e+04 1.063816950292933855e-01
1.250000000000000000e+04 1.064317052234855093e-01
1.251000000000000000e+04 1.064883888485114588e-01
1.252000000000000000e+04 1.065515548842781574e-01
1.253000000000000000e+04 1.066209807069912058e-01
1.254000000000000000e+04 1.066964126155977577e-01
1.255000000000000000e+04 1.067775739837368010e-01
1.256000000000000000e+04 1.068641611963530302e-01
1.257000000000000000e+04 1.069558346852969993e-01
1.258000000000000000e+04 1.070522176282098920e-01
1.259000000000000000e+04 1.071529027473795692e-01
1.260000000000000000e+04 1.072574594651291846e-01
1.261000000000000000e+04 1.073654277436972004e-01
1.262000000000000000e+04 1.074763229197918252e-01
1.263000000000000000e+04 1.075896403890786029e-01
1.264000000000000000e+04 1.077048610085034330e-01
1.265000000000000000e+04 1.078214487856242604e-01
1.266000000000000000e+04 1.079388640371739955e-01
1.267000000000000000e+04 1.080565675198641856e-01
1.268000000000000000e+04 1.081740135649511686e-01
1.269000000000000000e+04 1.082906548174997347e-01
1.270000000000000000e+04 1.084059381705472086e-01
1.271000000000000000e+04 1.085192977382104795e-01
1.272000000000000000e+04 1.086301629797817025e-01
1.273000000000000000e+04 1.087379476130197337e-01
1.274000000000000000e+04 1.088420351713276085e-01
1.275000000000000000e+04 1.089417716184142848e-01
1.276000000000000000e+04 1.090364598639673582e-01
1.277000000000000000e+04 1.091253697942767553e-01
1.278000000000000000e+04 1.092077322372390497e-01
1.279000000000000000e+04 1.092827352957736337e-01
1.280000000000000000e+04 1.093495388774135268e-01
1.281000000000000000e+04 1.094072784246153257e-01
1.282000000000000000e+04 1.094550718174714943e-01
1.283000000000000000e+04 1.094920463366691327e-01
1.284000000000000000e+04 1.095173580691405496e-01
1.285000000000000000e+04 1.095302013636525462e-01
1.286000000000000000e+04 1.095298334066880097e-01
1.287000000000000000e+04 1.095155792867141542e-01
1.288000000000000000e+04 1.094868403814870522e-01
1.289000000000000000e+04 1.094431235850348433e-01
1.290000000000000000e+04 1.093840621645390809e-01
1.291000000000000000e+04 1.093094002364711492e-01
1.292000000000000000e+04 1.092190052184996013e-01
1.293000000000000000e+04 1.091128701654316274e-01
1.294000000000000000e+04 1.089911207363135487e-01
1.295000000000000000e+04 1.088540113036156609e-01
1.296000000000000000e+04 1.087019183187351717e-01
1.297000000000000000e+04 1.085353443400006862e-01
1.298000000000000000e+04 1.083548978172169247e-01
1.299000000000000000e+04 1.081613125029993738e-01
1.300000000000000000e+04 1.079554331872542988e-01
1.301000000000000000e+04 1.077381839624183824e-01
1.302000000000000000e+04 1.075105689916411034e-01
1.303000000000000000e+04 1.072736696725392486e-01
1.304000000000000000e+04 1.070286266554369287e-01
1.305000000000000000e+04 1.067766245986802587e-01
1.306000000000000000e+04 1.065188804721070581e-01
1.307000000000000000e+04 1.062566371403299709e-01
1.308000000000000000e+04 1.059911341555922204e-01
1.309000000000000000e+04 1.057235807101663400e-01
1.310000000000000000e+04 1.054551476805101889e-01
1.311000000000000000e+04 1.051869679180217898e-01
1.312000000000000000e+04 1.049201343066045872e-01
1.313000000000000000e+04 1.046556843485545313e-01
1.314000000000000000e+04 1.043945852971889937e-01
1.315000000000000000e+04 1.041377550527086832e-01
1.316000000000000000e+04 1.038860410193459538e-01
1.317000000000000000e+04 1.036402326407786373e-01
1.318000000000000000e+04 1.034010815279402806e-01
1.319000000000000000e+04 1.031692863007387384e-01
1.320000000000000000e+04 1.029454913513452585e-01
1.321000000000000000e+04 1.027303176170017429e-01
1.322000000000000000e+04 1.025243539364600470e-01
1.323000000000000000e+04 1.023281615868250338e-01
1.324000000000000000e+04 1.021422935117958924e-01
1.325000000000000000e+04 1.019672666880556827e-01
1.326000000000000000e+04 1.018035599506226796e-01
1.327000000000000000e+04 1.016516125368899515e-01
1.328000000000000000e+04 1.015118265338148112e-01
1.329000000000000000e+04 1.013845509199236966e-01
1.330000000000000000e+04 1.012700964607422954e-01
1.331000000000000000e+04 1.011687335225998907e-01
1.332000000000000000e+04 1.010806980333047306e-01
1.333000000000000000e+04 1.010061653632843698e-01
1.334000000000000000e+04 1.009452684009070345e-01
1.335000000000000000e+04 1.008980947612234114e-01
1.336000000000000000e+04 1.008646897102684764e-01
1.337000000000000000e+04 1.008450731985533200e-01
1.338000000000000000e+04 1.008392408299885884e-01
1.339000000000000000e+04 1.008471368558216674e-01
1.340000000000000000e+04 1.008686677130484211e-01
1.341000000000000000e+04 1.009037128897805197e-01
1.342000000000000000e+04 1.009521470385526809e-01
1.343000000000000000e+04 1.010138060876851623e-01
1.344000000000000000e+04 1.010885159084189688e-01
1.345000000000000000e+04 1.011760553835803489e-01
1.346000000000000000e+04 1.012761724091310739e-01
1.347000000000000000e+04 1.013885810820872035e-01
1.348000000000000000e+04 1.015129745304142600e-01
1.349000000000000000e+04 1.016489946809962519e-01
1.350000000000000000e+04 1.017962486803702243e-01
1.351000000000000000e+04 1.019543021659451015e-01
1.352000000000000000e+04 1.021226785485017663e-01
1.353000000000000000e+04 1.023008548644065152e-01
1.354000000000000000e+04 1.024882549213638333e-01
1.355000000000000000e+04 1.026842290521371437e-01
1.356000000000000000e+04 1.028880687096966617e-01
1.357000000000000000e+04 1.030989944045069689e-01
1.358000000000000000e+04 1.033161638026377366e-01
1.359000000000000000e+04 1.035386729414568829e-01
1.360000000000000000e+04 1.037655644181828818e-01
1.361000000000000000e+04 1.039958319129519193e-01
1.362000000000000000e+04 1.042284032954345352e-01
1.363000000000000000e+04 1.044621738407869732e-01
1.364000000000000000e+04 1.046960210360648735e-01
1.365000000000000000e+04 1.049288161084312443e-01
1.366000000000000000e+04 1.051594386555023963e-01
1.367000000000000000e+04 1.053867972869402120e-01
1.368000000000000000e+04 1.056098343819993762e-01
1.369000000000000000e+04 1.058275081527713102e-01
1.370000000000000000e+04 1.060388308811146679e-01
1.371000000000000000e+04 1.062428880975704593e-01
1.372000000000000000e+04 1.064388318570938796e-01
1.373000000000000000e+04 1.066258732372059453e-01
1.374000000000000000e+04 1.068032733266962853e-01
1.375000000000000000e+04 1.069703585464086282e-01
1.376000000000000000e+04 1.071265188041551492e-01
1.377000000000000000e+04 1.072712194788117968e-01
1.378000000000000000e+04 1.074039842792791632e-01
1.379000000000000000e+04 1.075243875248269032e-01
1.380000000000000000e+04 1.076320626059926316e-01
1.381000000000000000e+04 1.077266919859967698e-01
1.382000000000000000e+04 1.078080090995283402e-01
1.383000000000000000e+04 1.078758382706730412e-01
1.384000000000000000e+04 1.079300907624505396e-01
1.385000000000000000e+04 1.079707047710794926e-01
1.386000000000000000e+04 1.079976666186520523e-01
1.387000000000000000e+04 1.080110549021909144e-01
1.388000000000000000e+04 1.080110336449873754e-01
1.389000000000000000e+04 1.079978398550655028e-01
1.390000000000000000e+04 1.079717565621964442e-01
1.391000000000000000e+04 1.079331341985256404e-01
1.392000000000000000e+04 1.078824417686808507e-01
1.393000000000000000e+04 1.078201943578910166e-01
1.394000000000000000e+04 1.077469418953920649e-01
1.395000000000000000e+04 1.076633215101326646e-01
1.396000000000000000e+04 1.075700367385067080e-01
1.397000000000000000e+04 1.074678367987392524e-01
1.398000000000000000e+04 1.073575230200913971e-01
1.399000000000000000e+04 1.072399137111427203e-01
1.400000000000000000e+04 1.071158588945251011e-01
1.401000000000000000e+04 1.069862403224123570e-01
1.402000000000000000e+04 1.068519611953026860e-01
1.403000000000000000e+04 1.067139279115474210e-01
1.404000000000000000e+04 1.065730783160558498e-01
1.405000000000000000e+04 1.064303611104538971e-01
1.406000000000000000e+04 1.062867266230425461e-01
1.407000000000000000e+04 1.061431331469762235e-01
1.408000000000000000e+04 1.060005520569069215e-01
1.409000000000000000e+04 1.058599347162525461e-01
1.410000000000000000e+04 1.057222338452897398e-01
1.411000000000000000e+04 1.055884183007121391e-01
1.412000000000000000e+04 1.054594377671481537e-01
1.413000000000000000e+04 1.053362469897859838e-01
1.414000000000000000e+04 1.052197875253368387e-01
1.415000000000000000e+04 1.051109837492468640e-01
1.416000000000000000e+04 1.050107645026969877e-01
1.417000000000000000e+04 1.049200149739351606e-01
1.418000000000000000e+04 1.048395797331014984e-01
1.419000000000000000e+04 1.047702724450787631e-01
1.420000000000000000e+04 1.047128936096024115e-01
1.421000000000000000e+04 1.046682070529370429e-01
1.422000000000000000e+04 1.046369415820794235e-01
1.423000000000000000e+04 1.046197486136082044e-01
1.424000000000000000e+04 1.046172022771829913e-01
1.425000000000000000e+04 1.046298420425626208e-01
1.426000000000000000e+04 1.046581523375885864e-01
1.427000000000000000e+04 1.047025264614334789e-01
1.428000000000000000e+04 1.047632615110968557e-01
1.429000000000000000e+04 1.048406147193702842e-01
1.430000000000000000e+04 1.049347446239262405e-01
1.431000000000000000e+04 1.050457447830438346e-01
1.432000000000000000e+04 1.051735999330976473e-01
1.433000000000000000e+04 1.053182266281107171e-01
1.434000000000000000e+04 1.054794264187367686e-01
1.435000000000000000e+04 1.056569575494857999e-01
1.436000000000000000e+04 1.058504961792486876e-01
1.437000000000000000e+04 1.060596667518422520e-01
1.438000000000000000e+04 1.062839689829693374e-01
1.439000000000000000e+04 1.065228718579695893e-01
1.440000000000000000e+04 1.067757429584684087e-01
1.441000000000000000e+04 1.070418711798232780e-01
1.442000000000000000e+04 1.073205219560833951e-01
1.443000000000000000e+04 1.076108447317761091e-01
1.444000000000000000e+04 1.079120020035712335e-01
1.445000000000000000e+04 1.082230977242197717e-01
1.446000000000000000e+04 1.085431621429135268e-01
1.447000000000000000e+04 1.088711973113274528e-01
1.448000000000000000e+04 1.092061337653079389e-01
1.449000000000000000e+04 1.095468523919025938e-01
1.450000000000000000e+04 1.098922217987292616e-01
1.451000000000000000e+04 1.102410373474223965e-01
1.452000000000000000e+04 1.105921126852844050e-01
1.453000000000000000e+04 1.109442091546758574e-01
1.454000000000000000e+04 1.112960821520056487e-01
1.455000000000000000e+04 1.116464019236732136e-01
1.456000000000000000e+04 1.119938613579947034e-01
1.457000000000000000e+04 1.123371938727464048e-01
1.458000000000000000e+04 1.126750757208280912e-01
1.459000000000000000e+04 1.130062512733685381e-01
1.460000000000000000e+04 1.133294624387531091e-01
1.461000000000000000e+04 1.136434867504351326e-01
1.462000000000000000e+04 1.139471530271558009e-01
1.463000000000000000e+04 1.142393313850502690e-01
1.464000000000000000e+04 1.145189212252592792e-01
1.465000000000000000e+04 1.147848975476641054e-01
1.466000000000000000e+04 1.150362481246603175e-01
1.467000000000000000e+04 1.152720774307340601e-01
1.468000000000000000e+04 1.154915319247659111e-01
1.469000000000000000e+04 1.156938366288566555e-01
1.470000000000000000e+04 1.158783099003700134e-01
1.471000000000000000e+04 1.160443199409517262e-01
1.472000000000000000e+04 1.161913161950844237e-01
1.473000000000000000e+04 1.163188661609904362e-01
1.474000000000000000e+04 1.164266088292860712e-01
1.475000000000000000e+04 1.165143644447622084e-01
1.476000000000000000e+04 1.165820571634217651e-01
1.477000000000000000e+04 1.166296766291846504e-01
1.478000000000000000e+04 1.166573826245810436e-01
1.479000000000000000e+04 1.166654237579357600e-01
1.480000000000000000e+04 1.166542302478916632e-01
1.481000000000000000e+04 1.166243473367270939e-01
1.482000000000000000e+04 1.165764088769848938e-01
1.483000000000000000e+04 1.165111938342823367e-01
1.484000000000000000e+04 1.164295497223708648e-01
1.485000000000000000e+04 1.163323557969662969e-01
1.486000000000000000e+04 1.162205638472844221e-01
1.487000000000000000e+04 1.160952013808879690e-01
1.488000000000000000e+04 1.159572995033638920e-01
1.489000000000000000e+04 1.158079345797935894e-01
1.490000000000000000e+04 1.156481561275200104e-01
1.491000000000000000e+04 1.154790605364756362e-01
1.492000000000000000e+04 1.153016903955494804e-01
1.493000000000000000e+04 1.151171589052424060e-01
1.494000000000000000e+04 1.149265574691332309e-01
1.495000000000000000e+04 1.147309933297295942e-01
1.496000000000000000e+04 1.145314956816248925e-01
1.497000000000000000e+04 1.143292170352469828e-01
1.498000000000000000e+04 1.141251996677706132e-01
1.499000000000000000e+04 1.139205788684431037e-01
1.500000000000000000e+04 1.137164021698344463e-01
