Time	Population
0.000000000000000000e+00 9.634633093835769102e-02
1.000000000000000000e+01 9.651901234794189877e-02
2.000000000000000000e+01 9.698678760972533064e-02
3.000000000000000000e+01 9.777253072953916158e-02
4.000000000000000000e+01 9.888519180012743381e-02
5.000000000000000000e+01 1.003359528386714300e-01
6.000000000000000000e+01 1.021364699349992800e-01
7.000000000000000000e+01 1.042969399279104481e-01
8.000000000000000000e+01 1.068241954654146203e-01
9.000000000000000000e+01 1.097200029887566847e-01
1.000000000000000000e+02 1.129796952475361355e-01
1.100000000000000000e+02 1.165912184436234816e-01
1.200000000000000000e+02 1.205346198729958518e-01
1.300000000000000000e+02 1.247819559112332138e-01
1.400000000000000000e+02 1.292975842946637588e-01
1.500000000000000000e+02 1.340387546525673435e-01
1.600000000000000000e+02 1.389564451885476892e-01
1.700000000000000000e+02 1.439963839884169927e-01
1.800000000000000000e+02 1.491001949569520646e-01
1.900000000000000000e+02 1.542066442067729914e-01
2.000000000000000000e+02 1.592529621141698937e-01
2.100000000000000000e+02 1.641762228670391732e-01
2.200000000000000000e+02 1.689147676520395269e-01
2.300000000000000000e+02 1.734096540477471915e-01
2.400000000000000000e+02 1.776060939309349607e-01
2.500000000000000000e+02 1.814548609228828768e-01
2.600000000000000000e+02 1.849136085979742050e-01
2.700000000000000000e+02 1.879480357188103024e-01
2.800000000000000000e+02 1.905328637156374072e-01
2.900000000000000000e+02 1.926525521322468015e-01
3.000000000000000000e+02 1.943017077738700138e-01
3.100000000000000000e+02 1.954851531884893856e-01
3.200000000000000000e+02 1.962176499087516512e-01
3.300000000000000000e+02 1.965232607866841674e-01
3.400000000000000000e+02 1.964343931797775944e-01
3.500000000000000000e+02 1.959905643780604778e-01
3.600000000000000000e+02 1.952369423842440499e-01
3.700000000000000000e+02 1.942227531064792956e-01
3.800000000000000000e+02 1.929996173279237837e-01
3.900000000000000000e+02 1.916199135808289711e-01
4.000000000000000000e+02 1.901352376292574364e-01
4.100000000000000000e+02 1.885950205994753881e-01
4.200000000000000000e+02 1.870453638451695655e-01
4.300000000000000000e+02 1.855281210569103001e-01
4.400000000000000000e+02 1.840802439361089171e-01
4.500000000000000000e+02 1.827333913472489746e-01
4.600000000000000000e+02 1.815137877090279850e-01
4.700000000000000000e+02 1.804423078865885766e-01
4.800000000000000000e+02 1.795347468514853495e-01
4.900000000000000000e+02 1.788022319155866124e-01
5.000000000000000000e+02 1.782517298727444299e-01
5.100000000000000000e+02 1.778866165193569715e-01
5.200000000000000000e+02 1.777072867544362278e-01
5.300000000000000000e+02 1.777117409530337422e-01
5.400000000000000000e+02 1.778961419895394303e-01
5.500000000000000000e+02 1.782553186600139838e-01
5.600000000000000000e+02 1.787832090594528578e-01
5.700000000000000000e+02 1.794732404398114711e-01
5.800000000000000000e+02 1.803186395995478308e-01
5.900000000000000000e+02 1.813126807567977394e-01
6.000000000000000000e+02 1.824488763781500211e-01
6.100000000000000000e+02 1.837211174064037056e-01
6.200000000000000000e+02 1.851237746221938707e-01
6.300000000000000000e+02 1.866517680017695247e-01
6.400000000000000000e+02 1.883006026405978639e-01
6.500000000000000000e+02 1.900663838040975995e-01
6.600000000000000000e+02 1.919458142646757737e-01
6.700000000000000000e+02 1.939361761372593029e-01
6.800000000000000000e+02 1.960352909309820146e-01
6.900000000000000000e+02 1.982414587444568943e-01
7.000000000000000000e+02 2.005533765091115916e-01
7.100000000000000000e+02 2.029700350913645757e-01
7.200000000000000000e+02 2.054905902441114263e-01
7.300000000000000000e+02 2.081142087087331227e-01
7.400000000000000000e+02 2.108398885298400638e-01
7.500000000000000000e+02 2.136662681733784985e-01
7.600000000000000000e+02 2.165914306656225863e-01
7.700000000000000000e+02 2.196127073598621859e-01
7.800000000000000000e+02 2.227264923234495431e-01
7.900000000000000000e+02 2.259280795278211240e-01
8.000000000000000000e+02 2.292115391776182176e-01
8.100000000000000000e+02 2.325696288374772547e-01
8.200000000000000000e+02 2.359937604312113413e-01
8.300000000000000000e+02 2.394740182243113025e-01
8.400000000000000000e+02 2.429992273335908337e-01
8.500000000000000000e+02 2.465570719522287568e-01
8.600000000000000000e+02 2.501342559086397466e-01
8.700000000000000000e+02 2.537167017693405247e-01
8.800000000000000000e+02 2.572897733273467047e-01
8.900000000000000000e+02 2.608385043395661240e-01
9.000000000000000000e+02 2.643478310900591599e-01
9.100000000000000000e+02 2.678028210519194374e-01
9.200000000000000000e+02 2.711888872693432595e-01
9.300000000000000000e+02 2.744919812851560614e-01
9.400000000000000000e+02 2.776987606075432269e-01
9.500000000000000000e+02 2.807967271059368386e-01
9.600000000000000000e+02 2.837743355236479470e-01
9.700000000000000000e+02 2.866210778755801103e-01
9.800000000000000000e+02 2.893275442475918280e-01
9.900000000000000000e+02 2.918854563335384622e-01
1.000000000000000000e+03 2.942876835229658594e-01
1.010000000000000000e+03 2.965282452493080423e-01
1.020000000000000000e+03 2.986023024514707913e-01
1.030000000000000000e+03 3.005061412222578276e-01
1.040000000000000000e+03 3.022371530535000739e-01
1.050000000000000000e+03 3.037938139304662832e-01
1.060000000000000000e+03 3.051756665457621143e-01
1.070000000000000000e+03 3.063833051245717920e-01
1.080000000000000000e+03 3.074183644232953982e-01
1.090000000000000000e+03 3.082835099957119129e-01
1.100000000000000000e+03 3.089824290013550856e-01
1.110000000000000000e+03 3.095198194074610387e-01
1.120000000000000000e+03 3.099013753936476490e-01
1.130000000000000000e+03 3.101337727610215533e-01
1.140000000000000000e+03 3.102246429169434050e-01
1.150000000000000000e+03 3.101825328050579755e-01
1.160000000000000000e+03 3.100168484336828789e-01
1.170000000000000000e+03 3.097377808909290153e-01
1.180000000000000000e+03 3.093562144012342863e-01
1.190000000000000000e+03 3.088836154975551640e-01
1.200000000000000000e+03 3.083319052981012831e-01
1.210000000000000000e+03 3.077133191403189638e-01
1.220000000000000000e+03 3.070402550381841622e-01
1.230000000000000000e+03 3.063251164785055214e-01
1.240000000000000000e+03 3.055801561833073055e-01
1.250000000000000000e+03 3.048173251471709144e-01
1.260000000000000000e+03 3.040481357498829307e-01
1.270000000000000000e+03 3.032835394919921601e-01
1.280000000000000000e+03 3.025338237734769287e-01
1.290000000000000000e+03 3.018085319730463012e-01
1.300000000000000000e+03 3.011164057636944724e-01
1.310000000000000000e+03 3.004653500023055646e-01
1.320000000000000000e+03 2.998624197707844274e-01
1.330000000000000000e+03 2.993138283413473988e-01
1.340000000000000000e+03 2.988249715416930741e-01
1.350000000000000000e+03 2.984004634891658236e-01
1.360000000000000000e+03 2.980441772136175338e-01
1.370000000000000000e+03 2.977592909400686993e-01
1.380000000000000000e+03 2.975483342148050325e-01
1.390000000000000000e+03 2.974132311238250059e-01
1.400000000000000000e+03 2.973553406867172066e-01
1.410000000000000000e+03 2.973754946064963711e-01
1.420000000000000000e+03 2.974740322772221335e-01
1.430000000000000000e+03 2.976508322521559946e-01
1.440000000000000000e+03 2.979053410682349079e-01
1.450000000000000000e+03 2.982366030113692834e-01
1.460000000000000000e+03 2.986432928260159270e-01
1.470000000000000000e+03 2.991237517523672729e-01
1.480000000000000000e+03 2.996760269547688593e-01
1.490000000000000000e+03 3.002979129450538132e-01
1.500000000000000000e+03 3.009869934313588180e-01
1.510000000000000000e+03 3.017406841424599695e-01
1.520000000000000000e+03 3.025562765885134175e-01
1.530000000000000000e+03 3.034309786604899029e-01
1.540000000000000000e+03 3.043619481946465699e-01
1.550000000000000000e+03 3.053463195342764336e-01
1.560000000000000000e+03 3.063812223597958129e-01
1.570000000000000000e+03 3.074637905637888080e-01
1.580000000000000000e+03 3.085911595971612686e-01
1.590000000000000000e+03 3.097604520946944384e-01
1.600000000000000000e+03 3.109687536714440537e-01
1.610000000000000000e+03 3.122130809251362216e-01
1.620000000000000000e+03 3.134903441170056038e-01
1.630000000000000000e+03 3.147973074546787098e-01
1.640000000000000000e+03 3.161305495678773947e-01
1.650000000000000000e+03 3.174864265459020896e-01
1.660000000000000000e+03 3.188610414851969499e-01
1.670000000000000000e+03 3.202502248007755847e-01
1.680000000000000000e+03 3.216495264374215068e-01
1.690000000000000000e+03 3.230542201175108374e-01
1.700000000000000000e+03 3.244593199156293184e-01
1.710000000000000000e+03 3.258596092136583633e-01
1.720000000000000000e+03 3.272496812185984871e-01
1.730000000000000000e+03 3.286239901159448973e-01
1.740000000000000000e+03 3.299769094602173491e-01
1.750000000000000000e+03 3.313027939189835958e-01
1.760000000000000000e+03 3.325960460384898565e-01
1.770000000000000000e+03 3.338511831692199672e-01
1.780000000000000000e+03 3.350629014433617048e-01
1.790000000000000000e+03 3.362261371718822112e-01
1.800000000000000000e+03 3.373361239920083521e-01
1.810000000000000000e+03 3.383884451485309475e-01
1.820000000000000000e+03 3.393790801675228841e-01
1.830000000000000000e+03 3.403044455602936003e-01
1.840000000000000000e+03 3.411614305764256172e-01
1.850000000000000000e+03 3.419474281482771105e-01
1.860000000000000000e+03 3.426603609236789638e-01
1.870000000000000000e+03 3.432987024461817693e-01
1.880000000000000000e+03 3.438614927504854979e-01
1.890000000000000000e+03 3.443483479445761941e-01
1.900000000000000000e+03 3.447594653343775684e-01
1.910000000000000000e+03 3.450956249174341184e-01
1.920000000000000000e+03 3.453581853919368561e-01
1.930000000000000000e+03 3.455490732501843576e-01
1.940000000000000000e+03 3.456707652294244704e-01
1.950000000000000000e+03 3.457262647759767882e-01
1.960000000000000000e+03 3.457190728479062058e-01
1.970000000000000000e+03 3.456531530638621286e-01
1.980000000000000000e+03 3.455328894809388540e-01
1.990000000000000000e+03 3.453630377204688351e-01
2.000000000000000000e+03 3.451486733128780737e-01
2.010000000000000000e+03 3.448951367114217459e-01
2.020000000000000000e+03 3.446079742885815866e-01
2.030000000000000000e+03 3.442928771837715507e-01
2.040000000000000000e+03 3.439556189852202572e-01
2.050000000000000000e+03 3.436019933401019966e-01
2.060000000000000000e+03 3.432377539312872483e-01
2.070000000000000000e+03 3.428685578270396217e-01
2.080000000000000000e+03 3.424999126309046238e-01
2.090000000000000000e+03 3.421371281581596646e-01
2.100000000000000000e+03 3.417852738367765930e-01
2.110000000000000000e+03 3.414491430630839930e-01
2.120000000000000000e+03 3.411332248728335403e-01
2.130000000000000000e+03 3.408416822492826292e-01
2.140000000000000000e+03 3.405783372046664592e-01
2.150000000000000000e+03 3.403466620875225668e-01
2.160000000000000000e+03 3.401497759390268438e-01
2.170000000000000000e+03 3.399904454019869182e-01
2.180000000000000000e+03 3.398710894727772769e-01
2.190000000000000000e+03 3.397937871342242011e-01
2.200000000000000000e+03 3.397602870652567386e-01
2.210000000000000000e+03 3.397720191132904133e-01
2.220000000000000000e+03 3.398301065488883443e-01
2.230000000000000000e+03 3.399353783309601029e-01
2.240000000000000000e+03 3.400883811719323524e-01
2.250000000000000000e+03 3.402893907928692951e-01
2.260000000000000000e+03 3.405384217789812484e-01
2.270000000000000000e+03 3.408352360893536215e-01
2.280000000000000000e+03 3.411793505192065035e-01
2.290000000000000000e+03 3.415700432634941608e-01
2.300000000000000000e+03 3.420063597145181489e-01
2.310000000000000000e+03 3.424871176120859451e-01
2.320000000000000000e+03 3.430109117690753884e-01
2.330000000000000000e+03 3.435761188299831792e-01
2.340000000000000000e+03 3.441809026927203918e-01
2.350000000000000000e+03 3.448232209326603792e-01
2.360000000000000000e+03 3.455008319611948542e-01
2.370000000000000000e+03 3.462113027344391747e-01
2.380000000000000000e+03 3.469520173965889298e-01
2.390000000000000000e+03 3.477201874015947713e-01
2.400000000000000000e+03 3.485128634076108955e-01
2.410000000000000000e+03 3.493269486042298033e-01
2.420000000000000000e+03 3.501592126598448429e-01
2.430000000000000000e+03 3.510063062203937490e-01
2.440000000000000000e+03 3.518647766463865456e-01
2.450000000000000000e+03 3.527310845189123301e-01
2.460000000000000000e+03 3.536016197420228657e-01
2.470000000000000000e+03 3.544727170677060557e-01
2.480000000000000000e+03 3.553406720116798478e-01
2.490000000000000000e+03 3.562017579238876963e-01
2.500000000000000000e+03 3.570522441269969871e-01
2.510000000000000000e+03 3.578884146570722735e-01
2.520000000000000000e+03 3.587065870176596172e-01
2.530000000000000000e+03 3.595031306554798411e-01
2.540000000000000000e+03 3.602744856695933029e-01
2.550000000000000000e+03 3.610171821898615629e-01
2.560000000000000000e+03 3.617278602243465535e-01
2.570000000000000000e+03 3.624032900642203958e-01
2.580000000000000000e+03 3.630403930558347980e-01
2.590000000000000000e+03 3.636362623118816195e-01
2.600000000000000000e+03 3.641881831355812671e-01
2.610000000000000000e+03 3.646936526179586635e-01
2.620000000000000000e+03 3.651503980536964789e-01
2.630000000000000000e+03 3.655563934163617024e-01
2.640000000000000000e+03 3.659098732204566495e-01
2.650000000000000000e+03 3.662093441577898845e-01
2.660000000000000000e+03 3.664535948849098612e-01
2.670000000000000000e+03 3.666417036013279174e-01
2.680000000000000000e+03 3.667730429265736447e-01
2.690000000000000000e+03 3.668472820558715819e-01
2.700000000000000000e+03 3.668643861763583036e-01
2.710000000000000000e+03 3.668246129266714561e-01
2.720000000000000000e+03 3.667285063860152294e-01
2.730000000000000000e+03 3.665768893991263599e-01
2.740000000000000000e+03 3.663708542990160577e-01
2.750000000000000000e+03 3.661117517720369197e-01
2.760000000000000000e+03 3.658011779029230470e-01
2.770000000000000000e+03 3.654409594014559337e-01
2.780000000000000000e+03 3.650331371057550234e-01
2.790000000000000000e+03 3.645799481298669931e-01
2.800000000000000000e+03 3.640838066653349081e-01
2.810000000000000000e+03 3.635472834808771148e-01
2.820000000000000000e+03 3.629730846910950159e-01
2.830000000000000000e+03 3.623640301831376753e-01
2.840000000000000000e+03 3.617230316581628857e-01
2.850000000000000000e+03 3.610530702791927005e-01
2.860000000000000000e+03 3.603571750919604688e-01
2.870000000000000000e+03 3.596384030013941580e-01
2.880000000000000000e+03 3.588998203009339250e-01
2.890000000000000000e+03 3.581444861326723572e-01
2.900000000000000000e+03 3.573754379433751183e-01
2.910000000000000000e+03 3.565956785762701142e-01
2.920000000000000000e+03 3.558081644357307671e-01
2.930000000000000000e+03 3.550157955104066843e-01
2.940000000000000000e+03 3.542214084731453716e-01
2.950000000000000000e+03 3.534277725517454560e-01
2.960000000000000000e+03 3.526375877558122762e-01
2.970000000000000000e+03 3.518534850288242977e-01
2.980000000000000000e+03 3.510780280619757998e-01
2.990000000000000000e+03 3.503137165603096292e-01
3.000000000000000000e+03 3.495629907642522904e-01
3.010000000000000000e+03 3.488282368722314120e-01
3.020000000000000000e+03 3.481117925947580516e-01
3.030000000000000000e+03 3.474159520526168277e-01
3.040000000000000000e+03 3.467429694572122800e-01
3.050000000000000000e+03 3.460950610958691276e-01
3.060000000000000000e+03 3.454744051401387184e-01
3.070000000000000000e+03 3.448831387653794045e-01
3.080000000000000000e+03 3.443233521916549411e-01
3.090000000000000000e+03 3.437970795893703357e-01
3.100000000000000000e+03 3.433062872085880235e-01
3.110000000000000000e+03 3.428528590201280757e-01
3.120000000000000000e+03 3.424385799266139729e-01
3.130000000000000000e+03 3.420651166642818541e-01
3.140000000000000000e+03 3.417339968847467602e-01
3.150000000000000000e+03 3.414465872330477714e-01
3.160000000000000000e+03 3.412040711131449910e-01
3.170000000000000000e+03 3.410074264862230642e-01
3.180000000000000000e+03 3.408574041118435649e-01
3.190000000000000000e+03 3.407545069754499556e-01
3.200000000000000000e+03 3.406989714842950656e-01
3.210000000000000000e+03 3.406907507233797872e-01
3.220000000000000000e+03 3.407295002523919036e-01
3.230000000000000000e+03 3.408145670343225020e-01
3.240000000000000000e+03 3.409449817657096427e-01
3.250000000000000000e+03 3.411194546008753936e-01
3.260000000000000000e+03 3.413363743702300668e-01
3.270000000000000000e+03 3.415938117425012521e-01
3.280000000000000000e+03 3.418895268379548158e-01
3.290000000000000000e+03 3.422209814066731748e-01
3.300000000000000000e+03 3.425853554647050880e-01
3.310000000000000000e+03 3.429795684716670512e-01
3.320000000000000000e+03 3.434003050122232392e-01
3.330000000000000000e+03 3.438440445509771126e-01
3.340000000000000000e+03 3.443070949439396844e-01
3.350000000000000000e+03 3.447856295633227042e-01
3.360000000000000000e+03 3.452757277161347393e-01
3.370000000000000000e+03 3.457734179270807728e-01
3.380000000000000000e+03 3.462747236129607442e-01
3.390000000000000000e+03 3.467757102427097560e-01
3.400000000000000000e+03 3.472725322938511883e-01
3.410000000000000000e+03 3.477614783319505909e-01
3.420000000000000000e+03 3.482390134198496412e-01
3.430000000000000000e+03 3.487018180366703857e-01
3.440000000000000000e+03 3.491468223417443228e-01
3.450000000000000000e+03 3.495712348357582488e-01
3.460000000000000000e+03 3.499725646797813283e-01
3.470000000000000000e+03 3.503486372195427911e-01
3.480000000000000000e+03 3.506976026835509352e-01
3.490000000000000000e+03 3.510179382132143089e-01
3.500000000000000000e+03 3.513084434754403240e-01
3.510000000000000000e+03 3.515682303351551630e-01
3.520000000000000000e+03 3.517967073752644169e-01
3.530000000000000000e+03 3.519935603498507981e-01
3.540000000000000000e+03 3.521587295932632755e-01
3.550000000000000000e+03 3.522923850896026998e-01
3.560000000000000000e+03 3.523948998013874956e-01
3.570000000000000000e+03 3.524668218390802910e-01
3.580000000000000000e+03 3.525088459517906614e-01
3.590000000000000000e+03 3.525217849197267994e-01
3.600000000000000000e+03 3.525065415680112002e-01
3.610000000000000000e+03 3.524640819992536089e-01
3.620000000000000000e+03 3.523954105061669617e-01
3.630000000000000000e+03 3.523015464771508953e-01
3.640000000000000000e+03 3.521835036022261667e-01
3.650000000000000000e+03 3.520422717641041865e-01
3.660000000000000000e+03 3.518788019683818380e-01
3.670000000000000000e+03 3.516939946806539319e-01
3.680000000000000000e+03 3.514886918175537667e-01
3.690000000000000000e+03 3.512636724264682209e-01
3.700000000000000000e+03 3.510196519796795478e-01
3.710000000000000000e+03 3.507572851675013759e-01
3.720000000000000000e+03 3.504771720605195928e-01
3.730000000000000000e+03 3.501798674270588108e-01
3.740000000000000000e+03 3.498658929383859362e-01
3.750000000000000000e+03 3.495357519620129194e-01
3.760000000000000000e+03 3.491899465472891873e-01
3.770000000000000000e+03 3.488289960987309701e-01
3.780000000000000000e+03 3.484534571229859212e-01
3.790000000000000000e+03 3.480639433156887397e-01
3.800000000000000000e+03 3.476611452432149529e-01
3.810000000000000000e+03 3.472458489858066266e-01
3.820000000000000000e+03 3.468189531388382041e-01
3.830000000000000000e+03 3.463814834993499958e-01
3.840000000000000000e+03 3.459346047279518443e-01
3.850000000000000000e+03 3.454796282688693543e-01
3.860000000000000000e+03 3.450180158774150407e-01
3.870000000000000000e+03 3.445513783577331957e-01
3.880000000000000000e+03 3.440814693919994616e-01
3.890000000000000000e+03 3.436101743546600140e-01
3.900000000000000000e+03 3.431394939798462218e-01
3.910000000000000000e+03 3.426715231670194317e-01
3.920000000000000000e+03 3.422084258188468064e-01
3.930000000000000000e+03 3.417524067670694721e-01
3.940000000000000000e+03 3.413056816778461955e-01
3.950000000000000000e+03 3.408704458404006044e-01
3.960000000000000000e+03 3.404488429411556827e-01
3.970000000000000000e+03 3.400429349920838784e-01
3.980000000000000000e+03 3.396546743788718681e-01
3.990000000000000000e+03 3.392858787057946857e-01
4.000000000000000000e+03 3.389382089529122677e-01
4.010000000000000000e+03 3.386131513881799338e-01
4.020000000000000000e+03 3.383120035042205265e-01
4.030000000000000000e+03 3.380358641141550935e-01
4.040000000000000000e+03 3.377856276570038174e-01
4.050000000000000000e+03 3.375619826349889330e-01
4.060000000000000000e+03 3.373654140281254765e-01
4.070000000000000000e+03 3.371962094927758447e-01
4.080000000000000000e+03 3.370544690341900629e-01
4.090000000000000000e+03 3.369401176362773476e-01
4.100000000000000000e+03 3.368529202547959622e-01
4.110000000000000000e+03 3.367924988391447494e-01
4.120000000000000000e+03 3.367583511960991483e-01
4.130000000000000000e+03 3.367498712713706821e-01
4.140000000000000000e+03 3.367663703287139265e-01
4.150000000000000000e+03 3.368070985026594411e-01
4.160000000000000000e+03 3.368712661804921793e-01
4.170000000000000000e+03 3.369580646757840969e-01
4.180000000000000000e+03 3.370666856446269399e-01
4.190000000000000000e+03 3.371963386647308658e-01
4.200000000000000000e+03 3.373462664679801049e-01
4.210000000000000000e+03 3.375157575319397418e-01
4.220000000000000000e+03 3.377041558851577308e-01
4.230000000000000000e+03 3.379108680253966046e-01
4.240000000000000000e+03 3.381353668363757392e-01
4.250000000000000000e+03 3.383771924415337473e-01
4.260000000000000000e+03 3.386359500736510486e-01
4.270000000000000000e+03 3.389113052395086867e-01
4.280000000000000000e+03 3.392029765743354575e-01
4.290000000000000000e+03 3.395107267488268188e-01
4.300000000000000000e+03 3.398343517956511906e-01
4.310000000000000000e+03 3.401736693175708148e-01
4.320000000000000000e+03 3.405285061102930610e-01
4.330000000000000000e+03 3.408986857551357108e-01
4.340000000000000000e+03 3.412840166711109124e-01
4.350000000000000000e+03 3.416842808402301146e-01
4.360000000000000000e+03 3.420992232328285976e-01
4.370000000000000000e+03 3.425285421839504019e-01
4.380000000000000000e+03 3.429718812458077970e-01
4.390000000000000000e+03 3.434288229670276471e-01
4.400000000000000000e+03 3.438988847383218639e-01
4.410000000000000000e+03 3.443815166100770986e-01
4.420000000000000000e+03 3.448761009164653668e-01
4.430000000000000000e+03 3.453819535691250997e-01
4.440000000000000000e+03 3.458983269589058218e-01
4.450000000000000000e+03 3.464244144337294551e-01
4.460000000000000000e+03 3.469593562195350533e-01
4.470000000000000000e+03 3.475022464720117776e-01
4.480000000000000000e+03 3.480521410399829429e-01
4.490000000000000000e+03 3.486080654332618933e-01
4.500000000000000000e+03 3.491690226364059790e-01
4.510000000000000000e+03 3.497340007485675861e-01
4.520000000000000000e+03 3.503019803940637389e-01
4.530000000000000000e+03 3.508719416586927875e-01
4.540000000000000000e+03 3.514428702765747259e-01
4.550000000000000000e+03 3.520137627586432116e-01
4.560000000000000000e+03 3.525836301230639847e-01
4.570000000000000000e+03 3.531515000026138051e-01
4.580000000000000000e+03 3.537164170525599616e-01
4.590000000000000000e+03 3.542774417384857988e-01
4.600000000000000000e+03 3.548336479313957681e-01
4.610000000000000000e+03 3.553841197560010379e-01
4.620000000000000000e+03 3.559279478557236254e-01
4.630000000000000000e+03 3.564642254063690729e-01
4.640000000000000000e+03 3.569920445039931334e-01
4.650000000000000000e+03 3.575104933872645385e-01
4.660000000000000000e+03 3.580186545210171101e-01
4.670000000000000000e+03 3.585156034122716218e-01
4.680000000000000000e+03 3.590004081539896474e-01
4.690000000000000000e+03 3.594721297581021657e-01
4.700000000000000000e+03 3.599298231266761516e-01
4.710000000000000000e+03 3.603725382696290613e-01
4.720000000000000000e+03 3.607993213492422524e-01
4.730000000000000000e+03 3.612092152103110188e-01
4.740000000000000000e+03 3.616012591848885016e-01
4.750000000000000000e+03 3.619744881776251755e-01
4.760000000000000000e+03 3.623279312751965242e-01
4.770000000000000000e+03 3.626606102494523420e-01
4.780000000000000000e+03 3.629715384186480431e-01
4.790000000000000000e+03 3.632597204620123810e-01
4.800000000000000000e+03 3.635241536584974953e-01
4.810000000000000000e+03 3.637638306392270149e-01
4.820000000000000000e+03 3.639777435707525211e-01
4.830000000000000000e+03 3.641648897576211796e-01
4.840000000000000000e+03 3.643242785452827093e-01
4.850000000000000000e+03 3.644549390978907288e-01
4.860000000000000000e+03 3.645559285265865257e-01
4.870000000000000000e+03 3.646263399972389241e-01
4.880000000000000000e+03 3.646653104937127021e-01
4.890000000000000000e+03 3.646720278453200459e-01
4.900000000000000000e+03 3.646457366502669495e-01
4.910000000000000000e+03 3.645857429243886116e-01
4.920000000000000000e+03 3.644914176157143526e-01
4.930000000000000000e+03 3.643621992657157249e-01
4.940000000000000000e+03 3.641975960176659366e-01
4.950000000000000000e+03 3.639971871471950893e-01
4.960000000000000000e+03 3.637606243942588802e-01
4.970000000000000000e+03 3.634876333341456323e-01
4.980000000000000000e+03 3.631780148729597535e-01
4.990000000000000000e+03 3.628316469143281209e-01
5.000000000000000000e+03 3.624484863011496749e-01
5.010000000000000000e+03 3.620285711835509179e-01
5.020000000000000000e+03 3.615720238459196323e-01
5.030000000000000000e+03 3.610790537970499092e-01
5.040000000000000000e+03 3.605499608729442751e-01
5.050000000000000000e+03 3.599851382551679246e-01
5.060000000000000000e+03 3.593850754524156588e-01
5.070000000000000000e+03 3.587503612411526710e-01
5.080000000000000000e+03 3.580816864126540322e-01
5.090000000000000000e+03 3.573798461983380137e-01
5.100000000000000000e+03 3.566457425059628150e-01
5.110000000000000000e+03 3.558803863266531420e-01
5.120000000000000000e+03 3.550849006674720032e-01
5.130000000000000000e+03 3.542605241702171948e-01
5.140000000000000000e+03 3.534086153739088854e-01
5.150000000000000000e+03 3.525306575028739342e-01
5.160000000000000000e+03 3.516282636201842893e-01
5.170000000000000000e+03 3.507031818721508820e-01
5.180000000000000000e+03 3.497573004505905581e-01
5.190000000000000000e+03 3.487926518902378925e-01
5.200000000000000000e+03 3.478114163102248302e-01
5.210000000000000000e+03 3.468159231506128259e-01
5.220000000000000000e+03 3.458086509478037751e-01
5.230000000000000000e+03 3.447922247178905053e-01
5.240000000000000000e+03 3.437694105403663603e-01
5.250000000000000000e+03 3.427431069570758826e-01
5.260000000000000000e+03 3.417163329044864972e-01
5.270000000000000000e+03 3.406922121639989198e-01
5.280000000000000000e+03 3.396739546217871220e-01
5.290000000000000000e+03 3.386648348314435508e-01
5.300000000000000000e+03 3.376681684626816615e-01
5.310000000000000000e+03 3.366872872150856177e-01
5.320000000000000000e+03 3.357255127469889744e-01
5.330000000000000000e+03 3.347861302036472808e-01
5.340000000000000000e+03 3.338723618825310546e-01
5.350000000000000000e+03 3.329873414575791335e-01
5.360000000000000000e+03 3.321340891954877583e-01
5.370000000000000000e+03 3.313154885900946867e-01
5.380000000000000000e+03 3.305342646789024008e-01
5.390000000000000000e+03 3.297929642282476093e-01
5.400000000000000000e+03 3.290939379830169487e-01
5.410000000000000000e+03 3.284393250186350977e-01
5.420000000000000000e+03 3.278310390198718172e-01
5.430000000000000000e+03 3.272707562909024648e-01
5.440000000000000000e+03 3.267599053815641308e-01
5.450000000000000000e+03 3.262996582844544524e-01
5.460000000000000000e+03 3.258909232841160075e-01
5.470000000000000000e+03 3.255343396645348220e-01
5.480000000000000000e+03 3.252302744664595791e-01
5.490000000000000000e+03 3.249788212483269434e-01
5.500000000000000000e+03 3.247798006197871179e-01
5.510000000000000000e+03 3.246327624446184723e-01
5.520000000000000000e+03 3.245369898072539283e-01
5.530000000000000000e+03 3.244915048907923150e-01
5.540000000000000000e+03 3.244950768807814412e-01
5.550000000000000000e+03 3.245462319558039543e-01
5.560000000000000000e+03 3.246432652942795594e-01
5.570000000000000000e+03 3.247842549269474022e-01
5.580000000000000000e+03 3.249670773103978116e-01
5.590000000000000000e+03 3.251894245236906511e-01
5.600000000000000000e+03 3.254488229349936645e-01
5.610000000000000000e+03 3.257426530643009466e-01
5.620000000000000000e+03 3.260681704016071270e-01
5.630000000000000000e+03 3.264225270389103928e-01
5.640000000000000000e+03 3.268027938456948278e-01
5.650000000000000000e+03 3.272059827253356312e-01
5.660000000000000000e+03 3.276290684417086929e-01
5.670000000000000000e+03 3.280690095540622075e-01
5.680000000000000000e+03 3.285227681432155156e-01
5.690000000000000000e+03 3.289873282200631022e-01
5.700000000000000000e+03 3.294597128010945397e-01
5.710000000000000000e+03 3.299369996456519849e-01
5.720000000000000000e+03 3.304163357032003367e-01
5.730000000000000000e+03 3.308949503280702031e-01
5.740000000000000000e+03 3.313701672979795232e-01
5.750000000000000000e+03 3.318394157145674872e-01
5.760000000000000000e+03 3.323002399260039375e-01
5.770000000000000000e+03 3.327503086218430717e-01
5.780000000000000000e+03 3.331874232060387797e-01
5.790000000000000000e+03 3.336095255039048801e-01
5.800000000000000000e+03 3.340147047909940992e-01
5.810000000000000000e+03 3.344012040279290554e-01
5.820000000000000000e+03 3.347674250835706022e-01
5.830000000000000000e+03 3.351119327180769880e-01
5.840000000000000000e+03 3.354334572689938176e-01
5.850000000000000000e+03 3.357308962073440872e-01
5.860000000000000000e+03 3.360033147760121408e-01
5.870000000000000000e+03 3.362499458416215448e-01
5.880000000000000000e+03 3.364701891205572060e-01
5.890000000000000000e+03 3.366636100258120212e-01
5.900000000000000000e+03 3.368299382835240885e-01
5.910000000000000000e+03 3.369690663657676222e-01
5.920000000000000000e+03 3.370810476516226672e-01
5.930000000000000000e+03 3.371660940998528200e-01
5.940000000000000000e+03 3.372245731834875859e-01
5.950000000000000000e+03 3.372570038112716606e-01
5.960000000000000000e+03 3.372640509726900215e-01
5.970000000000000000e+03 3.372465188532298708e-01
5.980000000000000000e+03 3.372053423198780320e-01
5.990000000000000000e+03 3.371415768246806000e-01
6.000000000000000000e+03 3.370563867706269923e-01
6.010000000000000000e+03 3.369510324244600619e-01
6.020000000000000000e+03 3.368268555238431161e-01
6.030000000000000000e+03 3.366852638360078309e-01
6.040000000000000000e+03 3.365277150614051638e-01
6.050000000000000000e+03 3.363557004898367064e-01
6.060000000000000000e+03 3.361707288014006423e-01
6.070000000000000000e+03 3.359743103796941077e-01
6.080000000000000000e+03 3.357679424639464782e-01
6.090000000000000000e+03 3.355530954598359150e-01
6.100000000000000000e+03 3.353312007783660897e-01
6.110000000000000000e+03 3.351036405704352905e-01
6.120000000000000000e+03 3.348717396118755518e-01
6.130000000000000000e+03 3.346367594705677573e-01
6.140000000000000000e+03 3.343998950530940872e-01
6.150000000000000000e+03 3.341622737074644856e-01
6.160000000000000000e+03 3.339249570416967794e-01
6.170000000000000000e+03 3.336889453991919718e-01
6.180000000000000000e+03 3.334551846737627834e-01
6.190000000000000000e+03 3.332245749796129974e-01
6.200000000000000000e+03 3.329979806139931053e-01
6.210000000000000000e+03 3.327762406882228685e-01
6.220000000000000000e+03 3.325601797494145973e-01
6.230000000000000000e+03 3.323506177413393936e-01
6.240000000000000000e+03 3.321483787274193133e-01
6.250000000000000000e+03 3.319542978658098775e-01
6.260000000000000000e+03 3.317692262258951641e-01
6.270000000000000000e+03 3.315940331517094886e-01
6.280000000000000000e+03 3.314296059913071635e-01
6.290000000000000000e+03 3.312768471814315219e-01
6.300000000000000000e+03 3.311366688740605135e-01
6.310000000000000000e+03 3.310099854334125902e-01
6.320000000000000000e+03 3.308977042113287470e-01
6.330000000000000000e+03 3.308007150824137654e-01
6.340000000000000000e+03 3.307198792892095951e-01
6.350000000000000000e+03 3.306560181633656503e-01
6.360000000000000000e+03 3.306099022158875411e-01
6.370000000000000000e+03 3.305822409555799202e-01
6.380000000000000000e+03 3.305736736488499306e-01
6.390000000000000000e+03 3.305847611418742393e-01
6.400000000000000000e+03 3.306159788395519605e-01
6.410000000000000000e+03 3.306677108922667085e-01
6.420000000000000000e+03 3.307402455254877527e-01
6.430000000000000000e+03 3.308337713006254122e-01
6.440000000000000000e+03 3.309483740126881735e-01
6.450000000000000000e+03 3.310840339200815108e-01
6.460000000000000000e+03 3.312406230166701770e-01
6.470000000000000000e+03 3.314179021274868409e-01
6.480000000000000000e+03 3.316155177818894684e-01
6.490000000000000000e+03 3.318329989634349886e-01
6.500000000000000000e+03 3.320697538458135534e-01
6.510000000000000000e+03 3.323250666418151589e-01
6.520000000000000000e+03 3.325980948382576963e-01
6.530000000000000000e+03 3.328878672037213216e-01
6.540000000000000000e+03 3.331932829296070930e-01
6.550000000000000000e+03 3.335131122027811812e-01
6.560000000000000000e+03 3.338459984608482811e-01
6.570000000000000000e+03 3.341904625693802866e-01
6.580000000000000000e+03 3.345449091642538897e-01
6.590000000000000000e+03 3.349076353471184264e-01
6.600000000000000000e+03 3.352768418269160278e-01
6.610000000000000000e+03 3.356506464582529325e-01
6.620000000000000000e+03 3.360270999264709513e-01
6.630000000000000000e+03 3.364042031631471752e-01
6.640000000000000000e+03 3.367799259869748152e-01
6.650000000000000000e+03 3.371522264301552996e-01
6.660000000000000000e+03 3.375190702220451366e-01
6.670000000000000000e+03 3.378784499512324513e-01
6.680000000000000000e+03 3.382284035078491624e-01
6.690000000000000000e+03 3.385670314961157779e-01
6.700000000000000000e+03 3.388925133906696696e-01
6.710000000000000000e+03 3.392031222422913217e-01
6.720000000000000000e+03 3.394972377627048510e-01
6.730000000000000000e+03 3.397733576738857786e-01
6.740000000000000000e+03 3.400301072394877333e-01
6.750000000000000000e+03 3.402662469209549734e-01
6.760000000000000000e+03 3.404806781301105145e-01
6.770000000000000000e+03 3.406724470620510759e-01
6.780000000000000000e+03 3.408407466281518916e-01
6.790000000000000000e+03 3.409849165461484310e-01
6.800000000000000000e+03 3.411044416797844314e-01
6.810000000000000000e+03 3.411989487675567978e-01
6.820000000000000000e+03 3.412682017482241426e-01
6.830000000000000000e+03 3.413120959492571549e-01
6.840000000000000000e+03 3.413306514296559624e-01
6.850000000000000000e+03 3.413240057934304739e-01
6.860000000000000000e+03 3.412924068335258521e-01
6.870000000000000000e+03 3.412362053484065960e-01
6.880000000000000000e+03 3.411558483770494310e-01
6.890000000000000000e+03 3.410518729846700459e-01
6.900000000000000000e+03 3.409249006295775319e-01
6.910000000000000000e+03 3.407756320586983190e-01
6.920000000000000000e+03 3.406048428804586137e-01
6.930000000000000000e+03 3.404133795289394082e-01
6.940000000000000000e+03 3.402021550541723949e-01
6.950000000000000000e+03 3.399721445749842585e-01
6.960000000000000000e+03 3.397243800950170978e-01
6.970000000000000000e+03 3.394599445113026248e-01
6.980000000000000000e+03 3.391799648533969647e-01
6.990000000000000000e+03 3.388856049708081075e-01
7.000000000000000000e+03 3.385780579859645201e-01
7.010000000000000000e+03 3.382585388643584157e-01
7.020000000000000000e+03 3.379282774723147420e-01
7.030000000000000000e+03 3.375885125066907522e-01
7.040000000000000000e+03 3.372404866867667050e-01
7.050000000000000000e+03 3.368854435812015380e-01
7.060000000000000000e+03 3.365246263414987116e-01
7.070000000000000000e+03 3.361592783533420281e-01
7.080000000000000000e+03 3.357906455260217804e-01
7.090000000000000000e+03 3.354199797633719005e-01
7.100000000000000000e+03 3.350485430834647671e-01
7.110000000000000000e+03 3.346776117899891156e-01
7.120000000000000000e+03 3.343084800887391461e-01
7.130000000000000000e+03 3.339424626605145274e-01
7.140000000000000000e+03 3.335808958035056393e-01
7.150000000000000000e+03 3.332251367801377095e-01
7.160000000000000000e+03 3.328765610082188298e-01
7.170000000000000000e+03 3.325365567592275529e-01
7.180000000000000000e+03 3.322065171071665879e-01
7.190000000000000000e+03 3.318878291637245570e-01
7.200000000000000000e+03 3.315818608580919924e-01
7.210000000000000000e+03 3.312899455584982777e-01
7.220000000000000000e+03 3.310133649224881180e-01
7.230000000000000000e+03 3.307533304599080126e-01
7.240000000000000000e+03 3.305109643760190674e-01
7.250000000000000000e+03 3.302872803398849144e-01
7.260000000000000000e+03 3.300831648425043285e-01
7.270000000000000000e+03 3.298993598222548784e-01
7.280000000000000000e+03 3.297364472687736026e-01
7.290000000000000000e+03 3.295948365476543684e-01
7.300000000000000000e+03 3.294747551560950893e-01
7.310000000000000000e+03 3.293762434865565303e-01
7.320000000000000000e+03 3.292991539766858544e-01
7.330000000000000000e+03 3.292431547931161662e-01
7.340000000000000000e+03 3.292077379713668206e-01
7.350000000000000000e+03 3.291922316984540187e-01
7.360000000000000000e+03 3.291958162152818224e-01
7.370000000000000000e+03 3.292175427065148763e-01
7.380000000000000000e+03 3.292563544974940748e-01
7.390000000000000000e+03 3.293111098407901505e-01
7.400000000000000000e+03 3.293806055105386599e-01
7.410000000000000000e+03 3.294636004049039113e-01
7.420000000000000000e+03 3.295588384566072171e-01
7.430000000000000000e+03 3.296650703056541176e-01
7.440000000000000000e+03 3.297810732799392741e-01
7.450000000000000000e+03 3.299056692741867414e-01
7.460000000000000000e+03 3.300377401739832961e-01
7.470000000000000000e+03 3.301762405619388940e-01
7.480000000000000000e+03 3.303202075483266942e-01
7.490000000000000000e+03 3.304687676802995910e-01
7.500000000000000000e+03 3.306211409757169872e-01
7.510000000000000000e+03 3.307766421393196210e-01
7.520000000000000000e+03 3.309346789673410782e-01
7.530000000000000000e+03 3.310947479096377211e-01
7.540000000000000000e+03 3.312564268256707467e-01
7.550000000000000000e+03 3.314193651017973696e-01
7.560000000000000000e+03 3.315832713846277868e-01
7.570000000000000000e+03 3.317478992301741147e-01
7.580000000000000000e+03 3.319130310796880035e-01
7.590000000000000000e+03 3.320784611434704492e-01
7.600000000000000000e+03 3.322439779077032695e-01
7.610000000000000000e+03 3.324093470579152498e-01
7.620000000000000000e+03 3.325742956599634925e-01
7.630000000000000000e+03 3.327384984491064124e-01
7.640000000000000000e+03 3.329015670349060319e-01
7.650000000000000000e+03 3.330630427018919093e-01
7.660000000000000000e+03 3.332223932141850087e-01
7.670000000000000000e+03 3.333790137181543156e-01
7.680000000000000000e+03 3.335322316958880817e-01
7.690000000000000000e+03 3.336813158591677153e-01
7.700000000000000000e+03 3.338254886663248877e-01
7.710000000000000000e+03 3.339639418264637172e-01
7.720000000000000000e+03 3.340958539332671284e-01
7.730000000000000000e+03 3.342204092946064464e-01
7.740000000000000000e+03 3.343368170344713231e-01
7.750000000000000000e+03 3.344443295985715658e-01
7.760000000000000000e+03 3.345422598832761274e-01
7.770000000000000000e+03 3.346299963642776487e-01
7.780000000000000000e+03 3.347070158458652078e-01
7.790000000000000000e+03 3.347728936989132764e-01
7.800000000000000000e+03 3.348273115631932306e-01
7.810000000000000000e+03 3.348700624859478614e-01
7.820000000000000000e+03 3.349010535091355711e-01
7.830000000000000000e+03 3.349203058139162970e-01
7.840000000000000000e+03 3.349279526223443715e-01
7.850000000000000000e+03 3.349242351406808149e-01
7.860000000000000000e+03 3.349094967611101481e-01
7.870000000000000000e+03 3.348841755660235120e-01
7.880000000000000000e+03 3.348487951799556939e-01
7.890000000000000000e+03 3.348039542397501789e-01
7.900000000000000000e+03 3.347503148436443143e-01
7.910000000000000000e+03 3.346885901890206405e-01
7.920000000000000000e+03 3.346195315129273928e-01
7.930000000000000000e+03 3.345439145215152177e-01
7.940000000000000000e+03 3.344625256113081258e-01
7.950000000000000000e+03 3.343761482328106993e-01
7.960000000000000000e+03 3.342855497627138517e-01
7.970000000000000000e+03 3.341914692877632764e-01
7.980000000000000000e+03 3.340946066710637208e-01
7.990000000000000000e+03 3.339956131139006357e-01
8.000000000000000000e+03 3.338950832452770023e-01
8.010000000000000000e+03 3.337935486783958350e-01
8.020000000000000000e+03 3.336914730384940020e-01
8.030000000000000000e+03 3.335892485305955724e-01
8.040000000000000000e+03 3.334871940266087020e-01
8.050000000000000000e+03 3.333855546372665457e-01
8.060000000000000000e+03 3.332845028571351786e-01
8.070000000000000000e+03 3.331841413741010172e-01
8.080000000000000000e+03 3.330845075512343101e-01
8.090000000000000000e+03 3.329855795185129308e-01
8.100000000000000000e+03 3.328872837497435233e-01
8.110000000000000000e+03 3.327895039602529748e-01
8.120000000000000000e+03 3.326920911482183496e-01
8.130000000000000000e+03 3.325948745859570455e-01
8.140000000000000000e+03 3.324976734613188101e-01
8.150000000000000000e+03 3.324003087272390244e-01
8.160000000000000000e+03 3.323026146538322623e-01
8.170000000000000000e+03 3.322044495950955967e-01
8.180000000000000000e+03 3.321057055797692614e-01
8.190000000000000000e+03 3.320063165050028409e-01
8.200000000000000000e+03 3.319062648345544320e-01
8.210000000000000000e+03 3.318055867228851263e-01
8.220000000000000000e+03 3.317043754741594852e-01
8.230000000000000000e+03 3.316027832974593470e-01
8.240000000000000000e+03 3.315010213648381665e-01
8.250000000000000000e+03 3.313993581853777459e-01
8.260000000000000000e+03 3.312981163286103370e-01
8.270000000000000000e+03 3.311976675563138572e-01
8.280000000000000000e+03 3.310984264211074279e-01
8.290000000000000000e+03 3.310008423639912989e-01
8.300000000000000000e+03 3.309053903967696386e-01
8.310000000000000000e+03 3.308125605595137464e-01
8.320000000000000000e+03 3.307228464304113325e-01
8.330000000000000000e+03 3.306367330137099381e-01
8.340000000000000000e+03 3.305546844078570135e-01
8.350000000000000000e+03 3.304771317859087065e-01
8.360000000000000000e+03 3.304044623050752527e-01
8.370000000000000000e+03 3.303370095495053449e-01
8.380000000000000000e+03 3.302750460508844799e-01
8.390000000000000000e+03 3.302187783431915213e-01
8.400000000000000000e+03 3.301683448529871834e-01
8.410000000000000000e+03 3.301238167487748898e-01
8.420000000000000000e+03 3.300852017037017028e-01
8.430000000000000000e+03 3.300524504025431627e-01
8.440000000000000000e+03 3.300254655338093479e-01
8.450000000000000000e+03 3.300041129081141000e-01
8.460000000000000000e+03 3.299882341932946495e-01
8.470000000000000000e+03 3.299776606390392164e-01
8.480000000000000000e+03 3.299722271166665721e-01
8.490000000000000000e+03 3.299717858262478654e-01
8.500000000000000000e+03 3.299762191235499631e-01
8.510000000000000000e+03 3.299854510146441045e-01
8.520000000000000000e+03 3.299994569655480547e-01
8.530000000000000000e+03 3.300182718313521280e-01
8.540000000000000000e+03 3.300419958592861747e-01
8.550000000000000000e+03 3.300707987459539638e-01
8.560000000000000000e+03 3.301049216909271999e-01
8.570000000000000000e+03 3.301446774359627634e-01
8.580000000000000000e+03 3.301904483177205973e-01
8.590000000000000000e+03 3.302426822587856692e-01
8.600000000000000000e+03 3.303018864808148214e-01
8.610000000000000000e+03 3.303686187454017431e-01
8.620000000000000000e+03 3.304434761090300210e-01
8.630000000000000000e+03 3.305270813350170700e-01
8.640000000000000000e+03 3.306200672068424495e-01
8.650000000000000000e+03 3.307230591047278789e-01
8.660000000000000000e+03 3.308366563226681767e-01
8.670000000000000000e+03 3.309614126807954859e-01
8.680000000000000000e+03 3.310978170523456443e-01
8.690000000000000000e+03 3.312462745163027855e-01
8.700000000000000000e+03 3.314070888366465462e-01
8.710000000000000000e+03 3.315804468280197370e-01
8.720000000000000000e+03 3.317664051345221021e-01
8.730000000000000000e+03 3.319648799227578606e-01
8.740000000000000000e+03 3.321756397742292588e-01
8.750000000000000000e+03 3.323983018750930607e-01
8.760000000000000000e+03 3.326323315095221500e-01
8.770000000000000000e+03 3.328770447685099887e-01
8.780000000000000000e+03 3.331316142533534141e-01
8.790000000000000000e+03 3.333950774841683007e-01
8.800000000000000000e+03 3.336663477374338105e-01
8.810000000000000000e+03 3.339442270783403166e-01
8.820000000000000000e+03 3.342274213944770311e-01
8.830000000000000000e+03 3.345145572079566976e-01
8.840000000000000000e+03 3.348042000359088277e-01
8.850000000000000000e+03 3.350948740585228403e-01
8.860000000000000000e+03 3.353850828210344637e-01
8.870000000000000000e+03 3.356733306222793312e-01
8.880000000000000000e+03 3.359581441552958458e-01
8.890000000000000000e+03 3.362380939328144525e-01
8.900000000000000000e+03 3.365118149869428810e-01
8.910000000000000000e+03 3.367780262168026950e-01
8.920000000000000000e+03 3.370355476840895537e-01
8.930000000000000000e+03 3.372833151916570515e-01
8.940000000000000000e+03 3.375203915983102099e-01
8.950000000000000000e+03 3.377459744619978332e-01
8.960000000000000000e+03 3.379593997857740506e-01
8.970000000000000000e+03 3.381601418517304336e-01
8.980000000000000000e+03 3.383478093373522566e-01
8.990000000000000000e+03 3.385221380677670422e-01
9.000000000000000000e+03 3.386829808512022422e-01
9.010000000000000000e+03 3.388302948945701720e-01
9.020000000000000000e+03 3.389641273396740151e-01
9.030000000000000000e+03 3.390845995598133489e-01
9.040000000000000000e+03 3.391918909258371251e-01
9.050000000000000000e+03 3.392862226853879948e-01
9.060000000000000000e+03 3.393678424630149348e-01
9.070000000000000000e+03 3.394370097799197517e-01
9.080000000000000000e+03 3.394939828453638619e-01
9.090000000000000000e+03 3.395390067899677344e-01
9.100000000000000000e+03 3.395723035074331153e-01
9.110000000000000000e+03 3.395940632804095305e-01
9.120000000000000000e+03 3.396044383682258472e-01
9.130000000000000000e+03 3.396035387489760859e-01
9.140000000000000000e+03 3.395914301876205577e-01
9.150000000000000000e+03 3.395681347343469936e-01
9.160000000000000000e+03 3.395336336657137077e-01
9.170000000000000000e+03 3.394878727753432579e-01
9.180000000000000000e+03 3.394307698123086858e-01
9.190000000000000000e+03 3.393622237204307335e-01
9.200000000000000000e+03 3.392821252333853010e-01
9.210000000000000000e+03 3.391903685339512364e-01
9.220000000000000000e+03 3.390868636486858989e-01
9.230000000000000000e+03 3.389715492076355030e-01
9.240000000000000000e+03 3.388444052287770125e-01
9.250000000000000000e+03 3.387054656486544468e-01
9.260000000000000000e+03 3.385548303081692967e-01
9.270000000000000000e+03 3.383926760844750414e-01
9.280000000000000000e+03 3.382192671407495133e-01
9.290000000000000000e+03 3.380349640718621207e-01
9.300000000000000000e+03 3.378402317797221110e-01
9.310000000000000000e+03 3.376356459989888759e-01
9.320000000000000000e+03 3.374218980848987526e-01
9.330000000000000000e+03 3.371997975410153670e-01
9.340000000000000000e+03 3.369702719840163008e-01
9.350000000000000000e+03 3.367343644273975700e-01
9.360000000000000000e+03 3.364932276840911785e-01
9.370000000000000000e+03 3.362481157696200484e-01
9.380000000000000000e+03 3.360003724180163354e-01
9.390000000000000000e+03 3.357514169063856024e-01
9.400000000000000000e+03 3.355027275671047526e-01
9.410000000000000000e+03 3.352558235638001261e-01
9.420000000000000000e+03 3.350122454527516003e-01
9.430000000000000000e+03 3.347735351200082921e-01
9.440000000000000000e+03 3.345412158322174090e-01
9.450000000000000000e+03 3.343167731219782723e-01
9.460000000000000000e+03 3.341016368984899287e-01
9.470000000000000000e+03 3.338971651770474280e-01
9.480000000000000000e+03 3.337046298143945822e-01
9.490000000000000000e+03 3.335252043121717525e-01
9.500000000000000000e+03 3.333599535948281734e-01
9.510000000000000000e+03 3.332098258109584266e-01
9.520000000000000000e+03 3.330756460055353529e-01
9.530000000000000000e+03 3.329581113325797426e-01
9.540000000000000000e+03 3.328577875190753543e-01
9.550000000000000000e+03 3.327751063479079674e-01
9.560000000000000000e+03 3.327103641007913004e-01
9.570000000000000000e+03 3.326637210136054179e-01
9.580000000000000000e+03 3.326352018177153314e-01
9.590000000000000000e+03 3.326246974695032388e-01
9.600000000000000000e+03 3.326319681789582927e-01
9.610000000000000000e+03 3.326566478959644413e-01
9.620000000000000000e+03 3.326982505885470176e-01
9.630000000000000000e+03 3.327561786146932543e-01
9.640000000000000000e+03 3.328297332177713175e-01
9.650000000000000000e+03 3.329181270559907202e-01
9.660000000000000000e+03 3.330204984863511797e-01
9.670000000000000000e+03 3.331359271087178664e-01
9.680000000000000000e+03 3.332634501561686502e-01
9.690000000000000000e+03 3.334020793182472242e-01
9.700000000000000000e+03 3.335508173864618064e-01
9.710000000000000000e+03 3.337086740112202299e-01
9.720000000000000000e+03 3.338746798660405801e-01
9.730000000000000000e+03 3.340478986363162872e-01
9.740000000000000000e+03 3.342274364375172335e-01
9.750000000000000000e+03 3.344124486307609723e-01
9.760000000000000000e+03 3.346021440037985628e-01
9.770000000000000000e+03 3.347957862609185486e-01
9.780000000000000000e+03 3.349926929536367060e-01
9.790000000000000000e+03 3.351922322043162095e-01
9.800000000000000000e+03 3.353938176849228792e-01
9.810000000000000000e+03 3.355969021938722818e-01
9.820000000000000000e+03 3.358009702267818475e-01
9.830000000000000000e+03 3.360055298562825699e-01
9.840000000000000000e+03 3.362101041931107592e-01
9.850000000000000000e+03 3.364142227472233238e-01
9.860000000000000000e+03 3.366174128341476446e-01
9.870000000000000000e+03 3.368191911082963896e-01
9.880000000000000000e+03 3.370190554900368007e-01
9.890000000000000000e+03 3.372164778194947088e-01
9.900000000000000000e+03 3.374108974391484272e-01
9.910000000000000000e+03 3.376017156906136463e-01
9.920000000000000000e+03 3.377882915792856378e-01
9.930000000000000000e+03 3.379699390740852349e-01
9.940000000000000000e+03 3.381459263924541658e-01
9.950000000000000000e+03 3.383154773735363441e-01
9.960000000000000000e+03 3.384777747753053290e-01
9.970000000000000000e+03 3.386319653394203044e-01
9.980000000000000000e+03 3.387771667532727404e-01
9.990000000000000000e+03 3.389124764983335036e-01
1.000000000000000000e+04 3.390369822745866735e-01
1.001000000000000000e+04 3.391497736209228564e-01
1.002000000000000000e+04 3.392499543833436548e-01
1.003000000000000000e+04 3.393366557757637181e-01
1.004000000000000000e+04 3.394090497459925082e-01
1.005000000000000000e+04 3.394663621924927654e-01
1.006000000000000000e+04 3.395078856436605230e-01
1.007000000000000000e+04 3.395329912859830213e-01
1.008000000000000000e+04 3.395411400903507460e-01
1.009000000000000000e+04 3.395318926298497852e-01
1.010000000000000000e+04 3.395049173072552384e-01
1.011000000000000000e+04 3.394599967171887389e-01
1.012000000000000000e+04 3.393970319374202682e-01
1.013000000000000000e+04 3.393160447912142996e-01
1.014000000000000000e+04 3.392171782961945770e-01
1.015000000000000000e+04 3.391006953001650670e-01
1.016000000000000000e+04 3.389669753756701653e-01
1.017000000000000000e+04 3.388165100917289729e-01
1.018000000000000000e+04 3.386498967821054973e-01
1.019000000000000000e+04 3.384678311031319997e-01
1.020000000000000000e+04 3.382710989124515510e-01
1.021000000000000000e+04 3.380605675614778427e-01
1.022000000000000000e+04 3.378371765528880299e-01
1.023000000000000000e+04 3.376019277215556169e-01
1.024000000000000000e+04 3.373558751255192889e-01
1.025000000000000000e+04 3.371001149600514335e-01
1.026000000000000000e+04 3.368357757732804436e-01
1.027000000000000000e+04 3.365640088999612978e-01
1.028000000000000000e+04 3.362859791748615823e-01
1.029000000000000000e+04 3.360028561949126025e-01
1.030000000000000000e+04 3.357158064320971413e-01
1.031000000000000000e+04 3.354259864819989501e-01
1.032000000000000000e+04 3.351345373851838949e-01
1.033000000000000000e+04 3.348425798734441239e-01
1.034000000000000000e+04 3.345512107126968893e-01
1.035000000000000000e+04 3.342615003211603653e-01
1.036000000000000000e+04 3.339744916062211133e-01
1.037000000000000000e+04 3.336911998938604795e-01
1.038000000000000000e+04 3.334126137334978979e-01
1.039000000000000000e+04 3.331396961174217242e-01
1.040000000000000000e+04 3.328733859913873827e-01
1.041000000000000000e+04 3.326146001238127758e-01
1.042000000000000000e+04 3.323642350811671919e-01
1.043000000000000000e+04 3.321231688462694676e-01
1.044000000000000000e+04 3.318922621582207078e-01
1.045000000000000000e+04 3.316723597633460252e-01
1.046000000000000000e+04 3.314642912717184475e-01
1.047000000000000000e+04 3.312688715606925682e-01
1.048000000000000000e+04 3.310869005813357191e-01
1.049000000000000000e+04 3.309191621291496799e-01
1.050000000000000000e+04 3.307664213313628587e-01
1.051000000000000000e+04 3.306294211032716479e-01
1.052000000000000000e+04 3.305088772113241591e-01
1.053000000000000000e+04 3.304054717891958814e-01
1.054000000000000000e+04 3.303198454252457283e-01
1.055000000000000000e+04 3.302525877841444579e-01
1.056000000000000000e+04 3.302042267776890694e-01
1.057000000000000000e+04 3.301752163852740840e-01
1.058000000000000000e+04 3.301659234564365830e-01
1.059000000000000000e+04 3.301766140911749914e-01
1.060000000000000000e+04 3.302074404914563943e-01
1.061000000000000000e+04 3.302584289593024081e-01
1.062000000000000000e+04 3.303294691515469839e-01
1.063000000000000000e+04 3.304203053875839902e-01
1.064000000000000000e+04 3.305305307802062220e-01
1.065000000000000000e+04 3.306595844363834913e-01
1.066000000000000000e+04 3.308067521537463862e-01
1.067000000000000000e+04 3.309711709114103728e-01
1.068000000000000000e+04 3.311518367570018828e-01
1.069000000000000000e+04 3.313476159153060374e-01
1.070000000000000000e+04 3.315572588226125550e-01
1.071000000000000000e+04 3.317794166524469790e-01
1.072000000000000000e+04 3.320126599994290828e-01
1.073000000000000000e+04 3.322554988659175423e-01
1.074000000000000000e+04 3.325064027024894342e-01
1.075000000000000000e+04 3.327638199482356174e-01
1.076000000000000000e+04 3.330261969469728855e-01
1.077000000000000000e+04 3.332919959086874107e-01
1.078000000000000000e+04 3.335597113952815662e-01
1.079000000000000000e+04 3.338278849746071364e-01
1.080000000000000000e+04 3.340951181343401188e-01
1.081000000000000000e+04 3.343600836108421848e-01
1.082000000000000000e+04 3.346215351323009179e-01
1.083000000000000000e+04 3.348783160082907107e-01
1.084000000000000000e+04 3.351293665096196084e-01
1.085000000000000000e+04 3.353737301009558358e-01
1.086000000000000000e+04 3.356105587358007569e-01
1.087000000000000000e+04 3.358391167648441256e-01
1.088000000000000000e+04 3.360587833941159897e-01
1.089000000000000000e+04 3.362690536773361161e-01
1.090000000000000000e+04 3.364695381732484836e-01
1.091000000000000000e+04 3.366599611794300895e-01
1.092000000000000000e+04 3.368401568082098896e-01
1.093000000000000000e+04 3.370100628693814548e-01
1.094000000000000000e+04 3.371697126604828454e-01
1.095000000000000000e+04 3.373192250740175702e-01
1.096000000000000000e+04 3.374587933833666509e-01
1.097000000000000000e+04 3.375886724826607788e-01
1.098000000000000000e+04 3.377091651560027441e-01
1.099000000000000000e+04 3.378206075855925694e-01
1.100000000000000000e+04 3.379233544906130038e-01
1.101000000000000000e+04 3.380177650821383772e-01
1.102000000000000000e+04 3.381041905621139931e-01
1.103000000000000000e+04 3.381829631891473120e-01
1.104000000000000000e+04 3.382543872567219667e-01
1.105000000000000000e+04 3.383187324105299543e-01
1.106000000000000000e+04 3.383762294952119554e-01
1.107000000000000000e+04 3.384270689483357408e-01
1.108000000000000000e+04 3.384714018126345758e-01
1.109000000000000000e+04 3.385093432322336393e-01
1.110000000000000000e+04 3.385409776003415194e-01
1.111000000000000000e+04 3.385663647533734277e-01
1.112000000000000000e+04 3.385855474240958563e-01
1.113000000000000000e+04 3.385985598431162091e-01
1.114000000000000000e+04 3.386054368957026606e-01
1.115000000000000000e+04 3.386062232038189457e-01
1.116000000000000000e+04 3.386009818175340635e-01
1.117000000000000000e+04 3.385898020987851420e-01
1.118000000000000000e+04 3.385728062385595094e-01
1.119000000000000000e+04 3.385501542176840295e-01
1.120000000000000000e+04 3.385220470946581073e-01
1.121000000000000000e+04 3.384887284915874539e-01
1.122000000000000000e+04 3.384504840324926156e-01
1.123000000000000000e+04 3.384076385251271746e-01
1.124000000000000000e+04 3.383605513154559485e-01
1.125000000000000000e+04 3.383096103281205136e-01
1.126000000000000000e+04 3.382552248633546865e-01
1.127000000000000000e+04 3.381978171188690929e-01
1.128000000000000000e+04 3.381378124520748596e-01
1.129000000000000000e+04 3.380756289951925564e-01
1.130000000000000000e+04 3.380116675242187951e-01
1.131000000000000000e+04 3.379463024005241456e-01
1.132000000000000000e+04 3.378798743737284060e-01
1.133000000000000000e+04 3.378126835621552138e-01
1.134000000000000000e+04 3.377449827686066497e-01
1.135000000000000000e+04 3.376769718391103847e-01
1.136000000000000000e+04 3.376087933765667404e-01
1.137000000000000000e+04 3.375405301539454728e-01
1.138000000000000000e+04 3.374722040310972337e-01
1.139000000000000000e+04 3.374037764241775150e-01
1.140000000000000000e+04 3.373351498048642316e-01
1.141000000000000000e+04 3.372661697002469205e-01
1.142000000000000000e+04 3.371966280267522653e-01
1.143000000000000000e+04 3.371262688217581682e-01
1.144000000000000000e+04 3.370547956685288615e-01
1.145000000000000000e+04 3.369818802516062473e-01
1.146000000000000000e+04 3.369071711893192322e-01
1.147000000000000000e+04 3.368303030668607367e-01
1.148000000000000000e+04 3.367509068347986911e-01
1.149000000000000000e+04 3.366686224339981992e-01
1.150000000000000000e+04 3.365831120062959259e-01
1.151000000000000000e+04 3.364940726648867342e-01
1.152000000000000000e+04 3.364012484336965647e-01
1.153000000000000000e+04 3.363044408600345814e-01
1.154000000000000000e+04 3.362035190569691023e-01
1.155000000000000000e+04 3.360984302858048278e-01
1.156000000000000000e+04 3.359892091873210029e-01
1.157000000000000000e+04 3.358759839002499747e-01
1.158000000000000000e+04 3.357589792520458416e-01
1.159000000000000000e+04 3.356385173670910493e-01
1.160000000000000000e+04 3.355150161926908070e-01
1.161000000000000000e+04 3.353889854907358692e-01
1.162000000000000000e+04 3.352610195006213711e-01
1.163000000000000000e+04 3.351317864130560764e-01
1.164000000000000000e+04 3.350020148847759338e-01
1.165000000000000000e+04 3.348724779300981114e-01
1.166000000000000000e+04 3.347439753980784305e-01
1.167000000000000000e+04 3.346173160167626448e-01
1.168000000000000000e+04 3.344932990998507050e-01
1.169000000000000000e+04 3.343726964169669857e-01
1.170000000000000000e+04 3.342562347702316972e-01
1.171000000000000000e+04 3.341445794998748609e-01
1.172000000000000000e+04 3.340383196802612642e-01
1.173000000000000000e+04 3.339379559385072249e-01
1.174000000000000000e+04 3.338438913579227507e-01
1.175000000000000000e+04 3.337564252648959617e-01
1.176000000000000000e+04 3.336757494299175675e-01
1.177000000000000000e+04 3.336019467564251828e-01
1.178000000000000000e+04 3.335349926631377970e-01
1.179000000000000000e+04 3.334747588433391030e-01
1.180000000000000000e+04 3.334210182166200687e-01
1.181000000000000000e+04 3.333734509912912869e-01
1.182000000000000000e+04 3.333316530261486443e-01
1.183000000000000000e+04 3.332951460923819220e-01
1.184000000000000000e+04 3.332633900796041493e-01
1.185000000000000000e+04 3.332357963721603311e-01
1.186000000000000000e+04 3.332117391464552436e-01
1.187000000000000000e+04 3.331905683401001350e-01
1.188000000000000000e+04 3.331716241272453249e-01
1.189000000000000000e+04 3.331542519277539971e-01
1.190000000000000000e+04 3.331378179320172439e-01
1.191000000000000000e+04 3.331217237763391958e-01
1.192000000000000000e+04 3.331054207147354784e-01
1.193000000000000000e+04 3.330884229779021433e-01
1.194000000000000000e+04 3.330703190792672075e-01
1.195000000000000000e+04 3.330507822196193679e-01
1.196000000000000000e+04 3.330295796785181506e-01
1.197000000000000000e+04 3.330065802391614094e-01
1.198000000000000000e+04 3.329817587432462034e-01
1.199000000000000000e+04 3.329551973873130510e-01
1.200000000000000000e+04 3.329270840300471712e-01
1.201000000000000000e+04 3.328977075962561427e-01
1.202000000000000000e+04 3.328674504590344863e-01
1.203000000000000000e+04 3.328367767719380144e-01
1.204000000000000000e+04 3.328062190946174947e-01
1.205000000000000000e+04 3.327763631066869010e-01
1.206000000000000000e+04 3.327478292900132306e-01
1.207000000000000000e+04 3.327212511432939834e-01
1.208000000000000000e+04 3.326972537068927926e-01
1.209000000000000000e+04 3.326764339587343078e-01
1.210000000000000000e+04 3.326593406263618768e-01
1.211000000000000000e+04 3.326464556232638370e-01
1.212000000000000000e+04 3.326381764810050767e-01
1.213000000000000000e+04 3.326347997274154977e-01
1.214000000000000000e+04 3.326365087646800389e-01
1.215000000000000000e+04 3.326433661743253278e-01
1.216000000000000000e+04 3.326553085341690807e-01
1.217000000000000000e+04 3.326721450098150124e-01
1.218000000000000000e+04 3.326935592906951622e-01
1.219000000000000000e+04 3.327191150604062453e-01
1.220000000000000000e+04 3.327482649113344126e-01
1.221000000000000000e+04 3.327803613271668182e-01
1.222000000000000000e+04 3.328146681311067168e-01
1.223000000000000000e+04 3.328503728122166327e-01
1.224000000000000000e+04 3.328866007797877669e-01
1.225000000000000000e+04 3.329224285401150008e-01
1.226000000000000000e+04 3.329568951021343315e-01
1.227000000000000000e+04 3.329890141096652489e-01
1.228000000000000000e+04 3.330177874971486096e-01
1.229000000000000000e+04 3.330422189840893665e-01
1.230000000000000000e+04 3.330613255815286777e-01
1.231000000000000000e+04 3.330741473095980010e-01
1.232000000000000000e+04 3.330797605418455709e-01
1.233000000000000000e+04 3.330772877264500664e-01
1.234000000000000000e+04 3.330659062830668149e-01
1.235000000000000000e+04 3.330448583394849948e-01
1.236000000000000000e+04 3.330134624698228296e-01
1.237000000000000000e+04 3.329711246092449395e-01
1.238000000000000000e+04 3.329173469499843718e-01
1.239000000000000000e+04 3.328517356041976738e-01
1.240000000000000000e+04 3.327740082189775128e-01
1.241000000000000000e+04 3.326840019846356022e-01
1.242000000000000000e+04 3.325816800199155043e-01
1.243000000000000000e+04 3.324671353049065692e-01
1.244000000000000000e+04 3.323405899218171422e-01
1.245000000000000000e+04 3.322023938776173524e-01
1.246000000000000000e+04 3.320530234006162651e-01
1.247000000000000000e+04 3.318930757324932701e-01
1.248000000000000000e+04 3.317232586051138687e-01
1.249000000000000000e+04 3.315443763352602935e-01
1.250000000000000000e+04 3.313573145676280696e-01
1.251000000000000000e+04 3.311630229220819399e-01
1.252000000000000000e+04 3.309624940697642459e-01
1.253000000000000000e+04 3.307567403156346231e-01
1.254000000000000000e+04 3.305467703048704520e-01
1.255000000000000000e+04 3.303335686803449134e-01
1.256000000000000000e+04 3.301180785659239558e-01
1.257000000000000000e+04 3.299011864086409673e-01
1.258000000000000000e+04 3.296837101107905621e-01
1.259000000000000000e+04 3.294663898025939064e-01
1.260000000000000000e+04 3.292498823136180697e-01
1.261000000000000000e+04 3.290347625319817726e-01
1.262000000000000000e+04 3.288215311203694369e-01
1.263000000000000000e+04 3.286106262930090227e-01
1.264000000000000000e+04 3.284024374099095978e-01
1.265000000000000000e+04 3.281973202319874994e-01
1.266000000000000000e+04 3.279956137812352068e-01
1.267000000000000000e+04 3.277976583123485832e-01
1.268000000000000000e+04 3.276038140363974893e-01
1.269000000000000000e+04 3.274144788132503647e-01
1.270000000000000000e+04 3.272301015704354166e-01
1.271000000000000000e+04 3.270511910390518917e-01
1.272000000000000000e+04 3.268783218720516248e-01
1.273000000000000000e+04 3.267121378761387307e-01
1.274000000000000000e+04 3.265533504027603451e-01
1.275000000000000000e+04 3.264027326466503176e-01
1.276000000000000000e+04 3.262611102524622941e-01
1.277000000000000000e+04 3.261293474492459876e-01
1.278000000000000000e+04 3.260083304382503377e-01
1.279000000000000000e+04 3.258989517408173997e-01
1.280000000000000000e+04 3.258020951435538493e-01
1.281000000000000000e+04 3.257186183921216838e-01
1.282000000000000000e+04 3.256493346589594551e-01
1.283000000000000000e+04 3.255949978629739672e-01
1.284000000000000000e+04 3.255562945191336488e-01
1.285000000000000000e+04 3.255338377864680499e-01
1.286000000000000000e+04 3.255281594956306868e-01
1.287000000000000000e+04 3.255397026909050417e-01
1.288000000000000000e+04 3.255688183778840950e-01
1.289000000000000000e+04 3.256157656933854616e-01
1.290000000000000000e+04 3.256807112036925189e-01
1.291000000000000000e+04 3.257637250997814649e-01
1.292000000000000000e+04 3.258647778248032201e-01
1.293000000000000000e+04 3.259837394423273360e-01
1.294000000000000000e+04 3.261203777283346317e-01
1.295000000000000000e+04 3.262743524713713206e-01
1.296000000000000000e+04 3.264452098816041370e-01
1.297000000000000000e+04 3.266323789541156764e-01
1.298000000000000000e+04 3.268351677530733634e-01
1.299000000000000000e+04 3.270527598604874853e-01
1.300000000000000000e+04 3.272842135792545237e-01
1.301000000000000000e+04 3.275284657184387993e-01
1.302000000000000000e+04 3.277843378652262052e-01
1.303000000000000000e+04 3.280505432049578562e-01
1.304000000000000000e+04 3.283256962635521248e-01
1.305000000000000000e+04 3.286083265785549323e-01
1.306000000000000000e+04 3.288968952243085941e-01
1.307000000000000000e+04 3.291898155141865234e-01
1.308000000000000000e+04 3.294854757869091211e-01
1.309000000000000000e+04 3.297822601258165731e-01
1.310000000000000000e+04 3.300785697826206788e-01
1.311000000000000000e+04 3.303728485586741037e-01
1.312000000000000000e+04 3.306636079636207648e-01
1.313000000000000000e+04 3.309494468912118070e-01
1.314000000000000000e+04 3.312290660842462375e-01
1.315000000000000000e+04 3.315012802461814179e-01
1.316000000000000000e+04 3.317650286474566612e-01
1.317000000000000000e+04 3.320193838189534064e-01
1.318000000000000000e+04 3.322635573812878773e-01
1.319000000000000000e+04 3.324968965733460791e-01
1.320000000000000000e+04 3.327188705727331941e-01
1.321000000000000000e+04 3.329290572429732253e-01
1.322000000000000000e+04 3.331271329532036751e-01
1.323000000000000000e+04 3.333128593593797095e-01
1.324000000000000000e+04 3.334860654732337837e-01
1.325000000000000000e+04 3.336466275823816163e-01
1.326000000000000000e+04 3.337944480058785413e-01
1.327000000000000000e+04 3.339294344817481108e-01
1.328000000000000000e+04 3.340514857522802750e-01
1.329000000000000000e+04 3.341604816485297391e-01
1.330000000000000000e+04 3.342562725138757407e-01
1.331000000000000000e+04 3.343386708544208163e-01
1.332000000000000000e+04 3.344074489021116592e-01
1.333000000000000000e+04 3.344623431423903170e-01
1.334000000000000000e+04 3.345030634857681373e-01
1.335000000000000000e+04 3.345293020218809699e-01
1.336000000000000000e+04 3.345407434828306381e-01
1.337000000000000000e+04 3.345370816755535714e-01
1.338000000000000000e+04 3.345180374908580667e-01
1.339000000000000000e+04 3.344833714257152701e-01
1.340000000000000000e+04 3.344328926199074403e-01
1.341000000000000000e+04 3.343664683463752896e-01
1.342000000000000000e+04 3.342840337644362725e-01
1.343000000000000000e+04 3.341856012409191168e-01
1.344000000000000000e+04 3.340712667392733981e-01
1.345000000000000000e+04 3.339412113665068960e-01
1.346000000000000000e+04 3.337957001602659957e-01
1.347000000000000000e+04 3.336350815033060080e-01
1.348000000000000000e+04 3.334597883502266602e-01
1.349000000000000000e+04 3.332703384664141844e-01
1.350000000000000000e+04 3.330673309971412532e-01
1.351000000000000000e+04 3.328514414256075193e-01
1.352000000000000000e+04 3.326234225279686707e-01
1.353000000000000000e+04 3.323841106407320889e-01
1.354000000000000000e+04 3.321344288271222411e-01
1.355000000000000000e+04 3.318753870294982589e-01
1.356000000000000000e+04 3.316080826110233137e-01
1.357000000000000000e+04 3.313336996858511907e-01
1.358000000000000000e+04 3.310535067021304068e-01
1.359000000000000000e+04 3.307688551277915279e-01
1.360000000000000000e+04 3.304811764766713567e-01
1.361000000000000000e+04 3.301919708786433816e-01
1.362000000000000000e+04 3.299027921316103340e-01
1.363000000000000000e+04 3.296152356256801808e-01
1.364000000000000000e+04 3.293309246802756385e-01
1.365000000000000000e+04 3.290514924019325438e-01
1.366000000000000000e+04 3.287785602189915446e-01
1.367000000000000000e+04 3.285137143829591766e-01
1.368000000000000000e+04 3.282584833623143350e-01
1.369000000000000000e+04 3.280143139980526978e-01
1.370000000000000000e+04 3.277825492948994168e-01
1.371000000000000000e+04 3.275644174372118744e-01
1.372000000000000000e+04 3.273610242891448197e-01
1.373000000000000000e+04 3.271733411661282842e-01
1.374000000000000000e+04 3.270021936456519729e-01
1.375000000000000000e+04 3.268482603684507160e-01
1.376000000000000000e+04 3.267120833370985022e-01
1.377000000000000000e+04 3.265940761936271253e-01
1.378000000000000000e+04 3.264945251305419460e-01
1.379000000000000000e+04 3.264135947291432194e-01
1.380000000000000000e+04 3.263513381190913387e-01
1.381000000000000000e+04 3.263077063851166359e-01
1.382000000000000000e+04 3.262825594319494482e-01
1.383000000000000000e+04 3.262756764190135605e-01
1.384000000000000000e+04 3.262867635636773067e-01
1.385000000000000000e+04 3.263154596338054270e-01
1.386000000000000000e+04 3.263613390629128141e-01
1.387000000000000000e+04 3.264239150068483086e-01
1.388000000000000000e+04 3.265026433326219113e-01
1.389000000000000000e+04 3.265969212105506170e-01
1.390000000000000000e+04 3.267060808210214828e-01
1.391000000000000000e+04 3.268293833089202516e-01
1.392000000000000000e+04 3.269660155047567351e-01
1.393000000000000000e+04 3.271150919243921984e-01
1.394000000000000000e+04 3.272756592688285115e-01
1.395000000000000000e+04 3.274466970585913073e-01
1.396000000000000000e+04 3.276271126523175314e-01
1.397000000000000000e+04 3.278157428373321136e-01
1.398000000000000000e+04 3.280113694404626079e-01
1.399000000000000000e+04 3.282127356982461053e-01
1.400000000000000000e+04 3.284185516377371439e-01
1.401000000000000000e+04 3.286275016537331117e-01
1.402000000000000000e+04 3.288382611788171483e-01
1.403000000000000000e+04 3.290495107141028219e-01
1.404000000000000000e+04 3.292599439264115024e-01
1.405000000000000000e+04 3.294682745839317417e-01
1.406000000000000000e+04 3.296732444801358519e-01
1.407000000000000000e+04 3.298736301484557210e-01
1.408000000000000000e+04 3.300682433398329785e-01
1.409000000000000000e+04 3.302559283454595818e-01
1.410000000000000000e+04 3.304355637049448680e-01
1.411000000000000000e+04 3.306060589542806349e-01
1.412000000000000000e+04 3.307663447826765801e-01
1.413000000000000000e+04 3.309153697921672355e-01
1.414000000000000000e+04 3.310521004972652448e-01
1.415000000000000000e+04 3.311755210675875749e-01
1.416000000000000000e+04 3.312846372308230203e-01
1.417000000000000000e+04 3.313784750365696419e-01
1.418000000000000000e+04 3.314560790965047632e-01
1.419000000000000000e+04 3.315165215436516877e-01
1.420000000000000000e+04 3.315589079209988466e-01
1.421000000000000000e+04 3.315823776027527758e-01
1.422000000000000000e+04 3.315861141958117431e-01
1.423000000000000000e+04 3.315693656198778205e-01
1.424000000000000000e+04 3.315314592027761020e-01
1.425000000000000000e+04 3.314718120242473587e-01
1.426000000000000000e+04 3.313899413026979990e-01
1.427000000000000000e+04 3.312854725948503054e-01
1.428000000000000000e+04 3.311581457533712691e-01
1.429000000000000000e+04 3.310078187939939354e-01
1.430000000000000000e+04 3.308344742517948522e-01
1.431000000000000000e+04 3.306382301011993596e-01
1.432000000000000000e+04 3.304193495564004546e-01
1.433000000000000000e+04 3.301782461134209479e-01
1.434000000000000000e+04 3.299154837150822805e-01
1.435000000000000000e+04 3.296317676326712687e-01
1.436000000000000000e+04 3.293279293896517745e-01
1.437000000000000000e+04 3.290049165324256952e-01
1.438000000000000000e+04 3.286637868284296160e-01
1.439000000000000000e+04 3.283057013822524572e-01
1.440000000000000000e+04 3.279319125315371397e-01
1.441000000000000000e+04 3.275437515512520936e-01
1.442000000000000000e+04 3.271426186576066875e-01
1.443000000000000000e+04 3.267299740957758658e-01
1.444000000000000000e+04 3.263073282148155063e-01
1.445000000000000000e+04 3.258762228314060483e-01
1.446000000000000000e+04 3.254382182881192520e-01
1.447000000000000000e+04 3.249948920370728800e-01
1.448000000000000000e+04 3.245478371456888556e-01
1.449000000000000000e+04 3.240986578164362641e-01
1.450000000000000000e+04 3.236489589562813185e-01
1.451000000000000000e+04 3.232003341040161626e-01
1.452000000000000000e+04 3.227543563928356174e-01
1.453000000000000000e+04 3.223125699333469485e-01
1.454000000000000000e+04 3.218764870692289448e-01
1.455000000000000000e+04 3.214475903086389530e-01
1.456000000000000000e+04 3.210273192129713959e-01
1.457000000000000000e+04 3.206170477587703127e-01
1.458000000000000000e+04 3.202180769391729798e-01
1.459000000000000000e+04 3.198316402659845403e-01
1.460000000000000000e+04 3.194589052402561635e-01
1.461000000000000000e+04 3.191009673007625946e-01
1.462000000000000000e+04 3.187588350032619644e-01
1.463000000000000000e+04 3.184334241262229970e-01
1.464000000000000000e+04 3.181255711014973064e-01
1.465000000000000000e+04 3.178360435796859229e-01
1.466000000000000000e+04 3.175655444827587548e-01
1.467000000000000000e+04 3.173147061526855328e-01
1.468000000000000000e+04 3.170840744267127143e-01
1.469000000000000000e+04 3.168741038315536773e-01
1.470000000000000000e+04 3.166851697947609678e-01
1.471000000000000000e+04 3.165175725769845960e-01
1.472000000000000000e+04 3.163715223840117274e-01
1.473000000000000000e+04 3.162471258030892240e-01
1.474000000000000000e+04 3.161443813790203450e-01
1.475000000000000000e+04 3.160631778845235385e-01
1.476000000000000000e+04 3.160032940716978045e-01
1.477000000000000000e+04 3.159644010797101332e-01
1.478000000000000000e+04 3.159460681869530885e-01
1.479000000000000000e+04 3.159477629488400829e-01
1.480000000000000000e+04 3.159688470953308514e-01
1.481000000000000000e+04 3.160085830825801745e-01
1.482000000000000000e+04 3.160661514486839963e-01
1.483000000000000000e+04 3.161406663578056886e-01
1.484000000000000000e+04 3.162311885835336622e-01
1.485000000000000000e+04 3.163367354804526022e-01
1.486000000000000000e+04 3.164562815228159631e-01
1.487000000000000000e+04 3.165887656549582485e-01
1.488000000000000000e+04 3.167331083297539873e-01
1.489000000000000000e+04 3.168882201824089195e-01
1.490000000000000000e+04 3.170530038664119976e-01
1.491000000000000000e+04 3.172263537399878097e-01
1.492000000000000000e+04 3.174071608532276212e-01
1.493000000000000000e+04 3.175943177083916935e-01
1.494000000000000000e+04 3.177867112838803632e-01
1.495000000000000000e+04 3.179832215353134428e-01
1.496000000000000000e+04 3.181827256666722725e-01
1.497000000000000000e+04 3.183840981154601457e-01
1.498000000000000000e+04 3.185862091304010879e-01
1.499000000000000000e+04 3.187879265927711092e-01
1.500000000000000000e+04 3.189881143704138000e-01
