Time	Population
0.000000000000000000e+00 3.902241983351611987e-01
1.000000000000000000e+01 3.900663853894876798e-01
2.000000000000000000e+01 3.895986123915440857e-01
3.000000000000000000e+01 3.888128693176079453e-01
4.000000000000000000e+01 3.877002082504275027e-01
5.000000000000000000e+01 3.862494472287524294e-01
6.000000000000000000e+01 3.844489301569128936e-01
7.000000000000000000e+01 3.822884601873747235e-01
8.000000000000000000e+01 3.797612046717633860e-01
9.000000000000000000e+01 3.768653971775263734e-01
1.000000000000000000e+02 3.736057048970503058e-01
1.100000000000000000e+02 3.699941818579211006e-01
1.200000000000000000e+02 3.660507812581484943e-01
1.300000000000000000e+02 3.618034445364348706e-01
1.400000000000000000e+02 3.572878154044701327e-01
1.500000000000000000e+02 3.525466442277352397e-01
1.600000000000000000e+02 3.476289516615336805e-01
1.700000000000000000e+02 3.425890107745390711e-01
1.800000000000000000e+02 3.374851987781012363e-01
1.900000000000000000e+02 3.323787490128414790e-01
2.000000000000000000e+02 3.273324310756404176e-01
2.100000000000000000e+02 3.224091708115702226e-01
2.200000000000000000e+02 3.176706274539329300e-01
2.300000000000000000e+02 3.131757459985824998e-01
2.400000000000000000e+02 3.089793136692543518e-01
2.500000000000000000e+02 3.051305550896080132e-01
2.600000000000000000e+02 3.016718182306981078e-01
2.700000000000000000e+02 2.986374014064311910e-01
2.800000000000000000e+02 2.960525825618374185e-01
2.900000000000000000e+02 2.939329033389632695e-01
3.000000000000000000e+02 2.922837580460942997e-01
3.100000000000000000e+02 2.911003219415636001e-01
3.200000000000000000e+02 2.903678343744482415e-01
3.300000000000000000e+02 2.900622312828332605e-01
3.400000000000000000e+02 2.901511028214638355e-01
3.500000000000000000e+02 2.905949320908432498e-01
3.600000000000000000e+02 2.913485500464562117e-01
3.700000000000000000e+02 2.923627334865475103e-01
3.800000000000000000e+02 2.935858623236013432e-01
3.900000000000000000e+02 2.949655580067775396e-01
4.000000000000000000e+02 2.964502262019838574e-01
4.100000000000000000e+02 2.979904355833983276e-01
4.200000000000000000e+02 2.995400843905503541e-01
4.300000000000000000e+02 3.010573192092717565e-01
4.400000000000000000e+02 3.025051901729006176e-01
4.500000000000000000e+02 3.038520384000140684e-01
4.600000000000000000e+02 3.050716360024603446e-01
4.700000000000000000e+02 3.061431040139563353e-01
4.800000000000000000e+02 3.070506471072056431e-01
4.900000000000000000e+02 3.077831408470694807e-01
5.000000000000000000e+02 3.083336226697813154e-01
5.100000000000000000e+02 3.086987157011212290e-01
5.200000000000000000e+02 3.088780218943504852e-01
5.300000000000000000e+02 3.088735403552799186e-01
5.400000000000000000e+02 3.086891104002006392e-01
5.500000000000000000e+02 3.083299046946354482e-01
5.600000000000000000e+02 3.078019842598135880e-01
5.700000000000000000e+02 3.071119209228142521e-01
5.800000000000000000e+02 3.062664874367112544e-01
5.900000000000000000e+02 3.052724094425630641e-01
6.000000000000000000e+02 3.041361742083553699e-01
6.100000000000000000e+02 3.028638893615990257e-01
6.200000000000000000e+02 3.014611833767283922e-01
6.300000000000000000e+02 2.999331389110730384e-01
6.400000000000000000e+02 2.982842538581352287e-01
6.500000000000000000e+02 2.965184240551161365e-01
6.600000000000000000e+02 2.946389450141305155e-01
6.700000000000000000e+02 2.926485353099384512e-01
6.800000000000000000e+02 2.905493748058173842e-01
6.900000000000000000e+02 2.883431622679666351e-01
7.000000000000000000e+02 2.860311985295928006e-01
7.100000000000000000e+02 2.836144914594137534e-01
7.200000000000000000e+02 2.810938845970357702e-01
7.300000000000000000e+02 2.784702135317986826e-01
7.400000000000000000e+02 2.757444822713892574e-01
7.500000000000000000e+02 2.729180504757229841e-01
7.600000000000000000e+02 2.699928329431683927e-01
7.700000000000000000e+02 2.669714976424312769e-01
7.800000000000000000e+02 2.638576509658993596e-01
7.900000000000000000e+02 2.606559991184392855e-01
8.000000000000000000e+02 2.573724743268694382e-01
8.100000000000000000e+02 2.540143205674003646e-01
8.200000000000000000e+02 2.505901277173139263e-01
8.300000000000000000e+02 2.471098134228369436e-01
8.400000000000000000e+02 2.435845517829684503e-01
8.500000000000000000e+02 2.400266572656255815e-01
8.600000000000000000e+02 2.364494247024247486e-01
8.700000000000000000e+02 2.328669291429318333e-01
8.800000000000000000e+02 2.292938056330596219e-01
8.900000000000000000e+02 2.257450206929655923e-01
9.000000000000000000e+02 2.222356388981145681e-01
9.100000000000000000e+02 2.187805923280647935e-01
9.200000000000000000e+02 2.153944690220554459e-01
9.300000000000000000e+02 2.120913193740707747e-01
9.400000000000000000e+02 2.088844889972644725e-01
9.500000000000000000e+02 2.057864775908618826e-01
9.600000000000000000e+02 2.028088301060643750e-01
9.700000000000000000e+02 1.999620520191214834e-01
9.800000000000000000e+02 1.972555515198101128e-01
9.900000000000000000e+02 1.946976056058327964e-01
1.000000000000000000e+03 1.922953430644707140e-01
1.010000000000000000e+03 1.900547443851269558e-01
1.020000000000000000e+03 1.879806473772486497e-01
1.030000000000000000e+03 1.860767658987020345e-01
1.040000000000000000e+03 1.843457095593753203e-01
1.050000000000000000e+03 1.827890049658580651e-01
1.060000000000000000e+03 1.814071094528092176e-01
1.070000000000000000e+03 1.801994277323294980e-01
1.080000000000000000e+03 1.791643260072066646e-01
1.090000000000000000e+03 1.782991400146176075e-01
1.100000000000000000e+03 1.776001828367709257e-01
1.110000000000000000e+03 1.770627556267365121e-01
1.120000000000000000e+03 1.766811637939496582e-01
1.130000000000000000e+03 1.764487308633306828e-01
1.140000000000000000e+03 1.763578251117628171e-01
1.150000000000000000e+03 1.763998992429093027e-01
1.160000000000000000e+03 1.765655472181384411e-01
1.170000000000000000e+03 1.768445780877872797e-01
1.180000000000000000e+03 1.772261079442840337e-01
1.190000000000000000e+03 1.776986707138739907e-01
1.200000000000000000e+03 1.782503454795264508e-01
1.210000000000000000e+03 1.788688977783351175e-01
1.220000000000000000e+03 1.795419311597657164e-01
1.230000000000000000e+03 1.802570428339962949e-01
1.240000000000000000e+03 1.810019790618551117e-01
1.250000000000000000e+03 1.817647868831813174e-01
1.260000000000000000e+03 1.825339525190907142e-01
1.270000000000000000e+03 1.832985230085631412e-01
1.280000000000000000e+03 1.840482111625344475e-01
1.290000000000000000e+03 1.847734759212511235e-01
1.300000000000000000e+03 1.854655787323066518e-01
1.310000000000000000e+03 1.861166166885076523e-01
1.320000000000000000e+03 1.867195338069834454e-01
1.330000000000000000e+03 1.872681134663481961e-01
1.340000000000000000e+03 1.877569558767323010e-01
1.350000000000000000e+03 1.881814450582386389e-01
1.360000000000000000e+03 1.885377072917210906e-01
1.370000000000000000e+03 1.888225641999980164e-01
1.380000000000000000e+03 1.890334869544528229e-01
1.390000000000000000e+03 1.891685534632059074e-01
1.400000000000000000e+03 1.892264069313480956e-01
1.410000000000000000e+03 1.892062160899386503e-01
1.420000000000000000e+03 1.891076415164917590e-01
1.430000000000000000e+03 1.889308063654259739e-01
1.440000000000000000e+03 1.886762667333373167e-01
1.450000000000000000e+03 1.883449787737343784e-01
1.460000000000000000e+03 1.879382653263780012e-01
1.470000000000000000e+03 1.874577819956543268e-01
1.480000000000000000e+03 1.869054801544013100e-01
1.490000000000000000e+03 1.862835659580192871e-01
1.500000000000000000e+03 1.855944561727950470e-01
1.510000000000000000e+03 1.848407340866206894e-01
1.520000000000000000e+03 1.840251071118899351e-01
1.530000000000000000e+03 1.831503675803499986e-01
1.540000000000000000e+03 1.822193578010968540e-01
1.550000000000000000e+03 1.812349428407653285e-01
1.560000000000000000e+03 1.801999921876299982e-01
1.570000000000000000e+03 1.791173716920245740e-01
1.580000000000000000e+03 1.779899469741857976e-01
1.590000000000000000e+03 1.768205969232534980e-01
1.600000000000000000e+03 1.756122371930653181e-01
1.610000000000000000e+03 1.743678522755394422e-01
1.620000000000000000e+03 1.730905327442827657e-01
1.630000000000000000e+03 1.717835154782399731e-01
1.640000000000000000e+03 1.704502237112351104e-01
1.650000000000000000e+03 1.690943030852497808e-01
1.660000000000000000e+03 1.677196507525840485e-01
1.670000000000000000e+03 1.663304353124326895e-01
1.680000000000000000e+03 1.649311055123701131e-01
1.690000000000000000e+03 1.635263862845144633e-01
1.700000000000000000e+03 1.621212622507116619e-01
1.710000000000000000e+03 1.607209489006551362e-01
1.720000000000000000e+03 1.593308517133735502e-01
1.730000000000000000e+03 1.579565155714993674e-01
1.740000000000000000e+03 1.566035669355831661e-01
1.750000000000000000e+03 1.552776512943106202e-01
1.760000000000000000e+03 1.539843665677904372e-01
1.770000000000000000e+03 1.527291963846154621e-01
1.780000000000000000e+03 1.515174456485211540e-01
1.790000000000000000e+03 1.503541791014977314e-01
1.800000000000000000e+03 1.492441641315743195e-01
1.810000000000000000e+03 1.481918182695823594e-01
1.820000000000000000e+03 1.472011619758642753e-01
1.830000000000000000e+03 1.462757776528910980e-01
1.840000000000000000e+03 1.454187743656602527e-01
1.850000000000000000e+03 1.446327573199601146e-01
1.860000000000000000e+03 1.439198022888147910e-01
1.870000000000000000e+03 1.432814355026970632e-01
1.880000000000000000e+03 1.427186184505080113e-01
1.890000000000000000e+03 1.422317367678052058e-01
1.900000000000000000e+03 1.418205936735312256e-01
1.910000000000000000e+03 1.414844090141008370e-01
1.920000000000000000e+03 1.412218242054100736e-01
1.930000000000000000e+03 1.410309131152497619e-01
1.940000000000000000e+03 1.409091991081773687e-01
1.950000000000000000e+03 1.408536784773476158e-01
1.960000000000000000e+03 1.408608501784649747e-01
1.970000000000000000e+03 1.409267517489810329e-01
1.980000000000000000e+03 1.410470009748684417e-01
1.990000000000000000e+03 1.412168429661944391e-01
2.000000000000000000e+03 1.414312020572612849e-01
2.010000000000000000e+03 1.416847375259177033e-01
2.020000000000000000e+03 1.419719026434073939e-01
2.030000000000000000e+03 1.422870056978281228e-01
2.040000000000000000e+03 1.426242723461416673e-01
2.050000000000000000e+03 1.429779075664105448e-01
2.060000000000000000e+03 1.433421554622334726e-01
2.070000000000000000e+03 1.437113575759612905e-01
2.080000000000000000e+03 1.440800066830589810e-01
2.090000000000000000e+03 1.444427942173411306e-01
2.100000000000000000e+03 1.447946517605908090e-01
2.110000000000000000e+03 1.451307863279147070e-01
2.120000000000000000e+03 1.454467085402158799e-01
2.130000000000000000e+03 1.457382543498180472e-01
2.140000000000000000e+03 1.460016005729179445e-01
2.150000000000000000e+03 1.462332743248291600e-01
2.160000000000000000e+03 1.464301567443635210e-01
2.170000000000000000e+03 1.465894816707429549e-01
2.180000000000000000e+03 1.467088306731776370e-01
2.190000000000000000e+03 1.467861253352404360e-01
2.200000000000000000e+03 1.468196174727181558e-01
2.210000000000000000e+03 1.468078776972427946e-01
2.220000000000000000e+03 1.467497830243845724e-01
2.230000000000000000e+03 1.466445045872649677e-01
2.240000000000000000e+03 1.464914959409104600e-01
2.250000000000000000e+03 1.462904819358109842e-01
2.260000000000000000e+03 1.460414485054952471e-01
2.270000000000000000e+03 1.457446336604676929e-01
2.280000000000000000e+03 1.454005199685048100e-01
2.290000000000000000e+03 1.450098283555635859e-01
2.300000000000000000e+03 1.445735126373970392e-01
2.310000000000000000e+03 1.440927543433211111e-01
2.320000000000000000e+03 1.435689577712758180e-01
2.330000000000000000e+03 1.430037452198249792e-01
2.340000000000000000e+03 1.423989519990642993e-01
2.350000000000000000e+03 1.417566206872227785e-01
2.360000000000000000e+03 1.410789941959252058e-01
2.370000000000000000e+03 1.403685075445934571e-01
2.380000000000000000e+03 1.396277783888845436e-01
2.390000000000000000e+03 1.388595962258706573e-01
2.400000000000000000e+03 1.380669104523075674e-01
2.410000000000000000e+03 1.372528176034783776e-01
2.420000000000000000e+03 1.364205475141744561e-01
2.430000000000000000e+03 1.355734485009217061e-01
2.440000000000000000e+03 1.347149722237487024e-01
2.450000000000000000e+03 1.338486582992933216e-01
2.460000000000000000e+03 1.329781182283602814e-01
2.470000000000000000e+03 1.321070186270019708e-01
2.480000000000000000e+03 1.312390642063858970e-01
2.490000000000000000e+03 1.303779805836294825e-01
2.500000000000000000e+03 1.295274968610829747e-01
2.510000000000000000e+03 1.286913278695129836e-01
2.520000000000000000e+03 1.278731560192292727e-01
2.530000000000000000e+03 1.270766127074740293e-01
2.540000000000000000e+03 1.263052591376132017e-01
2.550000000000000000e+03 1.255625665548142089e-01
2.560000000000000000e+03 1.248518957379046446e-01
2.570000000000000000e+03 1.241764757254215507e-01
2.580000000000000000e+03 1.235393830405836363e-01
2.590000000000000000e+03 1.229435218154595194e-01
2.600000000000000000e+03 1.223916041136120930e-01
2.610000000000000000e+03 1.218861307603522348e-01
2.620000000000000000e+03 1.214293734483761350e-01
2.630000000000000000e+03 1.210233583910653166e-01
2.640000000000000000e+03 1.206698515758929391e-01
2.650000000000000000e+03 1.203703462725228407e-01
2.660000000000000000e+03 1.201260533136039726e-01
2.670000000000000000e+03 1.199378941026661982e-01
2.680000000000000000e+03 1.198064962104132269e-01
2.690000000000000000e+03 1.197321915860847658e-01
2.700000000000000000e+03 1.197150171914085071e-01
2.710000000000000000e+03 1.197547178112689792e-01
2.720000000000000000e+03 1.198507510418063554e-01
2.730000000000000000e+03 1.200022945524755469e-01
2.740000000000000000e+03 1.202082555532273112e-01
2.750000000000000000e+03 1.204672822802016208e-01
2.760000000000000000e+03 1.207777773293633727e-01
2.770000000000000000e+03 1.211379127052231164e-01
2.780000000000000000e+03 1.215456464916787049e-01
2.790000000000000000e+03 1.219987410362611685e-01
2.800000000000000000e+03 1.224947823860556284e-01
2.810000000000000000e+03 1.230312007241456673e-01
2.820000000000000000e+03 1.236052916599346962e-01
2.830000000000000000e+03 1.242142379516505690e-01
2.840000000000000000e+03 1.248551310838746375e-01
2.850000000000000000e+03 1.255249923349937846e-01
2.860000000000000000e+03 1.262207933482267508e-01
2.870000000000000000e+03 1.269394760624243668e-01
2.880000000000000000e+03 1.276779715797630721e-01
2.890000000000000000e+03 1.284332177528831609e-01
2.900000000000000000e+03 1.292021750804361047e-01
2.910000000000000000e+03 1.299818404342258649e-01
2.920000000000000000e+03 1.307692582036716344e-01
2.930000000000000000e+03 1.315615289918133923e-01
2.940000000000000000e+03 1.323558162787752956e-01
2.950000000000000000e+03 1.331493508911937851e-01
2.960000000000000000e+03 1.339394332184257186e-01
2.970000000000000000e+03 1.347234331793741025e-01
2.980000000000000000e+03 1.354987880967933322e-01
2.990000000000000000e+03 1.362629989448416734e-01
3.000000000000000000e+03 1.370136255539377568e-01
3.010000000000000000e+03 1.377482813011253471e-01
3.020000000000000000e+03 1.384646277971902928e-01
3.030000000000000000e+03 1.391603701263430526e-01
3.040000000000000000e+03 1.398332532617156676e-01
3.050000000000000000e+03 1.404810602269708497e-01
3.060000000000000000e+03 1.411016125126861309e-01
3.070000000000000000e+03 1.416927730751258996e-01
3.080000000000000000e+03 1.422524520990246510e-01
3.090000000000000000e+03 1.427786157245978793e-01
3.100000000000000000e+03 1.432692977925308919e-01
3.110000000000000000e+03 1.437226143948955592e-01
3.120000000000000000e+03 1.441367808762956670e-01
3.130000000000000000e+03 1.445101308844586596e-01
3.140000000000000000e+03 1.448411370187591973e-01
3.150000000000000000e+03 1.451284326627359234e-01
3.160000000000000000e+03 1.453708344713934286e-01
3.170000000000000000e+03 1.455673647676272997e-01
3.180000000000000000e+03 1.457172731880463645e-01
3.190000000000000000e+03 1.458200571178533411e-01
3.200000000000000000e+03 1.458754804452936371e-01
3.210000000000000000e+03 1.458835901457604944e-01
3.220000000000000000e+03 1.458447303468855816e-01
3.230000000000000000e+03 1.457595536296580341e-01
3.240000000000000000e+03 1.456290291537531978e-01
3.250000000000000000e+03 1.454544470849206406e-01
3.260000000000000000e+03 1.452374190446167335e-01
3.270000000000000000e+03 1.449798745041830927e-01
3.280000000000000000e+03 1.446840530901137289e-01
3.290000000000000000e+03 1.443524926865787372e-01
3.300000000000000000e+03 1.439880130548758519e-01
3.310000000000000000e+03 1.435936948277569680e-01
3.320000000000000000e+03 1.431728540300916952e-01
3.330000000000000000e+03 1.427290123308166958e-01
3.340000000000000000e+03 1.422658631862619150e-01
3.350000000000000000e+03 1.417872341736181874e-01
3.360000000000000000e+03 1.412970460206758594e-01
3.370000000000000000e+03 1.407992689965106292e-01
3.380000000000000000e+03 1.402978775370490316e-01
3.390000000000000000e+03 1.397968040827081981e-01
3.400000000000000000e+03 1.392998929871740454e-01
3.410000000000000000e+03 1.388108554211730516e-01
3.420000000000000000e+03 1.383332265571335651e-01
3.430000000000000000e+03 1.378703263426233616e-01
3.440000000000000000e+03 1.374252249905784373e-01
3.450000000000000000e+03 1.370007142334122019e-01
3.460000000000000000e+03 1.365992850613533260e-01
3.470000000000000000e+03 1.362231122218844070e-01
3.480000000000000000e+03 1.358740455489908794e-01
3.490000000000000000e+03 1.355536080369726670e-01
3.500000000000000000e+03 1.352630002943865373e-01
3.510000000000000000e+03 1.350031107437134614e-01
3.520000000000000000e+03 1.347745307915927393e-01
3.530000000000000000e+03 1.345775741879760012e-01
3.540000000000000000e+03 1.344122997859428237e-01
3.550000000000000000e+03 1.342785368301513405e-01
3.560000000000000000e+03 1.341759119518057264e-01
3.570000000000000000e+03 1.341038771778200467e-01
3.580000000000000000e+03 1.340617383661306949e-01
3.590000000000000000e+03 1.340486835601165938e-01
3.600000000000000000e+03 1.340638107434602988e-01
3.610000000000000000e+03 1.341061545002985023e-01
3.620000000000000000e+03 1.341747111636166778e-01
3.630000000000000000e+03 1.342684619947560054e-01
3.640000000000000000e+03 1.343863939509711836e-01
3.650000000000000000e+03 1.345275177018314394e-01
3.660000000000000000e+03 1.346908825877267679e-01
3.670000000000000000e+03 1.348755882654332494e-01
3.680000000000000000e+03 1.350807928559742133e-01
3.690000000000000000e+03 1.353057174496021253e-01
3.700000000000000000e+03 1.355496468933415632e-01
3.710000000000000000e+03 1.358119269137784968e-01
3.720000000000000000e+03 1.360919578052476597e-01
3.730000000000000000e+03 1.363891849579965954e-01
3.740000000000000000e+03 1.367030865020323893e-01
3.750000000000000000e+03 1.370331584619242371e-01
3.760000000000000000e+03 1.373788978810349393e-01
3.770000000000000000e+03 1.377397843759504970e-01
3.780000000000000000e+03 1.381152606282642636e-01
3.790000000000000000e+03 1.385047124219715708e-01
3.800000000000000000e+03 1.389074489201565510e-01
3.810000000000000000e+03 1.393226838624870290e-01
3.820000000000000000e+03 1.397495183729735857e-01
3.830000000000000000e+03 1.401869261437813652e-01
3.840000000000000000e+03 1.406337417790639588e-01
3.850000000000000000e+03 1.410886529911824228e-01
3.860000000000000000e+03 1.415501971848371066e-01
3.870000000000000000e+03 1.420167628015146788e-01
3.880000000000000000e+03 1.424865957017460161e-01
3.890000000000000000e+03 1.429578106589349806e-01
3.900000000000000000e+03 1.434284077514413891e-01
3.910000000000000000e+03 1.438962932585640675e-01
3.920000000000000000e+03 1.443593044886008481e-01
3.930000000000000000e+03 1.448152377407303237e-01
3.940000000000000000e+03 1.452618783678259196e-01
3.950000000000000000e+03 1.456970318506509154e-01
3.960000000000000000e+03 1.461185548659432454e-01
3.970000000000000000e+03 1.465243853298912047e-01
3.980000000000000000e+03 1.469125704640807939e-01
3.990000000000000000e+03 1.472812921215340687e-01
4.000000000000000000e+03 1.476288887786498805e-01
4.010000000000000000e+03 1.479538737383081226e-01
4.020000000000000000e+03 1.482549492245080480e-01
4.030000000000000000e+03 1.485310162215672525e-01
4.040000000000000000e+03 1.487811800999009892e-01
4.050000000000000000e+03 1.490047521581865375e-01
4.060000000000000000e+03 1.492012472533820189e-01
4.070000000000000000e+03 1.493703777585362880e-01
4.080000000000000000e+03 1.495120441498285213e-01
4.090000000000000000e+03 1.496263225250447082e-01
4.100000000000000000e+03 1.497134493613687667e-01
4.110000000000000000e+03 1.497738040022782990e-01
4.120000000000000000e+03 1.498078894655914817e-01
4.130000000000000000e+03 1.498163120530794645e-01
4.140000000000000000e+03 1.497997602158638031e-01
4.150000000000000000e+03 1.497589831648356573e-01
4.160000000000000000e+03 1.496947697341937111e-01
4.170000000000000000e+03 1.496079280128665978e-01
4.180000000000000000e+03 1.494992662097028302e-01
4.190000000000000000e+03 1.493695751452573661e-01
4.200000000000000000e+03 1.492196127804770733e-01
4.210000000000000000e+03 1.490500912344435713e-01
4.220000000000000000e+03 1.488616666688657997e-01
4.230000000000000000e+03 1.486549322863719436e-01
4.240000000000000000e+03 1.484304145414993004e-01
4.250000000000000000e+03 1.481885725105650253e-01
4.260000000000000000e+03 1.479298002189486927e-01
4.270000000000000000e+03 1.476544316261950707e-01
4.280000000000000000e+03 1.473627479052762868e-01
4.290000000000000000e+03 1.470549865873098105e-01
4.300000000000000000e+03 1.467313521116324071e-01
4.310000000000000000e+03 1.463920273357727231e-01
4.320000000000000000e+03 1.460371855968913557e-01
4.330000000000000000e+03 1.456670029655783571e-01
4.340000000000000000e+03 1.452816703663802334e-01
4.350000000000000000e+03 1.448814051889318888e-01
4.360000000000000000e+03 1.444664619721245380e-01
4.370000000000000000e+03 1.440371418305667339e-01
4.380000000000000000e+03 1.435938004087552178e-01
4.390000000000000000e+03 1.431368541880917444e-01
4.400000000000000000e+03 1.426667849632815011e-01
4.410000000000000000e+03 1.421841423466816412e-01
4.420000000000000000e+03 1.416895442425699647e-01
4.430000000000000000e+03 1.411836753544155609e-01
4.440000000000000000e+03 1.406672839368722505e-01
4.450000000000000000e+03 1.401411770861767658e-01
4.460000000000000000e+03 1.396062148425177563e-01
4.470000000000000000e+03 1.390633033572114818e-01
4.480000000000000000e+03 1.385133873905722846e-01
4.490000000000000000e+03 1.379574423515398107e-01
4.500000000000000000e+03 1.373964660998171772e-01
4.510000000000000000e+03 1.368314708742393582e-01
4.520000000000000000e+03 1.362634757203087521e-01
4.530000000000000000e+03 1.356934996911344227e-01
4.540000000000000000e+03 1.351225560185023988e-01
4.550000000000000000e+03 1.345516474069055890e-01
4.560000000000000000e+03 1.339817626001615358e-01
4.570000000000000000e+03 1.334138743572712837e-01
4.580000000000000000e+03 1.328489388627331902e-01
4.590000000000000000e+03 1.322878964936288482e-01
4.600000000000000000e+03 1.317316738700521628e-01
4.610000000000000000e+03 1.311811869793242102e-01
4.620000000000000000e+03 1.306373449305934242e-01
4.630000000000000000e+03 1.301010538866690935e-01
4.640000000000000000e+03 1.295732208055467294e-01
4.650000000000000000e+03 1.290547566014163539e-01
4.660000000000000000e+03 1.285465783516896165e-01
4.670000000000000000e+03 1.280496103971069388e-01
4.680000000000000000e+03 1.275647844697009037e-01
4.690000000000000000e+03 1.270930391435879936e-01
4.700000000000000000e+03 1.266353189156212700e-01
4.710000000000000000e+03 1.261925732340555273e-01
4.720000000000000000e+03 1.257657557738997289e-01
4.730000000000000000e+03 1.253558241443694654e-01
4.740000000000000000e+03 1.249637401092219824e-01
4.750000000000000000e+03 1.245904703162721561e-01
4.760000000000000000e+03 1.242369873852631756e-01
4.770000000000000000e+03 1.239042710236825245e-01
4.780000000000000000e+03 1.235933087668041747e-01
4.790000000000000000e+03 1.233050959920681117e-01
4.800000000000000000e+03 1.230406348797957600e-01
4.810000000000000000e+03 1.228009319975070790e-01
4.820000000000000000e+03 1.225869943358256220e-01
4.830000000000000000e+03 1.223998238600632754e-01
4.840000000000000000e+03 1.222404107924999067e-01
4.850000000000000000e+03 1.221097259233046295e-01
4.860000000000000000e+03 1.220087123738567286e-01
4.870000000000000000e+03 1.219382773385122437e-01
4.880000000000000000e+03 1.218992842873038440e-01
4.890000000000000000e+03 1.218925459609304512e-01
4.900000000000000000e+03 1.219188183627796518e-01
4.910000000000000000e+03 1.219787958741657408e-01
4.920000000000000000e+03 1.220731075298818469e-01
4.930000000000000000e+03 1.222023143597961853e-01
4.940000000000000000e+03 1.223669075514442484e-01
4.950000000000000000e+03 1.225673071229204103e-01
4.960000000000000000e+03 1.228038608222102729e-01
4.970000000000000000e+03 1.230768429806122360e-01
4.980000000000000000e+03 1.233864530835855761e-01
4.990000000000000000e+03 1.237328139233012658e-01
5.000000000000000000e+03 1.241159693147581011e-01
5.010000000000000000e+03 1.245358814694768751e-01
5.020000000000000000e+03 1.249924281564560452e-01
5.030000000000000000e+03 1.254853997347282479e-01
5.040000000000000000e+03 1.260144961258692353e-01
5.050000000000000000e+03 1.265793238160348166e-01
5.060000000000000000e+03 1.271793929849503735e-01
5.070000000000000000e+03 1.278141148156354268e-01
5.080000000000000000e+03 1.284827989364341061e-01
5.090000000000000000e+03 1.291846508880210298e-01
5.100000000000000000e+03 1.299187695009793309e-01
5.110000000000000000e+03 1.306841440673352228e-01
5.120000000000000000e+03 1.314796512097150538e-01
5.130000000000000000e+03 1.323040513547331654e-01
5.140000000000000000e+03 1.331559847315552658e-01
5.150000000000000000e+03 1.340339669093522923e-01
5.160000000000000000e+03 1.349363839856372593e-01
5.170000000000000000e+03 1.358614875916291098e-01
5.180000000000000000e+03 1.368073899540914184e-01
5.190000000000000000e+03 1.377720593760230205e-01
5.200000000000000000e+03 1.387533166356375580e-01
5.210000000000000000e+03 1.397488328986334905e-01
5.220000000000000000e+03 1.407561297532364253e-01
5.230000000000000000e+03 1.417725818802128279e-01
5.240000000000000000e+03 1.427954227351374561e-01
5.250000000000000000e+03 1.438217534758018668e-01
5.260000000000000000e+03 1.448485551968378138e-01
5.270000000000000000e+03 1.458727043974272497e-01
5.280000000000000000e+03 1.468909914879702183e-01
5.290000000000000000e+03 1.479001420046457405e-01
5.300000000000000000e+03 1.488968400859906061e-01
5.310000000000000000e+03 1.498777536389510889e-01
5.320000000000000000e+03 1.508395605421200547e-01
5.330000000000000000e+03 1.517789752846044893e-01
5.340000000000000000e+03 1.526927754737462672e-01
5.350000000000000000e+03 1.535778276387403385e-01
5.360000000000000000e+03 1.544311118813851136e-01
5.370000000000000000e+03 1.552497450719706462e-01
5.380000000000000000e+03 1.560310023371835886e-01
5.390000000000000000e+03 1.567723367001566948e-01
5.400000000000000000e+03 1.574713968801962627e-01
5.410000000000000000e+03 1.581260432543417915e-01
5.420000000000000000e+03 1.587343619467795341e-01
5.430000000000000000e+03 1.592946770218996166e-01
5.440000000000000000e+03 1.598055607511190690e-01
5.450000000000000000e+03 1.602658419872800832e-01
5.460000000000000000e+03 1.606746127725451612e-01
5.470000000000000000e+03 1.610312333246213257e-01
5.480000000000000000e+03 1.613353354538480666e-01
5.490000000000000000e+03 1.615868243421705597e-01
5.500000000000000000e+03 1.617858785120274701e-01
5.510000000000000000e+03 1.619329477925932348e-01
5.520000000000000000e+03 1.620287492125768725e-01
5.530000000000000000e+03 1.620742608786031047e-01
5.540000000000000000e+03 1.620707139271680697e-01
5.550000000000000000e+03 1.620195825458381478e-01
5.560000000000000000e+03 1.619225720450495065e-01
5.570000000000000000e+03 1.617816050070325085e-01
5.580000000000000000e+03 1.615988055878572194e-01
5.590000000000000000e+03 1.613764821859323961e-01
5.600000000000000000e+03 1.611171087313033323e-01
5.610000000000000000e+03 1.608233047745972200e-01
5.620000000000000000e+03 1.604978145779829835e-01
5.630000000000000000e+03 1.601434855368120691e-01
5.640000000000000000e+03 1.597632462705561307e-01
5.650000000000000000e+03 1.593600846835597218e-01
5.660000000000000000e+03 1.589370263153129514e-01
5.670000000000000000e+03 1.584971133185565928e-01
5.680000000000000000e+03 1.580433843987878728e-01
5.690000000000000000e+03 1.575788560095036928e-01
5.700000000000000000e+03 1.571065050182147704e-01
5.710000000000000000e+03 1.566292529419689716e-01
5.720000000000000000e+03 1.561499517236542289e-01
5.730000000000000000e+03 1.556713708998334056e-01
5.740000000000000000e+03 1.551961859201551330e-01
5.750000000000000000e+03 1.547269673916157329e-01
5.760000000000000000e+03 1.542661710843280798e-01
5.770000000000000000e+03 1.538161286186088550e-01
5.780000000000000000e+03 1.533790388520272496e-01
5.790000000000000000e+03 1.529569600455422396e-01
5.800000000000000000e+03 1.525518028965743567e-01
5.810000000000000000e+03 1.521653245098854301e-01
5.820000000000000000e+03 1.517991233723538502e-01
5.830000000000000000e+03 1.514546353926061184e-01
5.840000000000000000e+03 1.511331310462601107e-01
5.850000000000000000e+03 1.508357136355170103e-01
5.860000000000000000e+03 1.505633185612585967e-01
5.870000000000000000e+03 1.503167133903654806e-01
5.880000000000000000e+03 1.500964985235829496e-01
5.890000000000000000e+03 1.499031082883374444e-01
5.900000000000000000e+03 1.497368123216965830e-01
5.910000000000000000e+03 1.495977172817420098e-01
5.920000000000000000e+03 1.494857689308554949e-01
5.930000000000000000e+03 1.494007546742977255e-01
5.940000000000000000e+03 1.493423067549749794e-01
5.950000000000000000e+03 1.493099063565578311e-01
5.960000000000000000e+03 1.493028888473009186e-01
5.970000000000000000e+03 1.493204504552394229e-01
5.980000000000000000e+03 1.493616566162657144e-01
5.990000000000000000e+03 1.494254520470233161e-01
6.000000000000000000e+03 1.495106724716551150e-01
6.010000000000000000e+03 1.496160578457953194e-01
6.020000000000000000e+03 1.497402668392999181e-01
6.030000000000000000e+03 1.498818922327955494e-01
6.040000000000000000e+03 1.500394768769862386e-01
6.050000000000000000e+03 1.502115299098248646e-01
6.060000000000000000e+03 1.503965428932662052e-01
6.070000000000000000e+03 1.505930055046774407e-01
6.080000000000000000e+03 1.507994204194067211e-01
6.090000000000000000e+03 1.510143170230248411e-01
6.100000000000000000e+03 1.512362636144754247e-01
6.110000000000000000e+03 1.514638778014308074e-01
6.120000000000000000e+03 1.516958347931377515e-01
6.130000000000000000e+03 1.519308732948426999e-01
6.140000000000000000e+03 1.521677987930182274e-01
6.150000000000000000e+03 1.524054841594635334e-01
6.160000000000000000e+03 1.526428676311314681e-01
6.170000000000000000e+03 1.528789483348126088e-01
6.180000000000000000e+03 1.531127796279531383e-01
6.190000000000000000e+03 1.533434606358999863e-01
6.200000000000000000e+03 1.535701264706930691e-01
6.210000000000000000e+03 1.537919377036024438e-01
6.220000000000000000e+03 1.540080697293750855e-01
6.230000000000000000e+03 1.542177026907633752e-01
6.240000000000000000e+03 1.544200126175223065e-01
6.250000000000000000e+03 1.546141643623090423e-01
6.260000000000000000e+03 1.547993067796657463e-01
6.270000000000000000e+03 1.549745704269158142e-01
6.280000000000000000e+03 1.551390678996832639e-01
6.290000000000000000e+03 1.552918967662963168e-01
6.300000000000000000e+03 1.554321449363370300e-01
6.310000000000000000e+03 1.555588981583154728e-01
6.320000000000000000e+03 1.556712492155237215e-01
6.330000000000000000e+03 1.557683083175173122e-01
6.340000000000000000e+03 1.558492141762312932e-01
6.350000000000000000e+03 1.559131452846681254e-01
6.360000000000000000e+03 1.559593309435624020e-01
6.370000000000000000e+03 1.559870616084721717e-01
6.380000000000000000e+03 1.559956982169732886e-01
6.390000000000000000e+03 1.559846802952643829e-01
6.400000000000000000e+03 1.559535327910669678e-01
6.410000000000000000e+03 1.559018717056472325e-01
6.420000000000000000e+03 1.558294086902996256e-01
6.430000000000000000e+03 1.557359548336829658e-01
6.440000000000000000e+03 1.556214239017649215e-01
6.450000000000000000e+03 1.554858352811669953e-01
6.460000000000000000e+03 1.553293168265706958e-01
6.470000000000000000e+03 1.551521077542010185e-01
6.480000000000000000e+03 1.549545616626680777e-01
6.490000000000000000e+03 1.547371496893578668e-01
6.500000000000000000e+03 1.545004637327918318e-01
6.510000000000000000e+03 1.542452195831411632e-01
6.520000000000000000e+03 1.539722596801002541e-01
6.530000000000000000e+03 1.536825551553823443e-01
6.540000000000000000e+03 1.533772068106319386e-01
6.550000000000000000e+03 1.530574446675089240e-01
6.560000000000000000e+03 1.527246257649044481e-01
6.570000000000000000e+03 1.523802299349602818e-01
6.580000000000000000e+03 1.520258533002752654e-01
6.590000000000000000e+03 1.516631993414877533e-01
6.600000000000000000e+03 1.512940675684880942e-01
6.610000000000000000e+03 1.509203399583914085e-01
6.620000000000000000e+03 1.505439654022308893e-01
6.630000000000000000e+03 1.501669424905804351e-01
6.640000000000000000e+03 1.497913010636930387e-01
6.650000000000000000e+03 1.494190830086422617e-01
6.660000000000000000e+03 1.490523227952348373e-01
6.670000000000000000e+03 1.486930282276693049e-01
6.680000000000000000e+03 1.483431618562849885e-01
6.690000000000000000e+03 1.480046234240908198e-01
6.700000000000000000e+03 1.476792336127036309e-01
6.710000000000000000e+03 1.473687192848815997e-01
6.720000000000000000e+03 1.470747003879191994e-01
6.730000000000000000e+03 1.467986786401085653e-01
6.740000000000000000e+03 1.465420280882487603e-01
6.750000000000000000e+03 1.463059875732374560e-01
6.760000000000000000e+03 1.460916550946940451e-01
6.770000000000000000e+03 1.458999840544981663e-01
6.780000000000000000e+03 1.457317813387810357e-01
6.790000000000000000e+03 1.455877071880343765e-01
6.800000000000000000e+03 1.454682767912187091e-01
6.810000000000000000e+03 1.453738634983381683e-01
6.820000000000000000e+03 1.453047034715354291e-01
6.830000000000000000e+03 1.452609015017047034e-01
6.840000000000000000e+03 1.452424376623605573e-01
6.850000000000000000e+03 1.452491744810821550e-01
6.860000000000000000e+03 1.452808643102031505e-01
6.870000000000000000e+03 1.453371565721565950e-01
6.880000000000000000e+03 1.454176045806534756e-01
6.890000000000000000e+03 1.455216717242503732e-01
6.900000000000000000e+03 1.456487369575217294e-01
6.910000000000000000e+03 1.457980997201266671e-01
6.920000000000000000e+03 1.459689843157475908e-01
6.930000000000000000e+03 1.461605440341104123e-01
6.940000000000000000e+03 1.463718654673255848e-01
6.950000000000000000e+03 1.466019731784051483e-01
6.960000000000000000e+03 1.468498349411271886e-01
6.970000000000000000e+03 1.471143676909551778e-01
6.980000000000000000e+03 1.473944442021730139e-01
6.990000000000000000e+03 1.476889003634229147e-01
7.000000000000000000e+03 1.479965427952321666e-01
7.010000000000000000e+03 1.483161564211651628e-01
7.020000000000000000e+03 1.486465114965568601e-01
7.030000000000000000e+03 1.489863696043510488e-01
7.040000000000000000e+03 1.493344882643309612e-01
7.050000000000000000e+03 1.496896239319991107e-01
7.060000000000000000e+03 1.500505332370619949e-01
7.070000000000000000e+03 1.504159724864680969e-01
7.080000000000000000e+03 1.507846956209464850e-01
7.090000000000000000e+03 1.511554509175289385e-01
7.100000000000000000e+03 1.515269768746788370e-01
7.110000000000000000e+03 1.518979978887348148e-01
7.120000000000000000e+03 1.522672203636056820e-01
7.130000000000000000e+03 1.526333298304713704e-01
7.140000000000000000e+03 1.529949896504101958e-01
7.150000000000000000e+03 1.533508418002407225e-01
7.160000000000000000e+03 1.536995100381079726e-01
7.170000000000000000e+03 1.540396055756060312e-01
7.180000000000000000e+03 1.543697353509202730e-01
7.190000000000000000e+03 1.546885127851130581e-01
7.200000000000000000e+03 1.549945707569417575e-01
7.210000000000000000e+03 1.552865766590771357e-01
7.220000000000000000e+03 1.555632493040329245e-01
7.230000000000000000e+03 1.558233772660156946e-01
7.240000000000000000e+03 1.560658380750500895e-01
7.250000000000000000e+03 1.562896175828900613e-01
7.260000000000000000e+03 1.564938288064595950e-01
7.270000000000000000e+03 1.566777294877486348e-01
7.280000000000000000e+03 1.568407375602691167e-01
7.290000000000000000e+03 1.569824437738620571e-01
7.300000000000000000e+03 1.571026208419002979e-01
7.310000000000000000e+03 1.572012285983724611e-01
7.320000000000000000e+03 1.572784148104349744e-01
7.330000000000000000e+03 1.573345114964221914e-01
7.340000000000000000e+03 1.573700268167970706e-01
7.350000000000000000e+03 1.573856328236643010e-01
7.360000000000000000e+03 1.573821495468868958e-01
7.370000000000000000e+03 1.573605260380831761e-01
7.380000000000000000e+03 1.573218190961249430e-01
7.390000000000000000e+03 1.572671704586760255e-01
7.400000000000000000e+03 1.571977832414827858e-01
7.410000000000000000e+03 1.571148983530004928e-01
7.420000000000000000e+03 1.570197715529328686e-01
7.430000000000000000e+03 1.569136517646847195e-01
7.440000000000000000e+03 1.567977611767242541e-01
7.450000000000000000e+03 1.566732775293955271e-01
7.460000000000000000e+03 1.565413188369130237e-01
7.470000000000000000e+03 1.564029307127371704e-01
7.480000000000000000e+03 1.562590764395130616e-01
7.490000000000000000e+03 1.561106298902610046e-01
7.500000000000000000e+03 1.559583713593895027e-01
7.510000000000000000e+03 1.558029863227319012e-01
7.520000000000000000e+03 1.556450670969817263e-01
7.530000000000000000e+03 1.554851173353732907e-01
7.540000000000000000e+03 1.553235592712498281e-01
7.550000000000000000e+03 1.551607435847807137e-01
7.560000000000000000e+03 1.549969616782264359e-01
7.570000000000000000e+03 1.548324600226639036e-01
7.580000000000000000e+03 1.546674561313941820e-01
7.590000000000000000e+03 1.545021556069069435e-01
7.600000000000000000e+03 1.543367695893726466e-01
7.610000000000000000e+03 1.541715318232656784e-01
7.620000000000000000e+03 1.540067145000401649e-01
7.630000000000000000e+03 1.538426420335237688e-01
7.640000000000000000e+03 1.536797019882666926e-01
7.650000000000000000e+03 1.535183525036400154e-01
7.660000000000000000e+03 1.533591257127414342e-01
7.670000000000000000e+03 1.532026268576855976e-01
7.680000000000000000e+03 1.530495290823978838e-01
7.690000000000000000e+03 1.529005642075352278e-01
7.700000000000000000e+03 1.527565100200536374e-01
7.710000000000000000e+03 1.526181747461644866e-01
7.720000000000000000e+03 1.524863794939131656e-01
7.730000000000000000e+03 1.523619395416293543e-01
7.740000000000000000e+03 1.522456453680454957e-01
7.750000000000000000e+03 1.521382442622474518e-01
7.760000000000000000e+03 1.520404232495779773e-01
7.770000000000000000e+03 1.519527939086864343e-01
7.780000000000000000e+03 1.518758794987670191e-01
7.790000000000000000e+03 1.518101046799941178e-01
7.800000000000000000e+03 1.517557879207785398e-01
7.810000000000000000e+03 1.517131365178069624e-01
7.820000000000000000e+03 1.516822440871823385e-01
7.830000000000000000e+03 1.516630903534132158e-01
7.840000000000000000e+03 1.516555430671042148e-01
7.850000000000000000e+03 1.516593619209178068e-01
7.860000000000000000e+03 1.516742043554049346e-01
7.870000000000000000e+03 1.516996330451665653e-01
7.880000000000000000e+03 1.517351248188709700e-01
7.890000000000000000e+03 1.517800809039503152e-01
7.900000000000000000e+03 1.518338384378550843e-01
7.910000000000000000e+03 1.518956830557641746e-01
7.920000000000000000e+03 1.519648622469875199e-01
7.930000000000000000e+03 1.520405991712249494e-01
7.940000000000000000e+03 1.521221065962241326e-01
7.950000000000000000e+03 1.522086005652286966e-01
7.960000000000000000e+03 1.522993134284569283e-01
7.970000000000000000e+03 1.523935059359593225e-01
7.980000000000000000e+03 1.524904781467796011e-01
7.990000000000000000e+03 1.525895789698208105e-01
8.000000000000000000e+03 1.526902141906052723e-01
8.010000000000000000e+03 1.527918528786314234e-01
8.020000000000000000e+03 1.528940321550339709e-01
8.030000000000000000e+03 1.529963604037635205e-01
8.040000000000000000e+03 1.530985190427857079e-01
8.050000000000000000e+03 1.532002628923030407e-01
8.060000000000000000e+03 1.533014190649278907e-01
8.070000000000000000e+03 1.534018842926409276e-01
8.080000000000000000e+03 1.535016206438137298e-01
8.090000000000000000e+03 1.536006496265793497e-01
8.100000000000000000e+03 1.536990447275984328e-01
8.110000000000000000e+03 1.537969224724675676e-01
8.120000000000000000e+03 1.538944321904774371e-01
8.130000000000000000e+03 1.539917448138090617e-01
8.140000000000000000e+03 1.540890411534812654e-01
8.150000000000000000e+03 1.541865001215562692e-01
8.160000000000000000e+03 1.542842873300384332e-01
8.170000000000000000e+03 1.543825444327106555e-01
8.180000000000000000e+03 1.544813795148068936e-01
8.190000000000000000e+03 1.545808588032326902e-01
8.200000000000000000e+03 1.546809999323382756e-01
8.210000000000000000e+03 1.547817668862228324e-01
8.220000000000000000e+03 1.548830666316317606e-01
8.230000000000000000e+03 1.549847474028763494e-01
8.240000000000000000e+03 1.550865985992318230e-01
8.250000000000000000e+03 1.551883522721166087e-01
8.260000000000000000e+03 1.552896862135866030e-01
8.270000000000000000e+03 1.553902286920305631e-01
8.280000000000000000e+03 1.554895648491727567e-01
8.290000000000000000e+03 1.555872446928387720e-01
8.300000000000000000e+03 1.556827925383178768e-01
8.310000000000000000e+03 1.557757176925492204e-01
8.320000000000000000e+03 1.558655261034783690e-01
8.330000000000000000e+03 1.559517325935339260e-01
8.340000000000000000e+03 1.560338731911269927e-01
8.350000000000000000e+03 1.561115170362175619e-01
8.360000000000000000e+03 1.561842773237493986e-01
8.370000000000000000e+03 1.562518207416435378e-01
8.380000000000000000e+03 1.563138749009011508e-01
8.390000000000000000e+03 1.563702333241914488e-01
8.400000000000000000e+03 1.564207576577313352e-01
8.410000000000000000e+03 1.564653769100320668e-01
8.420000000000000000e+03 1.565040836911014699e-01
8.430000000000000000e+03 1.565369276010308841e-01
8.440000000000000000e+03 1.565640060998940708e-01
8.450000000000000000e+03 1.565854533194684095e-01
8.460000000000000000e+03 1.566014273524299893e-01
8.470000000000000000e+03 1.566120966194544661e-01
8.480000000000000000e+03 1.566176259568978213e-01
8.490000000000000000e+03 1.566181630321651641e-01
8.500000000000000000e+03 1.566138255955124015e-01
8.510000000000000000e+03 1.566046899822245431e-01
8.520000000000000000e+03 1.565907812045927994e-01
8.530000000000000000e+03 1.565720648732888687e-01
8.540000000000000000e+03 1.565484410554946193e-01
8.550000000000000000e+03 1.565197401151685597e-01
8.560000000000000000e+03 1.564857205963648135e-01
8.570000000000000000e+03 1.564460691914754120e-01
8.580000000000000000e+03 1.564004028280236991e-01
8.590000000000000000e+03 1.563482729383512126e-01
8.600000000000000000e+03 1.562891719748079056e-01
8.610000000000000000e+03 1.562225422129937535e-01
8.620000000000000000e+03 1.561477868755805631e-01
8.630000000000000000e+03 1.560642835361825687e-01
8.640000000000000000e+03 1.559713996130687175e-01
8.650000000000000000e+03 1.558685096635058220e-01
8.660000000000000000e+03 1.557550140765579794e-01
8.670000000000000000e+03 1.556303585833147263e-01
8.680000000000000000e+03 1.554940538831062202e-01
8.690000000000000000e+03 1.553456946503400660e-01
8.700000000000000000e+03 1.551849771737794925e-01
8.710000000000000000e+03 1.550117149650940274e-01
8.720000000000000000e+03 1.548258518207155654e-01
8.730000000000000000e+03 1.546274719678917831e-01
8.740000000000000000e+03 1.544168070976829621e-01
8.750000000000000000e+03 1.541942401807696317e-01
8.760000000000000000e+03 1.539603060085498187e-01
8.770000000000000000e+03 1.537156885146420404e-01
8.780000000000000000e+03 1.534612151056234941e-01
8.790000000000000000e+03 1.531978482774123684e-01
8.800000000000000000e+03 1.529266747700717410e-01
8.810000000000000000e+03 1.526488925089905524e-01
8.820000000000000000e+03 1.523657955770314765e-01
8.830000000000000000e+03 1.520787574423668742e-01
8.840000000000000000e+03 1.517892126415569254e-01
8.850000000000000000e+03 1.514986371295498069e-01
8.860000000000000000e+03 1.512085275688127561e-01
8.870000000000000000e+03 1.509203799158262416e-01
8.880000000000000000e+03 1.506356677237299935e-01
8.890000000000000000e+03 1.503558206369317585e-01
8.900000000000000000e+03 1.500822036315970220e-01
8.910000000000000000e+03 1.498160976603059857e-01
8.920000000000000000e+03 1.495586824046758190e-01
8.930000000000000000e+03 1.493110217797034844e-01
8.940000000000000000e+03 1.490740526925518339e-01
8.950000000000000000e+03 1.488485774196983136e-01
8.960000000000000000e+03 1.486352598187272167e-01
8.970000000000000000e+03 1.484346254254086950e-01
8.980000000000000000e+03 1.482470653162769048e-01
8.990000000000000000e+03 1.480728434278808792e-01
9.000000000000000000e+03 1.479121068646191972e-01
9.010000000000000000e+03 1.477648986110308149e-01
9.020000000000000000e+03 1.476311719906218678e-01
9.030000000000000000e+03 1.475108061925866076e-01
9.040000000000000000e+03 1.474036222529324092e-01
9.050000000000000000e+03 1.473093989720085650e-01
9.060000000000000000e+03 1.472278883688508677e-01
9.070000000000000000e+03 1.471588303497475825e-01
9.080000000000000000e+03 1.471019662054417754e-01
9.090000000000000000e+03 1.470570505772615388e-01
9.100000000000000000e+03 1.470238616786118946e-01
9.110000000000000000e+03 1.470022096395282030e-01
9.120000000000000000e+03 1.469919428068541256e-01
9.130000000000000000e+03 1.469929518482631925e-01
9.140000000000000000e+03 1.470051715614509869e-01
9.150000000000000000e+03 1.470285802915217710e-01
9.160000000000000000e+03 1.470631969308765219e-01
9.170000000000000000e+03 1.471090756156850088e-01
9.180000000000000000e+03 1.471662983591814078e-01
9.190000000000000000e+03 1.472349659491331009e-01
9.200000000000000000e+03 1.473151874329623190e-01
9.210000000000000000e+03 1.474070684192723690e-01
9.220000000000000000e+03 1.475106985976736840e-01
9.230000000000000000e+03 1.476261389453462913e-01
9.240000000000000000e+03 1.477534089944804174e-01
9.250000000000000000e+03 1.478924743942667264e-01
9.260000000000000000e+03 1.480432349806438674e-01
9.270000000000000000e+03 1.482055136877990231e-01
9.280000000000000000e+03 1.483790463365019519e-01
9.290000000000000000e+03 1.485634724172259502e-01
9.300000000000000000e+03 1.487583271231759929e-01
9.310000000000000000e+03 1.489630348116025849e-01
9.320000000000000000e+03 1.491769042691883929e-01
9.330000000000000000e+03 1.493991261851937702e-01
9.340000000000000000e+03 1.496287731272569477e-01
9.350000000000000000e+03 1.498648022292502491e-01
9.360000000000000000e+03 1.501060607882065689e-01
9.370000000000000000e+03 1.503512948358946277e-01
9.380000000000000000e+03 1.505991605885140250e-01
9.390000000000000000e+03 1.508482386621031179e-01
9.400000000000000000e+03 1.510970506648428024e-01
9.410000000000000000e+03 1.513440774989661397e-01
9.420000000000000000e+03 1.515877788024524719e-01
9.430000000000000000e+03 1.518266129578987877e-01
9.440000000000000000e+03 1.520590569561174610e-01
9.450000000000000000e+03 1.522836254083427543e-01
9.460000000000000000e+03 1.524988883848321097e-01
9.470000000000000000e+03 1.527034877172346594e-01
9.480000000000000000e+03 1.528961513622072166e-01
9.490000000000000000e+03 1.530757057162071555e-01
9.500000000000000000e+03 1.532410858616019278e-01
9.510000000000000000e+03 1.533913436842341826e-01
9.520000000000000000e+03 1.535256541445282341e-01
9.530000000000000000e+03 1.536433200880623351e-01
9.540000000000000000e+03 1.537437758017900225e-01
9.550000000000000000e+03 1.538265894800819600e-01
9.560000000000000000e+03 1.538914647543403458e-01
9.570000000000000000e+03 1.539382412933459343e-01
9.580000000000000000e+03 1.539668943396758360e-01
9.590000000000000000e+03 1.539775330206589743e-01
9.600000000000000000e+03 1.539703972804573051e-01
9.610000000000000000e+03 1.539458533249082606e-01
9.620000000000000000e+03 1.539043873296453424e-01
9.630000000000000000e+03 1.538465970968763974e-01
9.640000000000000000e+03 1.537731815864199214e-01
9.650000000000000000e+03 1.536849284042633712e-01
9.660000000000000000e+03 1.535826994818351166e-01
9.670000000000000000e+03 1.534674154264321078e-01
9.680000000000000000e+03 1.533400391037473276e-01
9.690000000000000000e+03 1.532015588561592145e-01
9.700000000000000000e+03 1.530529718759189584e-01
9.710000000000000000e+03 1.528952684667581885e-01
9.720000000000000000e+03 1.527294179018112152e-01
9.730000000000000000e+03 1.525563563915735277e-01
9.740000000000000000e+03 1.523769776058206682e-01
9.750000000000000000e+03 1.521921258587956571e-01
9.760000000000000000e+03 1.520025919382464175e-01
9.770000000000000000e+03 1.518091116879274338e-01
9.780000000000000000e+03 1.516123672202882855e-01
9.790000000000000000e+03 1.514129903012133849e-01
9.800000000000000000e+03 1.512115673542068217e-01
9.810000000000000000e+03 1.510086457913480951e-01
9.820000000000000000e+03 1.508047413174639362e-01
9.830000000000000000e+03 1.506003459594288663e-01
9.840000000000000000e+03 1.503959365866109343e-01
9.850000000000000000e+03 1.501919835906964373e-01
9.860000000000000000e+03 1.499889595834897893e-01
9.870000000000000000e+03 1.497873479408687869e-01
9.880000000000000000e+03 1.495876507980230530e-01
9.890000000000000000e+03 1.493903962259526819e-01
9.900000000000000000e+03 1.491961446485027543e-01
9.910000000000000000e+03 1.490054944680709870e-01
9.920000000000000000e+03 1.488190864959628990e-01
9.930000000000000000e+03 1.486376067018175817e-01
9.940000000000000000e+03 1.484617869260920764e-01
9.950000000000000000e+03 1.482924034393809654e-01
9.960000000000000000e+03 1.481302735429979311e-01
9.970000000000000000e+03 1.479762504672227919e-01
9.980000000000000000e+03 1.478312164724333855e-01
9.990000000000000000e+03 1.476960741051516202e-01
1.000000000000000000e+04 1.475717358287242931e-01
1.001000000000000000e+04 1.474591123108813240e-01
1.002000000000000000e+04 1.473590998281130438e-01
1.003000000000000000e+04 1.472725671753298271e-01
1.004000000000000000e+04 1.472003423785580578e-01
1.005000000000000000e+04 1.471431995553285355e-01
1.006000000000000000e+04 1.471018462098335478e-01
1.007000000000000000e+04 1.470769111439966526e-01
1.008000000000000000e+04 1.470689332779170355e-01
1.009000000000000000e+04 1.470783518158640668e-01
1.010000000000000000e+04 1.471054981165618447e-01
1.011000000000000000e+04 1.471505894707970108e-01
1.012000000000000000e+04 1.472137249583475582e-01
1.013000000000000000e+04 1.472948831768631783e-01
1.014000000000000000e+04 1.473939216032726929e-01
1.015000000000000000e+04 1.475105778043801219e-01
1.016000000000000000e+04 1.476444724589145441e-01
1.017000000000000000e+04 1.477951140914041950e-01
1.018000000000000000e+04 1.479619054064192918e-01
1.019000000000000000e+04 1.481441506622222792e-01
1.020000000000000000e+04 1.483410636714145581e-01
1.021000000000000000e+04 1.485517766417353280e-01
1.022000000000000000e+04 1.487753496911086992e-01
1.023000000000000000e+04 1.490107807826510922e-01
1.024000000000000000e+04 1.492570158689398296e-01
1.025000000000000000e+04 1.495129589298204442e-01
1.026000000000000000e+04 1.497774816535551445e-01
1.027000000000000000e+04 1.500494329696520912e-01
1.028000000000000000e+04 1.503276483221704651e-01
1.029000000000000000e+04 1.506109582882685372e-01
1.030000000000000000e+04 1.508981963647157420e-01
1.031000000000000000e+04 1.511882057294950121e-01
1.032000000000000000e+04 1.514798450669767316e-01
1.033000000000000000e+04 1.517719934464621112e-01
1.034000000000000000e+04 1.520635539912630896e-01
1.035000000000000000e+04 1.523534562204308940e-01
1.036000000000000000e+04 1.526406571230954079e-01
1.037000000000000000e+04 1.529241411052184307e-01
1.038000000000000000e+04 1.532029192187158717e-01
1.039000000000000000e+04 1.534760281212177446e-01
1.040000000000000000e+04 1.537425286955640957e-01
1.041000000000000000e+04 1.540015042693336222e-01
1.042000000000000000e+04 1.542520586634537894e-01
1.043000000000000000e+04 1.544933143762065308e-01
1.044000000000000000e+04 1.547244109897355502e-01
1.045000000000000000e+04 1.549445038805951358e-01
1.046000000000000000e+04 1.551527633993105559e-01
1.047000000000000000e+04 1.553483745337243260e-01
1.048000000000000000e+04 1.555305372405627884e-01
1.049000000000000000e+04 1.556984677737903167e-01
1.050000000000000000e+04 1.558514010684972362e-01
1.051000000000000000e+04 1.559885942334278963e-01
1.052000000000000000e+04 1.561093315018911576e-01
1.053000000000000000e+04 1.562129307739456852e-01
1.054000000000000000e+04 1.562987516302192792e-01
1.055000000000000000e+04 1.563662046583198795e-01
1.056000000000000000e+04 1.564147621359782414e-01
1.057000000000000000e+04 1.564439701458710807e-01
1.058000000000000000e+04 1.564534618036509672e-01
1.059000000000000000e+04 1.564429709383951816e-01
1.060000000000000000e+04 1.564123452243864065e-01
1.061000000000000000e+04 1.563615582013998528e-01
1.062000000000000000e+04 1.562907201141019442e-01
1.063000000000000000e+04 1.562000866549253797e-01
1.064000000000000000e+04 1.560900648066425866e-01
1.065000000000000000e+04 1.559612155672759903e-01
1.066000000000000000e+04 1.558142531723958335e-01
1.067000000000000000e+04 1.556500405406135989e-01
1.068000000000000000e+04 1.554695814438124546e-01
1.069000000000000000e+04 1.552740095122511210e-01
1.070000000000000000e+04 1.550645742847785724e-01
1.071000000000000000e+04 1.548426247375126186e-01
1.072000000000000000e+04 1.546095905670126502e-01
1.073000000000000000e+04 1.543669620462403691e-01
1.074000000000000000e+04 1.541162698562957845e-01
1.075000000000000000e+04 1.538590655327450596e-01
1.076000000000000000e+04 1.535969025569042246e-01
1.077000000000000000e+04 1.533313184144810271e-01
1.078000000000000000e+04 1.530638182101301259e-01
1.079000000000000000e+04 1.527958600885062079e-01
1.080000000000000000e+04 1.525288423446637676e-01
1.081000000000000000e+04 1.522640921128601277e-01
1.082000000000000000e+04 1.520028556450899182e-01
1.083000000000000000e+04 1.517462897657154697e-01
1.084000000000000000e+04 1.514954543864424352e-01
1.085000000000000000e+04 1.512513062134953623e-01
1.086000000000000000e+04 1.510146934810420172e-01
1.087000000000000000e+04 1.507863520700435389e-01
1.088000000000000000e+04 1.505669030685287679e-01
1.089000000000000000e+04 1.503568516504142083e-01
1.090000000000000000e+04 1.501565873169381782e-01
1.091000000000000000e+04 1.499663858157603835e-01
1.092000000000000000e+04 1.497864130272591465e-01
1.093000000000000000e+04 1.496167310405478734e-01
1.094000000000000000e+04 1.494573063319394046e-01
1.095000000000000000e+04 1.493080196779953406e-01
1.096000000000000000e+04 1.491686775457909953e-01
1.097000000000000000e+04 1.490390248889916225e-01
1.098000000000000000e+04 1.489187588473148971e-01
1.099000000000000000e+04 1.488075432275018095e-01
1.100000000000000000e+04 1.487050233302498470e-01
1.101000000000000000e+04 1.486108400702970955e-01
1.102000000000000000e+04 1.485246424483056271e-01
1.103000000000000000e+04 1.484460983445960724e-01
1.104000000000000000e+04 1.483749035247702575e-01
1.105000000000000000e+04 1.483107883701531571e-01
1.106000000000000000e+04 1.482535220890359440e-01
1.107000000000000000e+04 1.482029143754162726e-01
1.108000000000000000e+04 1.481588143492132970e-01
1.109000000000000000e+04 1.481211068694051336e-01
1.110000000000000000e+04 1.480897074074989939e-01
1.111000000000000000e+04 1.480645559760924157e-01
1.112000000000000000e+04 1.480456097375384972e-01
1.113000000000000000e+04 1.480328344043303768e-01
1.114000000000000000e+04 1.480261951114456298e-01
1.115000000000000000e+04 1.480256473800895256e-01
1.116000000000000000e+04 1.480311283544062384e-01
1.117000000000000000e+04 1.480425487650272043e-01
1.118000000000000000e+04 1.480597863053449426e-01
1.119000000000000000e+04 1.480826807175537885e-01
1.120000000000000000e+04 1.481110306344023408e-01
1.121000000000000000e+04 1.481445921951832778e-01
1.122000000000000000e+04 1.481830796226611124e-01
1.123000000000000000e+04 1.482261679413615085e-01
1.124000000000000000e+04 1.482734976016201467e-01
1.125000000000000000e+04 1.483246805990912631e-01
1.126000000000000000e+04 1.483793076866992411e-01
1.127000000000000000e+04 1.484369567889809172e-01
1.128000000000000000e+04 1.484972027136037265e-01
1.129000000000000000e+04 1.485596274984184173e-01
1.130000000000000000e+04 1.486238305104005397e-01
1.131000000000000000e+04 1.486894374363200710e-01
1.132000000000000000e+04 1.487561074426544394e-01
1.133000000000000000e+04 1.488235404035359866e-01
1.134000000000000000e+04 1.488914835903772660e-01
1.135000000000000000e+04 1.489597372535020614e-01
1.136000000000000000e+04 1.490281588586405692e-01
1.137000000000000000e+04 1.490966657123093397e-01
1.138000000000000000e+04 1.491652360291398638e-01
1.139000000000000000e+04 1.492339084670089577e-01
1.140000000000000000e+04 1.493027806422994597e-01
1.141000000000000000e+04 1.493720070421209745e-01
1.142000000000000000e+04 1.494417956311428763e-01
1.143000000000000000e+04 1.495124022319074542e-01
1.144000000000000000e+04 1.495841231540919192e-01
1.145000000000000000e+04 1.496572866614112873e-01
1.146000000000000000e+04 1.497322442009735299e-01
1.147000000000000000e+04 1.498093613726416140e-01
1.148000000000000000e+04 1.498890074692711960e-01
1.149000000000000000e+04 1.499715428209613677e-01
1.150000000000000000e+04 1.500573054712308063e-01
1.151000000000000000e+04 1.501465983299372364e-01
1.152000000000000000e+04 1.502396772901031796e-01
1.153000000000000000e+04 1.503367406758535918e-01
1.154000000000000000e+04 1.504379192301558976e-01
1.155000000000000000e+04 1.505432655919107798e-01
1.156000000000000000e+04 1.506527451391869998e-01
1.157000000000000000e+04 1.507662298611123775e-01
1.158000000000000000e+04 1.508834950974353162e-01
1.159000000000000000e+04 1.510042187895145049e-01
1.160000000000000000e+04 1.511279828235354006e-01
1.161000000000000000e+04 1.512542772206748043e-01
1.162000000000000000e+04 1.513825076111416368e-01
1.163000000000000000e+04 1.515120057110156404e-01
1.164000000000000000e+04 1.516420427484919675e-01
1.165000000000000000e+04 1.517718455156124580e-01
1.166000000000000000e+04 1.519006139352299667e-01
1.167000000000000000e+04 1.520275391697576139e-01
1.168000000000000000e+04 1.521518219477989708e-01
1.169000000000000000e+04 1.522726906354864851e-01
1.170000000000000000e+04 1.523894186138479157e-01
1.171000000000000000e+04 1.525013406051146936e-01
1.172000000000000000e+04 1.526078674318447348e-01
1.173000000000000000e+04 1.527084984201835804e-01
1.174000000000000000e+04 1.528028305512086349e-01
1.175000000000000000e+04 1.528905645657686330e-01
1.176000000000000000e+04 1.529715086645642153e-01
1.177000000000000000e+04 1.530455798998509309e-01
1.178000000000000000e+04 1.531128028693926058e-01
1.179000000000000000e+04 1.531733059597736868e-01
1.180000000000000000e+04 1.532273163745600519e-01
1.181000000000000000e+04 1.532751540245479716e-01
1.182000000000000000e+04 1.533172231246224260e-01
1.183000000000000000e+04 1.533540018170431729e-01
1.184000000000000000e+04 1.533860300131540122e-01
1.185000000000000000e+04 1.534138963292286384e-01
1.186000000000000000e+04 1.534382266596763522e-01
1.187000000000000000e+04 1.534596711730753515e-01
1.188000000000000000e+04 1.534788897689046139e-01
1.189000000000000000e+04 1.534965368942989850e-01
1.190000000000000000e+04 1.535132462378457630e-01
1.191000000000000000e+04 1.535296161691606931e-01
1.192000000000000000e+04 1.535461954212393454e-01
1.193000000000000000e+04 1.535634696971893698e-01
1.194000000000000000e+04 1.535818503728400564e-01
1.195000000000000000e+04 1.536016642260197018e-01
1.196000000000000000e+04 1.536231441231226125e-01
1.197000000000000000e+04 1.536464215124896671e-01
1.198000000000000000e+04 1.536715217341221851e-01
1.199000000000000000e+04 1.536983626578569961e-01
1.200000000000000000e+04 1.537267563068172582e-01
1.201000000000000000e+04 1.537564134959671092e-01
1.202000000000000000e+04 1.537869517769182015e-01
1.203000000000000000e+04 1.538179069101927032e-01
1.204000000000000000e+04 1.538487462633581493e-01
1.205000000000000000e+04 1.538788841902985205e-01
1.206000000000000000e+04 1.539077003244310182e-01
1.207000000000000000e+04 1.539345608914821084e-01
1.208000000000000000e+04 1.539588405831630313e-01
1.209000000000000000e+04 1.539799425228672580e-01
1.210000000000000000e+04 1.539973181888928677e-01
1.211000000000000000e+04 1.540104859377410818e-01
1.212000000000000000e+04 1.540190485707322587e-01
1.213000000000000000e+04 1.540227098334580325e-01
1.214000000000000000e+04 1.540212864138685300e-01
1.215000000000000000e+04 1.540147156916441828e-01
1.216000000000000000e+04 1.540030609786778859e-01
1.217000000000000000e+04 1.539865130368567314e-01
1.218000000000000000e+04 1.539653881301777938e-01
1.219000000000000000e+04 1.539401224478878505e-01
1.220000000000000000e+04 1.539112632808461445e-01
1.221000000000000000e+04 1.538794580945967994e-01
1.222000000000000000e+04 1.538454430905831782e-01
1.223000000000000000e+04 1.538100308295933527e-01
1.224000000000000000e+04 1.537740959100287741e-01
1.225000000000000000e+04 1.537385617240219216e-01
1.226000000000000000e+04 1.537043890815464331e-01
1.227000000000000000e+04 1.536725641882933369e-01
1.228000000000000000e+04 1.536440850552414916e-01
1.229000000000000000e+04 1.536199480424227937e-01
1.230000000000000000e+04 1.536011362742288333e-01
1.231000000000000000e+04 1.535886097351956692e-01
1.232000000000000000e+04 1.535832921940935292e-01
1.233000000000000000e+04 1.535860612308282691e-01
1.234000000000000000e+04 1.535977392620247739e-01
1.235000000000000000e+04 1.536190838831351935e-01
1.236000000000000000e+04 1.536507764030459744e-01
1.237000000000000000e+04 1.536934109024248596e-01
1.238000000000000000e+04 1.537474852132515168e-01
1.239000000000000000e+04 1.538133932729947584e-01
1.240000000000000000e+04 1.538914175701398546e-01
1.241000000000000000e+04 1.539817210771566580e-01
1.242000000000000000e+04 1.540843404882238088e-01
1.243000000000000000e+04 1.541991826032157453e-01
1.244000000000000000e+04 1.543260253300387519e-01
1.245000000000000000e+04 1.544645186671665671e-01
1.246000000000000000e+04 1.546141863852837084e-01
1.247000000000000000e+04 1.547744313021634233e-01
1.248000000000000000e+04 1.549445457139371207e-01
1.249000000000000000e+04 1.551237253277569506e-01
1.250000000000000000e+04 1.553110845888298064e-01
1.251000000000000000e+04 1.555056740256444969e-01
1.252000000000000000e+04 1.557065010462586607e-01
1.253000000000000000e+04 1.559125533044365408e-01
1.254000000000000000e+04 1.561228221168851626e-01
1.255000000000000000e+04 1.563363228251344883e-01
1.256000000000000000e+04 1.565521123059968600e-01
1.257000000000000000e+04 1.567693040523752690e-01
1.258000000000000000e+04 1.569870799539232475e-01
1.259000000000000000e+04 1.572046997662374657e-01
1.260000000000000000e+04 1.574215067236900967e-01
1.261000000000000000e+04 1.576369261226503449e-01
1.262000000000000000e+04 1.578504574264796290e-01
1.263000000000000000e+04 1.580616624048659380e-01
1.264000000000000000e+04 1.582701516772531680e-01
1.265000000000000000e+04 1.584755695075698578e-01
1.266000000000000000e+04 1.586775769125645386e-01
1.267000000000000000e+04 1.588758336200454258e-01
1.268000000000000000e+04 1.590699793554811725e-01
1.269000000000000000e+04 1.592596162663224846e-01
1.270000000000000000e+04 1.594442954965392401e-01
1.271000000000000000e+04 1.596235084080979971e-01
1.272000000000000000e+04 1.597966804345677949e-01
1.273000000000000000e+04 1.599631678100411070e-01
1.274000000000000000e+04 1.601222591960316799e-01
1.275000000000000000e+04 1.602731814422887480e-01
1.276000000000000000e+04 1.604151089806350461e-01
1.277000000000000000e+04 1.605471776792930239e-01
1.278000000000000000e+04 1.606685014542371115e-01
1.279000000000000000e+04 1.607781879144633275e-01
1.280000000000000000e+04 1.608753533600705832e-01
1.281000000000000000e+04 1.609591400293304275e-01
1.282000000000000000e+04 1.610287346200045544e-01
1.283000000000000000e+04 1.610833829983122356e-01
1.284000000000000000e+04 1.611223984261581921e-01
1.285000000000000000e+04 1.611451675388831939e-01
1.286000000000000000e+04 1.611511582910055973e-01
1.287000000000000000e+04 1.611399274400968085e-01
1.288000000000000000e+04 1.611111238491340636e-01
1.289000000000000000e+04 1.610644883521249182e-01
1.290000000000000000e+04 1.609998544266267317e-01
1.291000000000000000e+04 1.609171519572505649e-01
1.292000000000000000e+04 1.608164105999671245e-01
1.293000000000000000e+04 1.606977603876747762e-01
1.294000000000000000e+04 1.605614336112722862e-01
1.295000000000000000e+04 1.604077704934137871e-01
1.296000000000000000e+04 1.602372247819083551e-01
1.297000000000000000e+04 1.600503674498829909e-01
1.298000000000000000e+04 1.598478904438491166e-01
1.299000000000000000e+04 1.596306102325415477e-01
1.300000000000000000e+04 1.593994685955834878e-01
1.301000000000000000e+04 1.591555288039692428e-01
1.302000000000000000e+04 1.588999693366453247e-01
1.303000000000000000e+04 1.586340770808528366e-01
1.304000000000000000e+04 1.583592375762838955e-01
1.305000000000000000e+04 1.580769213264330009e-01
1.306000000000000000e+04 1.577886672483176933e-01
1.307000000000000000e+04 1.574960619521720284e-01
1.308000000000000000e+04 1.572007169940105864e-01
1.309000000000000000e+04 1.569042482164003938e-01
1.310000000000000000e+04 1.566082543396955795e-01
1.311000000000000000e+04 1.563142915716894954e-01
1.312000000000000000e+04 1.560238484298514805e-01
1.313000000000000000e+04 1.557383260409564707e-01
1.314000000000000000e+04 1.554590236858671426e-01
1.315000000000000000e+04 1.551871267449604075e-01
1.316000000000000000e+04 1.549236960791006978e-01
1.317000000000000000e+04 1.546696592444078144e-01
1.318000000000000000e+04 1.544258046123818950e-01
1.319000000000000000e+04 1.541927848152093994e-01
1.320000000000000000e+04 1.539711304554963467e-01
1.321000000000000000e+04 1.537612635271378703e-01
1.322000000000000000e+04 1.535635076882694849e-01
1.323000000000000000e+04 1.533781013667850357e-01
1.324000000000000000e+04 1.532052155904916335e-01
1.325000000000000000e+04 1.530449740466630348e-01
1.326000000000000000e+04 1.528974743602183883e-01
1.327000000000000000e+04 1.527628087613118746e-01
1.328000000000000000e+04 1.526410785173926699e-01
1.329000000000000000e+04 1.525324038234616153e-01
1.330000000000000000e+04 1.524369343423600809e-01
1.331000000000000000e+04 1.523548575240334935e-01
1.332000000000000000e+04 1.522864010344582852e-01
1.333000000000000000e+04 1.522318282838105719e-01
1.334000000000000000e+04 1.521914293257774775e-01
1.335000000000000000e+04 1.521655121049588222e-01
1.336000000000000000e+04 1.521543919463187733e-01
1.337000000000000000e+04 1.521583750850503680e-01
1.338000000000000000e+04 1.521777406664870380e-01
1.339000000000000000e+04 1.522127282422105210e-01
1.340000000000000000e+04 1.522635287157529660e-01
1.341000000000000000e+04 1.523302748249839855e-01
1.342000000000000000e+04 1.524130313912387957e-01
1.343000000000000000e+04 1.525117860418244708e-01
1.344000000000000000e+04 1.526264428575676568e-01
1.345000000000000000e+04 1.527568208135307859e-01
1.346000000000000000e+04 1.529026549644000588e-01
1.347000000000000000e+04 1.530635970154384518e-01
1.348000000000000000e+04 1.532392140657452273e-01
1.349000000000000000e+04 1.534289883456822490e-01
1.350000000000000000e+04 1.536323206701618593e-01
1.351000000000000000e+04 1.538485354939845284e-01
1.352000000000000000e+04 1.540768799578516868e-01
1.353000000000000000e+04 1.543165176437897579e-01
1.354000000000000000e+04 1.545665254434598346e-01
1.355000000000000000e+04 1.548258934144177978e-01
1.356000000000000000e+04 1.550935242092750244e-01
1.357000000000000000e+04 1.553682337117306411e-01
1.358000000000000000e+04 1.556487534601574407e-01
1.359000000000000000e+04 1.559337320146224615e-01
1.360000000000000000e+04 1.562217379441404874e-01
1.361000000000000000e+04 1.565112712042050214e-01
1.362000000000000000e+04 1.568007780208877933e-01
1.363000000000000000e+04 1.570886629167307369e-01
1.364000000000000000e+04 1.573733023825484856e-01
1.365000000000000000e+04 1.576530630945477962e-01
1.366000000000000000e+04 1.579263234410164252e-01
1.367000000000000000e+04 1.581914970298183287e-01
1.368000000000000000e+04 1.584470553025418560e-01
1.369000000000000000e+04 1.586915513859482041e-01
1.370000000000000000e+04 1.589236422813918026e-01
1.371000000000000000e+04 1.591420998569235135e-01
1.372000000000000000e+04 1.593458183739017431e-01
1.373000000000000000e+04 1.595338266726910037e-01
1.374000000000000000e+04 1.597052992563001428e-01
1.375000000000000000e+04 1.598595574436507127e-01
1.376000000000000000e+04 1.599960591698140755e-01
1.377000000000000000e+04 1.601143908143786432e-01
1.378000000000000000e+04 1.602142662768751558e-01
1.379000000000000000e+04 1.602955210527885754e-01
1.380000000000000000e+04 1.603581020062325724e-01
1.381000000000000000e+04 1.604020579805539026e-01
1.382000000000000000e+04 1.604275290028499834e-01
1.383000000000000000e+04 1.604347359195385236e-01
1.384000000000000000e+04 1.604239725865494737e-01
1.385000000000000000e+04 1.603956002953060012e-01
1.386000000000000000e+04 1.603500446293739945e-01
1.387000000000000000e+04 1.602877924389232434e-01
1.388000000000000000e+04 1.602093878943079142e-01
1.389000000000000000e+04 1.601154339085570089e-01
1.390000000000000000e+04 1.600065984028160304e-01
1.391000000000000000e+04 1.598836203178784776e-01
1.392000000000000000e+04 1.597473128803105769e-01
1.393000000000000000e+04 1.595985616172564681e-01
1.394000000000000000e+04 1.594383198692338466e-01
1.395000000000000000e+04 1.592676081231247376e-01
1.396000000000000000e+04 1.590875189952598578e-01
1.397000000000000000e+04 1.588992156673854073e-01
1.398000000000000000e+04 1.587039162654358404e-01
1.399000000000000000e+04 1.585028774907664140e-01
1.400000000000000000e+04 1.582973892576705621e-01
1.401000000000000000e+04 1.580887671315660825e-01
1.402000000000000000e+04 1.578783356720978304e-01
1.403000000000000000e+04 1.576674144038718306e-01
1.404000000000000000e+04 1.574573097005422251e-01
1.405000000000000000e+04 1.572493078263331734e-01
1.406000000000000000e+04 1.570446670060117178e-01
1.407000000000000000e+04 1.568446107214836738e-01
1.408000000000000000e+04 1.566503272472721808e-01
1.409000000000000000e+04 1.564629723351540769e-01
1.410000000000000000e+04 1.562836675011268217e-01
1.411000000000000000e+04 1.561135032596043248e-01
1.412000000000000000e+04 1.559535489534383257e-01
1.413000000000000000e+04 1.558048559904215424e-01
1.414000000000000000e+04 1.556684578476608682e-01
1.415000000000000000e+04 1.555453703381036723e-01
1.416000000000000000e+04 1.554365877108675464e-01
1.417000000000000000e+04 1.553430838853521179e-01
1.418000000000000000e+04 1.552658142105296790e-01
1.419000000000000000e+04 1.552057065075334863e-01
1.420000000000000000e+04 1.551636551869995939e-01
1.421000000000000000e+04 1.551405208350635778e-01
1.422000000000000000e+04 1.551371198110290117e-01
1.423000000000000000e+04 1.551542041600851296e-01
1.424000000000000000e+04 1.551924465157503708e-01
1.425000000000000000e+04 1.552524297651180496e-01
1.426000000000000000e+04 1.553346366752100804e-01
1.427000000000000000e+04 1.554394416999786421e-01
1.428000000000000000e+04 1.555671050207694250e-01
1.429000000000000000e+04 1.557177686713263065e-01
1.430000000000000000e+04 1.558914501748812353e-01
1.431000000000000000e+04 1.560880316195874806e-01
1.432000000000000000e+04 1.563072498520452491e-01
1.433000000000000000e+04 1.565486914290606102e-01
1.434000000000000000e+04 1.568117924505891547e-01
1.435000000000000000e+04 1.570958476772053303e-01
1.436000000000000000e+04 1.574000256048762869e-01
1.437000000000000000e+04 1.577233786947998539e-01
1.438000000000000000e+04 1.580648491770806074e-01
1.439000000000000000e+04 1.584232759390369616e-01
1.440000000000000000e+04 1.587974066413649077e-01
1.441000000000000000e+04 1.591859100240429203e-01
1.442000000000000000e+04 1.595873859022216013e-01
1.443000000000000000e+04 1.600003740719944667e-01
1.444000000000000000e+04 1.604233642246375713e-01
1.445000000000000000e+04 1.608548145712698496e-01
1.446000000000000000e+04 1.612931647770685928e-01
1.447000000000000000e+04 1.617368373695499684e-01
1.448000000000000000e+04 1.621842392276612865e-01
1.449000000000000000e+04 1.626337660674861685e-01
1.450000000000000000e+04 1.630838128839501022e-01
1.451000000000000000e+04 1.635327860304132130e-01
1.452000000000000000e+04 1.639791122606661378e-01
1.453000000000000000e+04 1.644212473529309548e-01
1.454000000000000000e+04 1.648576788565626616e-01
1.455000000000000000e+04 1.652869241599050076e-01
1.456000000000000000e+04 1.657075435998042467e-01
1.457000000000000000e+04 1.661181630955880228e-01
1.458000000000000000e+04 1.665174815446959500e-01
1.459000000000000000e+04 1.669042653227401085e-01
1.460000000000000000e+04 1.672773468167557676e-01
1.461000000000000000e+04 1.676356304771540462e-01
1.462000000000000000e+04 1.679781076423170760e-01
1.463000000000000000e+04 1.683038624456308086e-01
1.464000000000000000e+04 1.686120584014342283e-01
1.465000000000000000e+04 1.689019278504343136e-01
1.466000000000000000e+04 1.691727679181902755e-01
1.467000000000000000e+04 1.694239463721236294e-01
1.468000000000000000e+04 1.696549175394017339e-01
1.469000000000000000e+04 1.698652271018924742e-01
1.470000000000000000e+04 1.700544998697692545e-01
1.471000000000000000e+04 1.702224358266568871e-01
1.472000000000000000e+04 1.703688249923058229e-01
1.473000000000000000e+04 1.704935609695638343e-01
1.474000000000000000e+04 1.705966453595086640e-01
1.475000000000000000e+04 1.706781894846215453e-01
1.476000000000000000e+04 1.707384146347740994e-01
1.477000000000000000e+04 1.707776496692356705e-01
1.478000000000000000e+04 1.707963252818704147e-01
1.479000000000000000e+04 1.707949738764314995e-01
1.480000000000000000e+04 1.707742336780516956e-01
1.481000000000000000e+04 1.707348421833957131e-01
1.482000000000000000e+04 1.706776188044739628e-01
1.483000000000000000e+04 1.706034493192795931e-01
1.484000000000000000e+04 1.705132728805034970e-01
1.485000000000000000e+04 1.704080720400856785e-01
1.486000000000000000e+04 1.702888722133994170e-01
1.487000000000000000e+04 1.701567343313782621e-01
1.488000000000000000e+04 1.700127378091531583e-01
1.489000000000000000e+04 1.698579718842014030e-01
1.490000000000000000e+04 1.696935337924359299e-01
1.491000000000000000e+04 1.695205290865391956e-01
1.492000000000000000e+04 1.693400666430105728e-01
1.493000000000000000e+04 1.691532538917323580e-01
1.494000000000000000e+04 1.689612037861415450e-01
1.495000000000000000e+04 1.687650363100455242e-01
1.496000000000000000e+04 1.685658742181525560e-01
1.497000000000000000e+04 1.683648430512655891e-01
1.498000000000000000e+04 1.681630725593943887e-01
1.499000000000000000e+04 1.679616948885440941e-01
1.500000000000000000e+04 1.677618462264952870e-01
