Time	Population
0.000000000000000000e+00 8.147402368003434092e-02
1.000000000000000000e+01 8.182095306471670604e-02
2.000000000000000000e+01 8.285541821586041300e-02
3.000000000000000000e+01 8.454416949263904302e-02
4.000000000000000000e+01 8.684065903144502774e-02
5.000000000000000000e+01 8.967939982024260293e-02
6.000000000000000000e+01 9.298096648596225478e-02
7.000000000000000000e+01 9.665529983245646495e-02
8.000000000000000000e+01 1.006052129884174168e-01
9.000000000000000000e+01 1.047298812339435420e-01
1.000000000000000000e+02 1.089281256839950973e-01
1.100000000000000000e+02 1.131013444087381054e-01
1.200000000000000000e+02 1.171559978308743394e-01
1.300000000000000000e+02 1.210056162478825997e-01
1.400000000000000000e+02 1.245723383055280659e-01
1.500000000000000000e+02 1.277880335033543535e-01
1.600000000000000000e+02 1.305950821335294665e-01
1.700000000000000000e+02 1.329469101397688924e-01
1.800000000000000000e+02 1.348083231772237711e-01
1.900000000000000000e+02 1.361557555207578152e-01
2.000000000000000000e+02 1.369773741300540915e-01
2.100000000000000000e+02 1.372731168066566310e-01
2.200000000000000000e+02 1.370546524775727582e-01
2.300000000000000000e+02 1.363450721710157132e-01
2.400000000000000000e+02 1.351783610708129080e-01
2.500000000000000000e+02 1.335985104653961697e-01
2.600000000000000000e+02 1.316583283573519170e-01
2.700000000000000000e+02 1.294176893695056507e-01
2.800000000000000000e+02 1.269416056940481374e-01
2.900000000000000000e+02 1.242977536759671126e-01
3.000000000000000000e+02 1.215538873211817056e-01
3.100000000000000000e+02 1.187751747765884575e-01
3.200000000000000000e+02 1.160216519320118461e-01
3.300000000000000000e+02 1.133459812170116848e-01
3.400000000000000000e+02 1.107916664404354073e-01
3.500000000000000000e+02 1.083918859369155663e-01
3.600000000000000000e+02 1.061690077760573253e-01
3.700000000000000000e+02 1.041347855982210219e-01
3.800000000000000000e+02 1.022911956051119342e-01
3.900000000000000000e+02 1.006318349158025344e-01
4.000000000000000000e+02 9.914359581087195394e-02
4.100000000000000000e+02 9.780859241278962168e-02
4.200000000000000000e+02 9.660609652858419272e-02
4.300000000000000000e+02 9.551433562707628555e-02
4.400000000000000000e+02 9.451201588620855576e-02
4.500000000000000000e+02 9.357952164683011609e-02
4.600000000000000000e+02 9.269976806953059145e-02
4.700000000000000000e+02 9.185870394308308373e-02
4.800000000000000000e+02 9.104546702871819941e-02
4.900000000000000000e+02 9.025232879908123840e-02
5.000000000000000000e+02 8.947442035411516670e-02
5.100000000000000000e+02 8.870937676562329344e-02
5.200000000000000000e+02 8.795689011270900470e-02
5.300000000000000000e+02 8.721828220645717888e-02
5.400000000000000000e+02 8.649610066008542320e-02
5.500000000000000000e+02 8.579373717773072783e-02
5.600000000000000000e+02 8.511511233437253632e-02
5.700000000000000000e+02 8.446443061207940806e-02
5.800000000000000000e+02 8.384598726114726730e-02
5.900000000000000000e+02 8.326401256182339172e-02
6.000000000000000000e+02 8.272255400504607836e-02
6.100000000000000000e+02 8.222540424138055637e-02
6.200000000000000000e+02 8.177604485494874287e-02
6.300000000000000000e+02 8.137761996419952404e-02
6.400000000000000000e+02 8.103292651916836620e-02
6.500000000000000000e+02 8.074441543290064582e-02
6.600000000000000000e+02 8.051421047089282745e-02
6.700000000000000000e+02 8.034411649238377973e-02
6.800000000000000000e+02 8.023563870079172822e-02
6.900000000000000000e+02 8.019001104792211621e-02
7.000000000000000000e+02 8.020821263422031611e-02
7.100000000000000000e+02 8.029097287657505078e-02
7.200000000000000000e+02 8.043876182824102883e-02
7.300000000000000000e+02 8.065177327684647235e-02
7.400000000000000000e+02 8.092990304342261021e-02
7.500000000000000000e+02 8.127269698198159864e-02
7.600000000000000000e+02 8.167927928076673671e-02
7.700000000000000000e+02 8.214828123119038983e-02
7.800000000000000000e+02 8.267775399371939116e-02
7.900000000000000000e+02 8.326507033339061725e-02
8.000000000000000000e+02 8.390683657407502216e-02
8.100000000000000000e+02 8.459880753056799041e-02
8.200000000000000000e+02 8.533581486962561746e-02
8.300000000000000000e+02 8.611171239177459191e-02
8.400000000000000000e+02 8.691934487526399578e-02
8.500000000000000000e+02 8.775054155377064180e-02
8.600000000000000000e+02 8.859613956367204390e-02
8.700000000000000000e+02 8.944603550392760116e-02
8.800000000000000000e+02 9.028927066591524442e-02
8.900000000000000000e+02 9.111414964485800572e-02
9.000000000000000000e+02 9.190838282440448592e-02
9.100000000000000000e+02 9.265925208039053895e-02
9.200000000000000000e+02 9.335379580399233435e-02
9.300000000000000000e+02 9.397901165724625860e-02
9.400000000000000000e+02 9.452207444854064666e-02
9.500000000000000000e+02 9.497056067862093276e-02
9.600000000000000000e+02 9.531268428870906528e-02
9.700000000000000000e+02 9.553753505013384828e-02
9.800000000000000000e+02 9.563531521160073545e-02
9.900000000000000000e+02 9.559756742213218472e-02
1.000000000000000000e+03 9.541739365269315265e-02
1.010000000000000000e+03 9.508965778845246408e-02
1.020000000000000000e+03 9.461116932014732028e-02
1.030000000000000000e+03 9.398083054789264923e-02
1.040000000000000000e+03 9.319974725868665488e-02
1.050000000000000000e+03 9.227129120984647881e-02
1.060000000000000000e+03 9.120110728315747317e-02
1.070000000000000000e+03 8.999706369750286317e-02
1.080000000000000000e+03 8.866913642000821827e-02
1.090000000000000000e+03 8.722922528009742493e-02
1.100000000000000000e+03 8.569090021452294148e-02
1.110000000000000000e+03 8.406908941623618403e-02
1.120000000000000000e+03 8.237971861277600116e-02
1.130000000000000000e+03 8.063931379312029579e-02
1.140000000000000000e+03 7.886458131943609173e-02
1.150000000000000000e+03 7.707198134509050946e-02
1.160000000000000000e+03 7.527731622613205442e-02
1.170000000000000000e+03 7.349535936424490823e-02
1.180000000000000000e+03 7.173953413180271521e-02
1.190000000000000000e+03 7.002165678908962854e-02
1.200000000000000000e+03 6.835175452048451727e-02
1.210000000000000000e+03 6.673796143862620323e-02
1.220000000000000000e+03 6.518649691625745535e-02
1.230000000000000000e+03 6.370172120233391633e-02
1.240000000000000000e+03 6.228625534254009222e-02
1.250000000000000000e+03 6.094115315772248576e-02
1.260000000000000000e+03 5.966611400371471530e-02
1.270000000000000000e+03 5.845971969574800114e-02
1.280000000000000000e+03 5.731967761284469803e-02
1.290000000000000000e+03 5.624305985867467106e-02
1.300000000000000000e+03 5.522653196456385472e-02
1.310000000000000000e+03 5.426655792885771989e-02
1.320000000000000000e+03 5.335957493373629651e-02
1.330000000000000000e+03 5.250213765701405855e-02
1.340000000000000000e+03 5.169103164975782233e-02
1.350000000000000000e+03 5.092335521466839765e-02
1.360000000000000000e+03 5.019656966216475696e-02
1.370000000000000000e+03 4.950852190752788595e-02
1.380000000000000000e+03 4.885744216626242836e-02
1.390000000000000000e+03 4.824192378044347279e-02
1.400000000000000000e+03 4.766088873204893384e-02
1.410000000000000000e+03 4.711354410530231573e-02
1.420000000000000000e+03 4.659933096366514899e-02
1.430000000000000000e+03 4.611787140212310343e-02
1.440000000000000000e+03 4.566891907780640247e-02
1.450000000000000000e+03 4.525231694001787680e-02
1.460000000000000000e+03 4.486796399104429206e-02
1.470000000000000000e+03 4.451578875925833734e-02
1.480000000000000000e+03 4.419572857812514854e-02
1.490000000000000000e+03 4.390771535482143606e-02
1.500000000000000000e+03 4.365166599084854826e-02
1.510000000000000000e+03 4.342747261125846914e-02
1.520000000000000000e+03 4.323499011198377040e-02
1.530000000000000000e+03 4.307402315157335404e-02
1.540000000000000000e+03 4.294431217288943725e-02
1.550000000000000000e+03 4.284551631513751346e-02
1.560000000000000000e+03 4.277719366896814979e-02
1.570000000000000000e+03 4.273877849813120799e-02
1.580000000000000000e+03 4.272955618435495678e-02
1.590000000000000000e+03 4.274863731428793501e-02
1.600000000000000000e+03 4.279493098120815825e-02
1.610000000000000000e+03 4.286711729955199057e-02
1.620000000000000000e+03 4.296361951542255336e-02
1.630000000000000000e+03 4.308257976128566924e-02
1.640000000000000000e+03 4.322183832884173710e-02
1.650000000000000000e+03 4.337891568981635387e-02
1.660000000000000000e+03 4.355100149293028577e-02
1.670000000000000000e+03 4.373495364643255334e-02
1.680000000000000000e+03 4.392730765409108562e-02
1.690000000000000000e+03 4.412429586241357893e-02
1.700000000000000000e+03 4.432187800374888520e-02
1.710000000000000000e+03 4.451578263821347886e-02
1.720000000000000000e+03 4.470155884077996883e-02
1.730000000000000000e+03 4.487463716053338714e-02
1.740000000000000000e+03 4.503039854440461093e-02
1.750000000000000000e+03 4.516425029400696761e-02
1.760000000000000000e+03 4.527170775529924113e-02
1.770000000000000000e+03 4.534847839918538376e-02
1.780000000000000000e+03 4.539054510376282908e-02
1.790000000000000000e+03 4.539424700538253338e-02
1.800000000000000000e+03 4.535635692181494427e-02
1.810000000000000000e+03 4.527415368262512063e-02
1.820000000000000000e+03 4.514548715930079281e-02
1.830000000000000000e+03 4.496883277556121272e-02
1.840000000000000000e+03 4.474333484420455614e-02
1.850000000000000000e+03 4.446883845360424803e-02
1.860000000000000000e+03 4.414590653130084918e-02
1.870000000000000000e+03 4.377582079021048039e-02
1.880000000000000000e+03 4.336056746365987008e-02
1.890000000000000000e+03 4.290280712706748961e-02
1.900000000000000000e+03 4.240582451637116973e-02
1.910000000000000000e+03 4.187346501869988052e-02
1.920000000000000000e+03 4.131005432412061112e-02
1.930000000000000000e+03 4.072030499432677253e-02
1.940000000000000000e+03 4.010921478199492435e-02
1.950000000000000000e+03 3.948195761797047149e-02
1.960000000000000000e+03 3.884377102918306485e-02
1.970000000000000000e+03 3.819984337247325085e-02
1.980000000000000000e+03 3.755520343800601568e-02
1.990000000000000000e+03 3.691461619288335244e-02
2.000000000000000000e+03 3.628248909926350130e-02
2.010000000000000000e+03 3.566279223248922103e-02
2.020000000000000000e+03 3.505899510450051493e-02
2.030000000000000000e+03 3.447402307145522316e-02
2.040000000000000000e+03 3.391023628863496647e-02
2.050000000000000000e+03 3.336943229344063733e-02
2.060000000000000000e+03 3.285287104905251776e-02
2.070000000000000000e+03 3.236132048118383481e-02
2.080000000000000000e+03 3.189511921013380574e-02
2.090000000000000000e+03 3.145425178198799770e-02
2.100000000000000000e+03 3.103843085189857132e-02
2.110000000000000000e+03 3.064718068561692044e-02
2.120000000000000000e+03 3.027991681573875132e-02
2.130000000000000000e+03 2.993601769012051161e-02
2.140000000000000000e+03 2.961488503900587890e-02
2.150000000000000000e+03 2.931599212302139768e-02
2.160000000000000000e+03 2.903891759232356956e-02
2.170000000000000000e+03 2.878336588118586906e-02
2.180000000000000000e+03 2.854917540558404854e-02
2.190000000000000000e+03 2.833631600405671011e-02
2.200000000000000000e+03 2.814487671556566151e-02
2.210000000000000000e+03 2.797504591007850608e-02
2.220000000000000000e+03 2.782708574264627227e-02
2.230000000000000000e+03 2.770130236201286122e-02
2.240000000000000000e+03 2.759801390751248293e-02
2.250000000000000000e+03 2.751751797870654812e-02
2.260000000000000000e+03 2.746005897487232422e-02
2.270000000000000000e+03 2.742579595629948339e-02
2.280000000000000000e+03 2.741477218291114501e-02
2.290000000000000000e+03 2.742688779713114977e-02
2.300000000000000000e+03 2.746187702064308012e-02
2.310000000000000000e+03 2.751928962951860971e-02
2.320000000000000000e+03 2.759847703437666097e-02
2.330000000000000000e+03 2.769858381266642952e-02
2.340000000000000000e+03 2.781854505279182654e-02
2.350000000000000000e+03 2.795709000100053340e-02
2.360000000000000000e+03 2.811275209233733002e-02
2.370000000000000000e+03 2.828388470063288376e-02
2.380000000000000000e+03 2.846868116656959755e-02
2.390000000000000000e+03 2.866519760456990792e-02
2.400000000000000000e+03 2.887137687825457044e-02
2.410000000000000000e+03 2.908507200834938022e-02
2.420000000000000000e+03 2.930406746725374920e-02
2.430000000000000000e+03 2.952609735253010348e-02
2.440000000000000000e+03 2.974885980529794541e-02
2.450000000000000000e+03 2.997002758186122218e-02
2.460000000000000000e+03 3.018725527229249375e-02
2.470000000000000000e+03 3.039818355034352645e-02
2.480000000000000000e+03 3.060044124973863508e-02
2.490000000000000000e+03 3.079164667261378649e-02
2.500000000000000000e+03 3.096940919493172337e-02
2.510000000000000000e+03 3.113133270084684698e-02
2.520000000000000000e+03 3.127502188261243460e-02
2.530000000000000000e+03 3.139809144110616151e-02
2.540000000000000000e+03 3.149818005683761857e-02
2.550000000000000000e+03 3.157296997737261968e-02
2.560000000000000000e+03 3.162021233559823147e-02
2.570000000000000000e+03 3.163775781010919746e-02
2.580000000000000000e+03 3.162359247888904545e-02
2.590000000000000000e+03 3.157587784509531537e-02
2.600000000000000000e+03 3.149299446099181055e-02
2.610000000000000000e+03 3.137358758803241582e-02
2.620000000000000000e+03 3.121661279487979168e-02
2.630000000000000000e+03 3.102137989250313560e-02
2.640000000000000000e+03 3.078759364481238603e-02
2.650000000000000000e+03 3.051539001937988993e-02
2.660000000000000000e+03 3.020536666729752712e-02
2.670000000000000000e+03 2.985860596365389613e-02
2.680000000000000000e+03 2.947668939922615250e-02
2.690000000000000000e+03 2.906170236800561385e-02
2.700000000000000000e+03 2.861622799408949577e-02
2.710000000000000000e+03 2.814332835722996654e-02
2.720000000000000000e+03 2.764651172160701234e-02
2.730000000000000000e+03 2.712968443363947615e-02
2.740000000000000000e+03 2.659708671587773104e-02
2.750000000000000000e+03 2.605321262946433056e-02
2.760000000000000000e+03 2.550271571157553679e-02
2.770000000000000000e+03 2.495030321191367764e-02
2.780000000000000000e+03 2.440062346503127366e-02
2.790000000000000000e+03 2.385815234793706163e-02
2.800000000000000000e+03 2.332708540172916123e-02
2.810000000000000000e+03 2.281124183371930139e-02
2.820000000000000000e+03 2.231398575685582253e-02
2.830000000000000000e+03 2.183816877694689032e-02
2.840000000000000000e+03 2.138609673782985998e-02
2.850000000000000000e+03 2.095952168652593858e-02
2.860000000000000000e+03 2.055965804206111650e-02
2.870000000000000000e+03 2.018722005316342383e-02
2.880000000000000000e+03 1.984247634442033378e-02
2.890000000000000000e+03 1.952531623424485011e-02
2.900000000000000000e+03 1.923532224975064639e-02
2.910000000000000000e+03 1.897184359310831112e-02
2.920000000000000000e+03 1.873406621033609984e-02
2.930000000000000000e+03 1.852107615690517725e-02
2.940000000000000000e+03 1.833191386103778797e-02
2.950000000000000000e+03 1.816561829285994259e-02
2.960000000000000000e+03 1.802126098365395418e-02
2.970000000000000000e+03 1.789797055941358059e-02
2.980000000000000000e+03 1.779494881992127464e-02
2.990000000000000000e+03 1.771147954769504082e-02
3.000000000000000000e+03 1.764693105843890414e-02
3.010000000000000000e+03 1.760075346086815984e-02
3.020000000000000000e+03 1.757247197065903155e-02
3.030000000000000000e+03 1.756167729660408974e-02
3.040000000000000000e+03 1.756801393276175363e-02
3.050000000000000000e+03 1.759116727298795646e-02
3.060000000000000000e+03 1.763085047146930456e-02
3.070000000000000000e+03 1.768679203292448585e-02
3.080000000000000000e+03 1.775872526497669635e-02
3.090000000000000000e+03 1.784638009458234045e-02
3.100000000000000000e+03 1.794947751847275619e-02
3.110000000000000000e+03 1.806772652174403609e-02
3.120000000000000000e+03 1.820082254982242562e-02
3.130000000000000000e+03 1.834844686137500000e-02
3.140000000000000000e+03 1.851026577362597375e-02
3.150000000000000000e+03 1.868592837896723355e-02
3.160000000000000000e+03 1.887506204181559413e-02
3.170000000000000000e+03 1.907726582889207601e-02
3.180000000000000000e+03 1.929210110510607215e-02
3.190000000000000000e+03 1.951907998804184446e-02
3.200000000000000000e+03 1.975765235912921303e-02
3.210000000000000000e+03 2.000719191254725707e-02
3.220000000000000000e+03 2.026698203902569176e-02
3.230000000000000000e+03 2.053620238694386230e-02
3.240000000000000000e+03 2.081391696277819919e-02
3.250000000000000000e+03 2.109906463980076516e-02
3.260000000000000000e+03 2.139045217158302634e-02
3.270000000000000000e+03 2.168674979736890523e-02
3.280000000000000000e+03 2.198648975173809333e-02
3.290000000000000000e+03 2.228806726283253173e-02
3.300000000000000000e+03 2.258974356963109817e-02
3.310000000000000000e+03 2.288965046687773883e-02
3.320000000000000000e+03 2.318579629009371798e-02
3.330000000000000000e+03 2.347607333323595280e-02
3.340000000000000000e+03 2.375826679473193315e-02
3.350000000000000000e+03 2.403006567228630971e-02
3.360000000000000000e+03 2.428907602288116543e-02
3.370000000000000000e+03 2.453283730866286094e-02
3.380000000000000000e+03 2.475884273356907320e-02
3.390000000000000000e+03 2.496456414008003249e-02
3.400000000000000000e+03 2.514748166893832418e-02
3.410000000000000000e+03 2.530511828568205931e-02
3.420000000000000000e+03 2.543507917062505508e-02
3.430000000000000000e+03 2.553509536095819807e-02
3.440000000000000000e+03 2.560307070259929332e-02
3.450000000000000000e+03 2.563713089744544885e-02
3.460000000000000000e+03 2.563567309335372177e-02
3.470000000000000000e+03 2.559741427902673463e-02
3.480000000000000000e+03 2.552143674008272578e-02
3.490000000000000000e+03 2.540722883052512829e-02
3.500000000000000000e+03 2.525471939095351795e-02
3.510000000000000000e+03 2.506430449712282113e-02
3.520000000000000000e+03 2.483686531661182667e-02
3.530000000000000000e+03 2.457377580029559624e-02
3.540000000000000000e+03 2.427689903506767555e-02
3.550000000000000000e+03 2.394857124127768022e-02
3.560000000000000000e+03 2.359157253282107708e-02
3.570000000000000000e+03 2.320908368108519707e-02
3.580000000000000000e+03 2.280462853016785446e-02
3.590000000000000000e+03 2.238200253364194467e-02
3.600000000000000000e+03 2.194518885657619975e-02
3.610000000000000000e+03 2.149826464918983340e-02
3.620000000000000000e+03 2.104530139681689768e-02
3.630000000000000000e+03 2.059026442741600932e-02
3.640000000000000000e+03 2.013691745386041176e-02
3.650000000000000000e+03 1.968873827032298351e-02
3.660000000000000000e+03 1.924885118442042770e-02
3.670000000000000000e+03 1.881998047435454527e-02
3.680000000000000000e+03 1.840442722493326744e-02
3.690000000000000000e+03 1.800406949218916544e-02
3.700000000000000000e+03 1.762038322055316936e-02
3.710000000000000000e+03 1.725447917071899068e-02
3.720000000000000000e+03 1.690714977146901346e-02
3.730000000000000000e+03 1.657891960815616531e-02
3.740000000000000000e+03 1.627009406080139400e-02
3.750000000000000000e+03 1.598080221028040648e-02
3.760000000000000000e+03 1.571103221584461279e-02
3.770000000000000000e+03 1.546065944016486622e-02
3.780000000000000000e+03 1.522946924087836655e-02
3.790000000000000000e+03 1.501717720771891286e-02
3.800000000000000000e+03 1.482344959911607342e-02
3.810000000000000000e+03 1.464792590887365256e-02
3.820000000000000000e+03 1.449024410600961016e-02
3.830000000000000000e+03 1.435006756028680067e-02
3.840000000000000000e+03 1.422711127634302374e-02
3.850000000000000000e+03 1.412116416171583545e-02
3.860000000000000000e+03 1.403210393510341547e-02
3.870000000000000000e+03 1.395990191314266243e-02
3.880000000000000000e+03 1.390461613260154591e-02
3.890000000000000000e+03 1.386637282933945309e-02
3.900000000000000000e+03 1.384533793938965210e-02
3.910000000000000000e+03 1.384168173388282755e-02
3.920000000000000000e+03 1.385554068849962836e-02
3.930000000000000000e+03 1.388698098908104292e-02
3.940000000000000000e+03 1.393596764945890729e-02
3.950000000000000000e+03 1.400234219858979834e-02
3.960000000000000000e+03 1.408581051714578175e-02
3.970000000000000000e+03 1.418594093371243134e-02
3.980000000000000000e+03 1.430217142320389101e-02
3.990000000000000000e+03 1.443382378431887041e-02
4.000000000000000000e+03 1.458012213585260439e-02
4.010000000000000000e+03 1.474021303952996291e-02
4.020000000000000000e+03 1.491318490029656420e-02
4.030000000000000000e+03 1.509808489417887450e-02
4.040000000000000000e+03 1.529393243122599555e-02
4.050000000000000000e+03 1.549972890024050448e-02
4.060000000000000000e+03 1.571446395006548605e-02
4.070000000000000000e+03 1.593711886313561865e-02
4.080000000000000000e+03 1.616666768768487694e-02
4.090000000000000000e+03 1.640207673646788128e-02
4.100000000000000000e+03 1.664230294313290975e-02
4.110000000000000000e+03 1.688629138470431820e-02
4.120000000000000000e+03 1.713297213081297135e-02
4.130000000000000000e+03 1.738125649693352676e-02
4.140000000000000000e+03 1.763003279487978039e-02
4.150000000000000000e+03 1.787816181184134767e-02
4.160000000000000000e+03 1.812447229963006640e-02
4.170000000000000000e+03 1.836775677192302100e-02
4.180000000000000000e+03 1.860676801239651706e-02
4.190000000000000000e+03 1.884021671965544278e-02
4.200000000000000000e+03 1.906677071822596159e-02
4.210000000000000000e+03 1.928505621396121861e-02
4.220000000000000000e+03 1.949366151927716187e-02
4.230000000000000000e+03 1.969114357025246453e-02
4.240000000000000000e+03 1.987603745422774140e-02
4.250000000000000000e+03 2.004686907949397925e-02
4.260000000000000000e+03 2.020217095176732661e-02
4.270000000000000000e+03 2.034050081793556744e-02
4.280000000000000000e+03 2.046046271004145836e-02
4.290000000000000000e+03 2.056072973164099413e-02
4.300000000000000000e+03 2.064006786848997591e-02
4.310000000000000000e+03 2.069736017511298806e-02
4.320000000000000000e+03 2.073163077858191858e-02
4.330000000000000000e+03 2.074206821010708343e-02
4.340000000000000000e+03 2.072804763513588777e-02
4.350000000000000000e+03 2.068915157332859925e-02
4.360000000000000000e+03 2.062518866583524027e-02
4.370000000000000000e+03 2.053620994734106642e-02
4.380000000000000000e+03 2.042252194232731244e-02
4.390000000000000000e+03 2.028469578663906134e-02
4.400000000000000000e+03 2.012357152142900396e-02
4.410000000000000000e+03 1.994025675349262589e-02
4.420000000000000000e+03 1.973611902202422608e-02
4.430000000000000000e+03 1.951277145918916753e-02
4.440000000000000000e+03 1.927205168028664137e-02
4.450000000000000000e+03 1.901599427725262845e-02
4.460000000000000000e+03 1.874679776486331759e-02
4.470000000000000000e+03 1.846678722655966873e-02
4.480000000000000000e+03 1.817837415494699335e-02
4.490000000000000000e+03 1.788401508490134600e-02
4.500000000000000000e+03 1.758617055859409972e-02
4.510000000000000000e+03 1.728726570181911629e-02
4.520000000000000000e+03 1.698965331881828814e-02
4.530000000000000000e+03 1.669558002669630295e-02
4.540000000000000000e+03 1.640715559591128872e-02
4.550000000000000000e+03 1.612632544577602065e-02
4.560000000000000000e+03 1.585484624738085074e-02
4.570000000000000000e+03 1.559426478232102051e-02
4.580000000000000000e+03 1.534590057052733110e-02
4.590000000000000000e+03 1.511083322376401833e-02
4.600000000000000000e+03 1.488989584012974030e-02
4.610000000000000000e+03 1.468367583405989947e-02
4.620000000000000000e+03 1.449252423949160679e-02
4.630000000000000000e+03 1.431657382525325893e-02
4.640000000000000000e+03 1.415576547581050282e-02
4.650000000000000000e+03 1.400988127787192866e-02
4.660000000000000000e+03 1.387858181214687674e-02
4.670000000000000000e+03 1.376144456340913647e-02
4.680000000000000000e+03 1.365800023727029369e-02
4.690000000000000000e+03 1.356776407939571522e-02
4.700000000000000000e+03 1.349026001851029791e-02
4.710000000000000000e+03 1.342503649402625177e-02
4.720000000000000000e+03 1.337167394896764464e-02
4.730000000000000000e+03 1.332978497900144492e-02
4.740000000000000000e+03 1.329900889860606387e-02
4.750000000000000000e+03 1.327900292216018137e-02
4.760000000000000000e+03 1.326943224659300063e-02
4.770000000000000000e+03 1.326996107234123742e-02
4.780000000000000000e+03 1.328024607353205794e-02
4.790000000000000000e+03 1.329993314442067844e-02
4.800000000000000000e+03 1.332865754460616468e-02
4.810000000000000000e+03 1.336604692739725916e-02
4.820000000000000000e+03 1.341172624989679305e-02
4.830000000000000000e+03 1.346532327263716758e-02
4.840000000000000000e+03 1.352647322365503786e-02
4.850000000000000000e+03 1.359482122166966699e-02
4.860000000000000000e+03 1.367002122900663232e-02
4.870000000000000000e+03 1.375173066613560521e-02
4.880000000000000000e+03 1.383960035509896290e-02
4.890000000000000000e+03 1.393326001791499180e-02
4.900000000000000000e+03 1.403230013550209494e-02
4.910000000000000000e+03 1.413625157877680151e-02
4.920000000000000000e+03 1.424456490685712534e-02
4.930000000000000000e+03 1.435659149277056582e-02
4.940000000000000000e+03 1.447156864129060805e-02
4.950000000000000000e+03 1.458861057622910622e-02
4.960000000000000000e+03 1.470670658038379132e-02
4.970000000000000000e+03 1.482472674698476385e-02
4.980000000000000000e+03 1.494143488906910476e-02
4.990000000000000000e+03 1.505550731018863442e-02
5.000000000000000000e+03 1.516555551890184581e-02
5.010000000000000000e+03 1.527015071976176204e-02
5.020000000000000000e+03 1.536784812521712652e-02
5.030000000000000000e+03 1.545720970934354524e-02
5.040000000000000000e+03 1.553682478011817261e-02
5.050000000000000000e+03 1.560532857619014065e-02
5.060000000000000000e+03 1.566141978630922540e-02
5.070000000000000000e+03 1.570387822681197643e-02
5.080000000000000000e+03 1.573158385219586633e-02
5.090000000000000000e+03 1.574353790103239295e-02
5.100000000000000000e+03 1.573888635629625693e-02
5.110000000000000000e+03 1.571694509103631690e-02
5.120000000000000000e+03 1.567722529935710110e-02
5.130000000000000000e+03 1.561945727589288645e-02
5.140000000000000000e+03 1.554361036686479833e-02
5.150000000000000000e+03 1.544990700735571210e-02
5.160000000000000000e+03 1.533882914024525118e-02
5.170000000000000000e+03 1.521111589853844231e-02
5.180000000000000000e+03 1.506775214887180053e-02
5.190000000000000000e+03 1.490994824862009079e-02
5.200000000000000000e+03 1.473911200089851777e-02
5.210000000000000000e+03 1.455681421802016914e-02
5.220000000000000000e+03 1.436474958627670558e-02
5.230000000000000000e+03 1.416469470009386854e-02
5.240000000000000000e+03 1.395846520487920885e-02
5.250000000000000000e+03 1.374787403885944538e-02
5.260000000000000000e+03 1.353469277558251409e-02
5.270000000000000000e+03 1.332061794006948914e-02
5.280000000000000000e+03 1.310724384807599938e-02
5.290000000000000000e+03 1.289604296398634206e-02
5.300000000000000000e+03 1.268835400336918232e-02
5.310000000000000000e+03 1.248537711619248335e-02
5.320000000000000000e+03 1.228817465672458163e-02
5.330000000000000000e+03 1.209767545167216712e-02
5.340000000000000000e+03 1.191468023665930367e-02
5.350000000000000000e+03 1.173986619520138441e-02
5.360000000000000000e+03 1.157378933016198902e-02
5.370000000000000000e+03 1.141688453411353159e-02
5.380000000000000000e+03 1.126946446482050661e-02
5.390000000000000000e+03 1.113171939353907805e-02
5.400000000000000000e+03 1.100372080229302871e-02
5.410000000000000000e+03 1.088543143005048577e-02
5.420000000000000000e+03 1.077672364367519148e-02
5.430000000000000000e+03 1.067740655050931214e-02
5.440000000000000000e+03 1.058726041252468393e-02
5.450000000000000000e+03 1.050607504746584389e-02
5.460000000000000000e+03 1.043368746913165244e-02
5.470000000000000000e+03 1.037001343606325579e-02
5.480000000000000000e+03 1.031506807203745948e-02
5.490000000000000000e+03 1.026897224394216629e-02
5.500000000000000000e+03 1.023194365346804212e-02
5.510000000000000000e+03 1.020427413836021494e-02
5.520000000000000000e+03 1.018629693510892352e-02
5.530000000000000000e+03 1.017834911588735847e-02
5.540000000000000000e+03 1.018073480882063404e-02
5.550000000000000000e+03 1.019369416367024023e-02
5.560000000000000000e+03 1.021738154905069140e-02
5.570000000000000000e+03 1.025185454630310466e-02
5.580000000000000000e+03 1.029707337361292913e-02
5.590000000000000000e+03 1.035290879794332868e-02
5.600000000000000000e+03 1.041915563872334964e-02
5.610000000000000000e+03 1.049554870405221101e-02
5.620000000000000000e+03 1.058177834050518656e-02
5.630000000000000000e+03 1.067750350859413347e-02
5.640000000000000000e+03 1.078236120505824021e-02
5.650000000000000000e+03 1.089597194019025460e-02
5.660000000000000000e+03 1.101794165783419495e-02
5.670000000000000000e+03 1.114786087912628468e-02
5.680000000000000000e+03 1.128530197830882043e-02
5.690000000000000000e+03 1.142981539770906128e-02
5.700000000000000000e+03 1.158092533910160503e-02
5.710000000000000000e+03 1.173812515991663058e-02
5.720000000000000000e+03 1.190087247587812147e-02
5.730000000000000000e+03 1.206858388492233758e-02
5.740000000000000000e+03 1.224062926011390724e-02
5.750000000000000000e+03 1.241632567616163772e-02
5.760000000000000000e+03 1.259493118621049165e-02
5.770000000000000000e+03 1.277563880332651704e-02
5.780000000000000000e+03 1.295757112454655642e-02
5.790000000000000000e+03 1.313977606533914613e-02
5.800000000000000000e+03 1.332122416593074614e-02
5.810000000000000000e+03 1.350080789609892432e-02
5.820000000000000000e+03 1.367734336427048857e-02
5.830000000000000000e+03 1.384957485445465104e-02
5.840000000000000000e+03 1.401618260147124116e-02
5.850000000000000000e+03 1.417579410525297845e-02
5.860000000000000000e+03 1.432699910859509297e-02
5.870000000000000000e+03 1.446836813392064595e-02
5.880000000000000000e+03 1.459847418734057899e-02
5.890000000000000000e+03 1.471591694042839737e-02
5.900000000000000000e+03 1.481934844572219828e-02
5.910000000000000000e+03 1.490749930721027745e-02
5.920000000000000000e+03 1.497920427673577783e-02
5.930000000000000000e+03 1.503342646334813668e-02
5.940000000000000000e+03 1.506927964054115623e-02
5.950000000000000000e+03 1.508604840850250907e-02
5.960000000000000000e+03 1.508320616190006805e-02
5.970000000000000000e+03 1.506043089253268456e-02
5.980000000000000000e+03 1.501761877026388213e-02
5.990000000000000000e+03 1.495489524450566848e-02
6.000000000000000000e+03 1.487262310039375729e-02
6.010000000000000000e+03 1.477140654975211964e-02
6.020000000000000000e+03 1.465209021637332854e-02
6.030000000000000000e+03 1.451575183952174587e-02
6.040000000000000000e+03 1.436368769385131840e-02
6.050000000000000000e+03 1.419739014624416158e-02
6.060000000000000000e+03 1.401851745635536092e-02
6.070000000000000000e+03 1.382885677217856810e-02
6.080000000000000000e+03 1.363028207103361526e-02
6.090000000000000000e+03 1.342470945204117354e-02
6.100000000000000000e+03 1.321405259327403450e-02
6.110000000000000000e+03 1.300018120780960067e-02
6.120000000000000000e+03 1.278488494374882892e-02
6.130000000000000000e+03 1.256984452204530818e-02
6.140000000000000000e+03 1.235661107289374484e-02
6.150000000000000000e+03 1.214659361619683381e-02
6.160000000000000000e+03 1.194105363087687513e-02
6.170000000000000000e+03 1.174110489669191737e-02
6.180000000000000000e+03 1.154771637324750015e-02
6.190000000000000000e+03 1.136171585189677327e-02
6.200000000000000000e+03 1.118379250258715561e-02
6.210000000000000000e+03 1.101449720276868535e-02
6.220000000000000000e+03 1.085424061682969260e-02
6.230000000000000000e+03 1.070329024856973496e-02
6.240000000000000000e+03 1.056176883135667190e-02
6.250000000000000000e+03 1.042965716668283437e-02
6.260000000000000000e+03 1.030680461071701443e-02
6.270000000000000000e+03 1.019294966378968444e-02
6.280000000000000000e+03 1.008775155019131856e-02
6.290000000000000000e+03 9.990831516351552158e-03
6.300000000000000000e+03 9.901820277927929348e-03
6.310000000000000000e+03 9.820406135412266743e-03
6.320000000000000000e+03 9.746377219349629251e-03
6.330000000000000000e+03 9.679651474253895757e-03
6.340000000000000000e+03 9.620289452743622724e-03
6.350000000000000000e+03 9.568487535514412848e-03
6.360000000000000000e+03 9.524552332185002093e-03
6.370000000000000000e+03 9.488860138806910413e-03
6.380000000000000000e+03 9.461807790903152895e-03
6.390000000000000000e+03 9.443762516875073634e-03
6.400000000000000000e+03 9.435018209041223444e-03
6.410000000000000000e+03 9.435763972384478282e-03
6.420000000000000000e+03 9.446068267256902545e-03
6.430000000000000000e+03 9.465878994881682731e-03
6.440000000000000000e+03 9.495037095321210568e-03
6.450000000000000000e+03 9.533299179053432090e-03
6.460000000000000000e+03 9.580363757318664103e-03
6.470000000000000000e+03 9.635895880821365722e-03
6.480000000000000000e+03 9.699546243906467802e-03
6.490000000000000000e+03 9.770962663646924964e-03
6.500000000000000000e+03 9.849793831352971624e-03
6.510000000000000000e+03 9.935686915116403659e-03
6.520000000000000000e+03 1.002828160952531911e-02
6.530000000000000000e+03 1.012720342593308696e-02
6.540000000000000000e+03 1.023205850202345106e-02
6.550000000000000000e+03 1.034243122435770865e-02
6.560000000000000000e+03 1.045788479789060491e-02
6.570000000000000000e+03 1.057796387078996717e-02
6.580000000000000000e+03 1.070219768621821950e-02
6.590000000000000000e+03 1.083010211325920180e-02
6.600000000000000000e+03 1.096117928508157785e-02
6.610000000000000000e+03 1.109491427223233823e-02
6.620000000000000000e+03 1.123076904224466072e-02
6.630000000000000000e+03 1.136817473268058459e-02
6.640000000000000000e+03 1.150652378418812530e-02
6.650000000000000000e+03 1.164516363190510294e-02
6.660000000000000000e+03 1.178339344817030086e-02
6.670000000000000000e+03 1.192046494341934999e-02
6.680000000000000000e+03 1.205558759950930287e-02
6.690000000000000000e+03 1.218793802444653393e-02
6.700000000000000000e+03 1.231667249159438052e-02
6.710000000000000000e+03 1.244094134576291186e-02
6.720000000000000000e+03 1.255990387591797604e-02
6.730000000000000000e+03 1.267274236069231702e-02
6.740000000000000000e+03 1.277867424890911756e-02
6.750000000000000000e+03 1.287696182695831880e-02
6.760000000000000000e+03 1.296691916623063552e-02
6.770000000000000000e+03 1.304791655591608888e-02
6.780000000000000000e+03 1.311938295449899608e-02
6.790000000000000000e+03 1.318080721007430615e-02
6.800000000000000000e+03 1.323173885442452923e-02
6.810000000000000000e+03 1.327178923115180514e-02
6.820000000000000000e+03 1.330063363392530382e-02
6.830000000000000000e+03 1.331801495948721145e-02
6.840000000000000000e+03 1.332374914244675856e-02
6.850000000000000000e+03 1.331773233181742649e-02
6.860000000000000000e+03 1.329994939849751812e-02
6.870000000000000000e+03 1.327048294098504694e-02
6.880000000000000000e+03 1.322952149974844852e-02
6.890000000000000000e+03 1.317736533245242661e-02
6.900000000000000000e+03 1.311442799175679269e-02
6.910000000000000000e+03 1.304123217650999395e-02
6.920000000000000000e+03 1.295839889864537804e-02
6.930000000000000000e+03 1.286662988105420798e-02
6.940000000000000000e+03 1.276668420139851802e-02
6.950000000000000000e+03 1.265935134521848152e-02
6.960000000000000000e+03 1.254542376766697338e-02
6.970000000000000000e+03 1.242567255602427916e-02
6.980000000000000000e+03 1.230082965689344859e-02
6.990000000000000000e+03 1.217157933970277467e-02
7.000000000000000000e+03 1.203856020660717258e-02
7.010000000000000000e+03 1.190237733025861430e-02
7.020000000000000000e+03 1.176362232911933384e-02
7.030000000000000000e+03 1.162289777475419318e-02
7.040000000000000000e+03 1.148084158680490359e-02
7.050000000000000000e+03 1.133814716857660561e-02
7.060000000000000000e+03 1.119557597565407070e-02
7.070000000000000000e+03 1.105396077644247785e-02
7.080000000000000000e+03 1.091419971023487902e-02
7.090000000000000000e+03 1.077724293771260139e-02
7.100000000000000000e+03 1.064407473287580161e-02
7.110000000000000000e+03 1.051569403204683471e-02
7.120000000000000000e+03 1.039309578436428509e-02
7.130000000000000000e+03 1.027725414638409190e-02
7.140000000000000000e+03 1.016910704518663063e-02
7.150000000000000000e+03 1.006954043997942277e-02
7.160000000000000000e+03 9.979370173988097795e-03
7.170000000000000000e+03 9.899319828703916427e-03
7.180000000000000000e+03 9.829994384953603601e-03
7.190000000000000000e+03 9.771851330728194632e-03
7.200000000000000000e+03 9.725172562742743707e-03
7.210000000000000000e+03 9.690041521998978696e-03
7.220000000000000000e+03 9.666330093216594921e-03
7.230000000000000000e+03 9.653698718606934862e-03
7.240000000000000000e+03 9.651611152531536925e-03
7.250000000000000000e+03 9.659362814136710634e-03
7.260000000000000000e+03 9.676119334663316543e-03
7.270000000000000000e+03 9.700960195817221604e-03
7.280000000000000000e+03 9.732921727881264223e-03
7.290000000000000000e+03 9.771034342829679198e-03
7.300000000000000000e+03 9.814350579026097365e-03
7.310000000000000000e+03 9.861962866779351577e-03
7.320000000000000000e+03 9.913012354937739481e-03
7.330000000000000000e+03 9.966692083025396540e-03
7.340000000000000000e+03 1.002224869274081533e-02
7.350000000000000000e+03 1.007898663860951061e-02
7.360000000000000000e+03 1.013627753957624042e-02
7.370000000000000000e+03 1.019357524254663194e-02
7.380000000000000000e+03 1.025043496043922912e-02
7.390000000000000000e+03 1.030653301133577573e-02
7.400000000000000000e+03 1.036168259636592592e-02
7.410000000000000000e+03 1.041584098452612989e-02
7.420000000000000000e+03 1.046910440972858257e-02
7.430000000000000000e+03 1.052168872307221968e-02
7.440000000000000000e+03 1.057389604658662795e-02
7.450000000000000000e+03 1.062606995853992986e-02
7.460000000000000000e+03 1.067854372040449341e-02
7.470000000000000000e+03 1.073158738484066184e-02
7.480000000000000000e+03 1.078536011784099295e-02
7.490000000000000000e+03 1.083987360946400691e-02
7.500000000000000000e+03 1.089497104461500943e-02
7.510000000000000000e+03 1.095032393348191295e-02
7.520000000000000000e+03 1.100544652153895818e-02
7.530000000000000000e+03 1.105972494950513418e-02
7.540000000000000000e+03 1.111245625082910027e-02
7.550000000000000000e+03 1.116289105335450602e-02
7.560000000000000000e+03 1.121027371867032267e-02
7.570000000000000000e+03 1.125387461245153792e-02
7.580000000000000000e+03 1.129301104721164642e-02
7.590000000000000000e+03 1.132705577752885287e-02
7.600000000000000000e+03 1.135543430361040176e-02
7.610000000000000000e+03 1.137761423744521917e-02
7.620000000000000000e+03 1.139309126778128949e-02
7.630000000000000000e+03 1.140137662348868208e-02
7.640000000000000000e+03 1.140199042519533454e-02
7.650000000000000000e+03 1.139446415478247848e-02
7.660000000000000000e+03 1.137835386087919856e-02
7.670000000000000000e+03 1.135326389212284320e-02
7.680000000000000000e+03 1.131887917160682121e-02
7.690000000000000000e+03 1.127500252186119239e-02
7.700000000000000000e+03 1.122159249346211043e-02
7.710000000000000000e+03 1.115879668717696671e-02
7.720000000000000000e+03 1.108697580129781694e-02
7.730000000000000000e+03 1.100671455289897391e-02
7.740000000000000000e+03 1.091881710681718090e-02
7.750000000000000000e+03 1.082428648327904593e-02
7.760000000000000000e+03 1.072428931894989917e-02
7.770000000000000000e+03 1.062010907842177859e-02
7.780000000000000000e+03 1.051309212940497971e-02
7.790000000000000000e+03 1.040459181237560031e-02
7.800000000000000000e+03 1.029591559461718285e-02
7.810000000000000000e+03 1.018827966260390204e-02
7.820000000000000000e+03 1.008277407113537805e-02
7.830000000000000000e+03 9.980340022832373884e-03
7.840000000000000000e+03 9.881759276650737417e-03
7.850000000000000000e+03 9.787654347922645354e-03
7.860000000000000000e+03 9.698497235989447102e-03
7.870000000000000000e+03 9.614624010858692851e-03
7.880000000000000000e+03 9.536252679538222837e-03
7.890000000000000000e+03 9.463502175894630830e-03
7.900000000000000000e+03 9.396410931938076194e-03
7.910000000000000000e+03 9.334954176598263265e-03
7.920000000000000000e+03 9.279059671692875891e-03
7.930000000000000000e+03 9.228621868226673935e-03
7.940000000000000000e+03 9.183514480206588296e-03
7.950000000000000000e+03 9.143601357352164685e-03
7.960000000000000000e+03 9.108745405183690108e-03
7.970000000000000000e+03 9.078815256424907845e-03
7.980000000000000000e+03 9.053689535250512496e-03
7.990000000000000000e+03 9.033258924814071417e-03
8.000000000000000000e+03 9.017426680740393136e-03
8.010000000000000000e+03 9.006108546228786677e-03
8.020000000000000000e+03 8.999233084332532856e-03
8.030000000000000000e+03 8.996743169179451452e-03
8.040000000000000000e+03 8.998598810924870670e-03
8.050000000000000000e+03 9.004780784102014643e-03
8.060000000000000000e+03 9.015293906179441125e-03
8.070000000000000000e+03 9.030168469644165447e-03
8.080000000000000000e+03 9.049458380037012084e-03
8.090000000000000000e+03 9.073235001153208412e-03
8.100000000000000000e+03 9.101576489404572534e-03
8.110000000000000000e+03 9.134553349333841485e-03
8.120000000000000000e+03 9.172211841830219675e-03
8.130000000000000000e+03 9.214557515571613136e-03
8.140000000000000000e+03 9.261541366677488590e-03
8.150000000000000000e+03 9.313050880014318161e-03
8.160000000000000000e+03 9.368907509801948155e-03
8.170000000000000000e+03 9.428871170969440121e-03
8.180000000000000000e+03 9.492651184548490592e-03
8.190000000000000000e+03 9.559922014390436970e-03
8.200000000000000000e+03 9.630341285408372878e-03
8.210000000000000000e+03 9.703567181930571051e-03
8.220000000000000000e+03 9.779272473931252194e-03
8.230000000000000000e+03 9.857153071373895084e-03
8.240000000000000000e+03 9.936930020509793585e-03
8.250000000000000000e+03 1.001834503493165447e-02
8.260000000000000000e+03 1.010115082009845067e-02
8.270000000000000000e+03 1.018509838068577811e-02
8.280000000000000000e+03 1.026992396271192778e-02
8.290000000000000000e+03 1.035533822530592361e-02
8.300000000000000000e+03 1.044101971016492270e-02
8.310000000000000000e+03 1.052661374130889685e-02
8.320000000000000000e+03 1.061173668686517420e-02
8.330000000000000000e+03 1.069598430388296259e-02
8.340000000000000000e+03 1.077894190944504206e-02
8.350000000000000000e+03 1.086019359299078904e-02
8.360000000000000000e+03 1.093932776928417498e-02
8.370000000000000000e+03 1.101593707984091855e-02
8.380000000000000000e+03 1.108961184165116291e-02
8.390000000000000000e+03 1.115992776853061939e-02
8.400000000000000000e+03 1.122643028793061590e-02
8.410000000000000000e+03 1.128861904490821230e-02
8.420000000000000000e+03 1.134593681636708075e-02
8.430000000000000000e+03 1.139776688836494946e-02
8.440000000000000000e+03 1.144344196050505434e-02
8.450000000000000000e+03 1.148226592491569803e-02
8.460000000000000000e+03 1.151354768570922622e-02
8.470000000000000000e+03 1.153664398228205698e-02
8.480000000000000000e+03 1.155100639653940629e-02
8.490000000000000000e+03 1.155622670017864007e-02
8.500000000000000000e+03 1.155207465809702030e-02
8.510000000000000000e+03 1.153852337397465004e-02
8.520000000000000000e+03 1.151575905188095134e-02
8.530000000000000000e+03 1.148417428171746857e-02
8.540000000000000000e+03 1.144434617743378575e-02
8.550000000000000000e+03 1.139700253916840593e-02
8.560000000000000000e+03 1.134298041817236730e-02
8.570000000000000000e+03 1.128318187715069906e-02
8.580000000000000000e+03 1.121853140118454079e-02
8.590000000000000000e+03 1.114993851414930459e-02
8.600000000000000000e+03 1.107826791280492121e-02
8.610000000000000000e+03 1.100431805681005744e-02
8.620000000000000000e+03 1.092880785786178553e-02
8.630000000000000000e+03 1.085237014951586157e-02
8.640000000000000000e+03 1.077555014445173882e-02
8.650000000000000000e+03 1.069880699899672036e-02
8.660000000000000000e+03 1.062251685796469607e-02
8.670000000000000000e+03 1.054697634758366281e-02
8.680000000000000000e+03 1.047240622690470344e-02
8.690000000000000000e+03 1.039895562948320654e-02
8.700000000000000000e+03 1.032670789930966934e-02
8.710000000000000000e+03 1.025568924116148500e-02
8.720000000000000000e+03 1.018588124551982055e-02
8.730000000000000000e+03 1.011723791163456933e-02
8.740000000000000000e+03 1.004970708856146519e-02
8.750000000000000000e+03 9.983255286271719778e-03
8.760000000000000000e+03 9.917893794125914875e-03
8.770000000000000000e+03 9.853703240273547700e-03
8.780000000000000000e+03 9.790853296192799857e-03
8.790000000000000000e+03 9.729614305127998533e-03
8.800000000000000000e+03 9.670358251299590938e-03
8.810000000000000000e+03 9.613547631174250083e-03
8.820000000000000000e+03 9.559712299558776813e-03
8.830000000000000000e+03 9.509416072939331360e-03
8.840000000000000000e+03 9.463216540133021631e-03
8.850000000000000000e+03 9.421622735857705655e-03
8.860000000000000000e+03 9.385055828318706814e-03
8.870000000000000000e+03 9.353817761607537834e-03
8.880000000000000000e+03 9.328071847897748820e-03
8.890000000000000000e+03 9.307837638395918822e-03
8.900000000000000000e+03 9.293000268129947977e-03
8.910000000000000000e+03 9.283332304951343733e-03
8.920000000000000000e+03 9.278524381393635223e-03
8.930000000000000000e+03 9.278219810704030693e-03
8.940000000000000000e+03 9.282048027006491869e-03
8.950000000000000000e+03 9.289652196856264602e-03
8.960000000000000000e+03 9.300707768112098303e-03
8.970000000000000000e+03 9.314930636304556699e-03
8.980000000000000000e+03 9.332075587604382258e-03
8.990000000000000000e+03 9.351927510665726181e-03
9.000000000000000000e+03 9.374289211376882203e-03
9.010000000000000000e+03 9.398970121378413811e-03
9.020000000000000000e+03 9.425779699971209916e-03
9.030000000000000000e+03 9.454528004735042457e-03
9.040000000000000000e+03 9.485033975367870157e-03
9.050000000000000000e+03 9.517139897311070046e-03
9.060000000000000000e+03 9.550728792050900209e-03
9.070000000000000000e+03 9.585740515731173625e-03
9.080000000000000000e+03 9.622182297609156026e-03
9.090000000000000000e+03 9.660130261241994462e-03
9.100000000000000000e+03 9.699719923846371675e-03
9.110000000000000000e+03 9.741125526268117410e-03
9.120000000000000000e+03 9.784529909427878633e-03
9.130000000000000000e+03 9.830088111649227037e-03
9.140000000000000000e+03 9.877888785929879803e-03
9.150000000000000000e+03 9.927917873196450554e-03
9.160000000000000000e+03 9.980028604505657500e-03
9.170000000000000000e+03 1.003392098792657040e-02
9.180000000000000000e+03 1.008913276376990215e-02
9.190000000000000000e+03 1.014504250600792475e-02
9.200000000000000000e+03 1.020088428742381426e-02
9.210000000000000000e+03 1.025577223847518732e-02
9.220000000000000000e+03 1.030873255919985583e-02
9.230000000000000000e+03 1.035874021286632002e-02
9.240000000000000000e+03 1.040475749164083974e-02
9.250000000000000000e+03 1.044577186789026960e-02
9.260000000000000000e+03 1.048083112602630519e-02
9.270000000000000000e+03 1.050907441466916725e-02
9.280000000000000000e+03 1.052975841954926009e-02
9.290000000000000000e+03 1.054227852661280759e-02
9.300000000000000000e+03 1.054618535632663966e-02
9.310000000000000000e+03 1.054119731199847435e-02
9.320000000000000000e+03 1.052720975790677298e-02
9.330000000000000000e+03 1.050430118286191719e-02
9.340000000000000000e+03 1.047273626159518460e-02
9.350000000000000000e+03 1.043296512270570388e-02
9.360000000000000000e+03 1.038561774688506398e-02
9.370000000000000000e+03 1.033149224289345476e-02
9.380000000000000000e+03 1.027153572416276452e-02
9.390000000000000000e+03 1.020681707145934015e-02
9.400000000000000000e+03 1.013849184943996749e-02
9.410000000000000000e+03 1.006776056338531955e-02
9.420000000000000000e+03 9.995822617264471868e-03
9.430000000000000000e+03 9.923829356051445602e-03
9.440000000000000000e+03 9.852840080127709885e-03
9.450000000000000000e+03 9.783784911415000993e-03
9.460000000000000000e+03 9.717437715146732408e-03
9.470000000000000000e+03 9.654401139863086345e-03
9.480000000000000000e+03 9.595104471553388484e-03
9.490000000000000000e+03 9.539813360587961685e-03
9.500000000000000000e+03 9.488648963118254120e-03
9.510000000000000000e+03 9.441613161286034617e-03
9.520000000000000000e+03 9.398616249844359005e-03
9.530000000000000000e+03 9.359503517633833286e-03
9.540000000000000000e+03 9.324077774215738454e-03
9.550000000000000000e+03 9.292116296522526589e-03
9.560000000000000000e+03 9.263382297396777904e-03
9.570000000000000000e+03 9.237632305604528624e-03
9.580000000000000000e+03 9.214621706101629520e-03
9.590000000000000000e+03 9.194111167361020479e-03
9.600000000000000000e+03 9.175876359071665975e-03
9.610000000000000000e+03 9.159722085980995243e-03
9.620000000000000000e+03 9.145500426549286327e-03
9.630000000000000000e+03 9.133130942249514245e-03
9.640000000000000000e+03 9.122619672684163794e-03
9.650000000000000000e+03 9.114072883338023359e-03
9.660000000000000000e+03 9.107701681373706754e-03
9.670000000000000000e+03 9.103814661616036266e-03
9.680000000000000000e+03 9.102797503469877913e-03
9.690000000000000000e+03 9.105080713820467783e-03
9.700000000000000000e+03 9.111099008076689598e-03
9.710000000000000000e+03 9.121247539011544461e-03
9.720000000000000000e+03 9.135840980739008341e-03
9.730000000000000000e+03 9.155081328416456166e-03
9.740000000000000000e+03 9.179039165439819778e-03
9.750000000000000000e+03 9.207650917358258316e-03
9.760000000000000000e+03 9.240731878857494017e-03
9.770000000000000000e+03 9.278002272620461399e-03
9.780000000000000000e+03 9.319121424615491728e-03
9.790000000000000000e+03 9.363723903966579554e-03
9.800000000000000000e+03 9.411451671404204300e-03
9.810000000000000000e+03 9.461977404159768040e-03
9.820000000000000000e+03 9.515015971506671916e-03
9.830000000000000000e+03 9.570323571897187964e-03
9.840000000000000000e+03 9.627686586564104462e-03
9.850000000000000000e+03 9.686904021449780841e-03
9.860000000000000000e+03 9.747768230206838372e-03
9.870000000000000000e+03 9.810048520389635929e-03
9.880000000000000000e+03 9.873481327617507700e-03
9.890000000000000000e+03 9.937768942989125623e-03
9.900000000000000000e+03 1.000258645903897084e-02
9.910000000000000000e+03 1.006759445009081100e-02
9.920000000000000000e+03 1.013245379461580505e-02
9.930000000000000000e+03 1.019683870815455209e-02
9.940000000000000000e+03 1.026044406762412903e-02
9.950000000000000000e+03 1.032298421577304386e-02
9.960000000000000000e+03 1.038418255052800908e-02
9.970000000000000000e+03 1.044375313882838288e-02
9.980000000000000000e+03 1.050137712131988567e-02
9.990000000000000000e+03 1.055667797037438890e-02
1.000000000000000000e+04 1.060920014314250918e-02
1.001000000000000000e+04 1.065839541071059680e-02
1.002000000000000000e+04 1.070362008214487126e-02
1.003000000000000000e+04 1.074414451369160896e-02
1.004000000000000000e+04 1.077917439710628263e-02
1.005000000000000000e+04 1.080788195189266547e-02
1.006000000000000000e+04 1.082944400225591998e-02
1.007000000000000000e+04 1.084308330254595346e-02
1.008000000000000000e+04 1.084810949605757163e-02
1.009000000000000000e+04 1.084395644686581527e-02
1.010000000000000000e+04 1.083021361257397591e-02
1.011000000000000000e+04 1.080664991305240255e-02
1.012000000000000000e+04 1.077322910382129927e-02
1.013000000000000000e+04 1.073011633833300706e-02
1.014000000000000000e+04 1.067767589671577040e-02
1.015000000000000000e+04 1.061646013899755076e-02
1.016000000000000000e+04 1.054719025625976657e-02
1.017000000000000000e+04 1.047072992006850556e-02
1.018000000000000000e+04 1.038805340610775806e-02
1.019000000000000000e+04 1.030020991788342319e-02
1.020000000000000000e+04 1.020828629996350760e-02
1.021000000000000000e+04 1.011337063365316292e-02
1.022000000000000000e+04 1.001651855256192360e-02
1.023000000000000000e+04 9.918723613514313087e-03
1.024000000000000000e+04 9.820892647822243235e-03
1.025000000000000000e+04 9.723826918106947756e-03
1.026000000000000000e+04 9.628208449662238946e-03
1.027000000000000000e+04 9.534591255520282263e-03
1.028000000000000000e+04 9.443397785426925831e-03
1.029000000000000000e+04 9.354920213204930349e-03
1.030000000000000000e+04 9.269327056577639223e-03
1.031000000000000000e+04 9.186675537874307643e-03
1.032000000000000000e+04 9.106930285675418277e-03
1.033000000000000000e+04 9.029988199120311462e-03
1.034000000000000000e+04 8.955707980057108636e-03
1.035000000000000000e+04 8.883942536543258314e-03
1.036000000000000000e+04 8.814571376626856650e-03
1.037000000000000000e+04 8.747529754346446834e-03
1.038000000000000000e+04 8.682832121760455588e-03
1.039000000000000000e+04 8.620588540901103630e-03
1.040000000000000000e+04 8.561013823216265251e-03
1.041000000000000000e+04 8.504430012117245030e-03
1.042000000000000000e+04 8.451263333150970877e-03
1.043000000000000000e+04 8.402036796420165807e-03
1.044000000000000000e+04 8.357359160321185115e-03
1.045000000000000000e+04 8.317909661456486872e-03
1.046000000000000000e+04 8.284416791324886870e-03
1.047000000000000000e+04 8.257629257171548651e-03
1.048000000000000000e+04 8.238277788857920406e-03
1.049000000000000000e+04 8.227028038254480258e-03
1.050000000000000000e+04 8.224427251616404227e-03
1.051000000000000000e+04 8.230849757572935091e-03
1.052000000000000000e+04 8.246448655573068026e-03
1.053000000000000000e+04 8.271122038672806820e-03
1.054000000000000000e+04 8.304501113492084377e-03
1.055000000000000000e+04 8.345965202502676414e-03
1.056000000000000000e+04 8.394684727303253560e-03
1.057000000000000000e+04 8.449688459746640401e-03
1.058000000000000000e+04 8.509947327964402508e-03
1.059000000000000000e+04 8.574464358239091560e-03
1.060000000000000000e+04 8.642358985739040031e-03
1.061000000000000000e+04 8.712934909294391822e-03
1.062000000000000000e+04 8.785723752357277663e-03
1.063000000000000000e+04 8.860501007235788151e-03
1.064000000000000000e+04 8.937274811792380105e-03
1.065000000000000000e+04 9.016251458136901112e-03
1.066000000000000000e+04 9.097784097487873062e-03
1.067000000000000000e+04 9.182312257630562483e-03
1.068000000000000000e+04 9.270299313087830909e-03
1.069000000000000000e+04 9.362173911951016114e-03
1.070000000000000000e+04 9.458279829166291175e-03
1.071000000000000000e+04 9.558836893402197082e-03
1.072000000000000000e+04 9.663914056092903770e-03
1.073000000000000000e+04 9.773414476151270555e-03
1.074000000000000000e+04 9.887071810737165650e-03
1.075000000000000000e+04 1.000445644151019310e-02
1.076000000000000000e+04 1.012498953332236981e-02
1.077000000000000000e+04 1.024796255405074907e-02
1.078000000000000000e+04 1.037256016581649710e-02
1.079000000000000000e+04 1.049788454222801322e-02
1.080000000000000000e+04 1.062297952965491309e-02
1.081000000000000000e+04 1.074685353026758917e-02
1.082000000000000000e+04 1.086850028099565352e-02
1.083000000000000000e+04 1.098691710162453053e-02
1.084000000000000000e+04 1.110112052922052582e-02
1.085000000000000000e+04 1.121015944950684053e-02
1.086000000000000000e+04 1.131312576771124900e-02
1.087000000000000000e+04 1.140916297252272948e-02
1.088000000000000000e+04 1.149747347146882863e-02
1.089000000000000000e+04 1.157732538404301556e-02
1.090000000000000000e+04 1.164805909762446808e-02
1.091000000000000000e+04 1.170909387034187524e-02
1.092000000000000000e+04 1.175993457217717336e-02
1.093000000000000000e+04 1.180017836236437259e-02
1.094000000000000000e+04 1.182952056667341961e-02
1.095000000000000000e+04 1.184775856806533946e-02
1.096000000000000000e+04 1.185479266880869013e-02
1.097000000000000000e+04 1.185062326588567048e-02
1.098000000000000000e+04 1.183534432204688160e-02
1.099000000000000000e+04 1.180913386946170346e-02
1.100000000000000000e+04 1.177224269546934231e-02
1.101000000000000000e+04 1.172498263528583967e-02
1.102000000000000000e+04 1.166771610626659954e-02
1.103000000000000000e+04 1.160084820031227065e-02
1.104000000000000000e+04 1.152482205580078641e-02
1.105000000000000000e+04 1.144011760913811633e-02
1.106000000000000000e+04 1.134725270134142976e-02
1.107000000000000000e+04 1.124678532872625848e-02
1.108000000000000000e+04 1.113931629697434422e-02
1.109000000000000000e+04 1.102549163760398188e-02
1.110000000000000000e+04 1.090600432770293463e-02
1.111000000000000000e+04 1.078159509920568679e-02
1.112000000000000000e+04 1.065305245197647500e-02
1.113000000000000000e+04 1.052121193812524842e-02
1.114000000000000000e+04 1.038695405545391089e-02
1.115000000000000000e+04 1.025119936394692545e-02
1.116000000000000000e+04 1.011489904812498848e-02
1.117000000000000000e+04 9.979019434063002986e-03
1.118000000000000000e+04 9.844519824193171537e-03
1.119000000000000000e+04 9.712324187969651607e-03
1.120000000000000000e+04 9.583288903044899845e-03
1.121000000000000000e+04 9.458170458542754233e-03
1.122000000000000000e+04 9.337597916722681704e-03
1.123000000000000000e+04 9.222054816664463847e-03
1.124000000000000000e+04 9.111874053109186161e-03
1.125000000000000000e+04 9.007247202416713075e-03
1.126000000000000000e+04 8.908247182123567309e-03
1.127000000000000000e+04 8.814860378192589108e-03
1.128000000000000000e+04 8.727022417274877056e-03
1.129000000000000000e+04 8.644651245275518370e-03
1.130000000000000000e+04 8.567672019174979448e-03
1.131000000000000000e+04 8.496030430291566168e-03
1.132000000000000000e+04 8.429694341844106570e-03
1.133000000000000000e+04 8.368646827654291007e-03
1.134000000000000000e+04 8.312875799144327921e-03
1.135000000000000000e+04 8.262366158821437059e-03
1.136000000000000000e+04 8.217099547545505742e-03
1.137000000000000000e+04 8.177064012172191587e-03
1.138000000000000000e+04 8.142272343925470446e-03
1.139000000000000000e+04 8.112785034830443179e-03
1.140000000000000000e+04 8.088732006367794700e-03
1.141000000000000000e+04 8.070326790286590571e-03
1.142000000000000000e+04 8.057868215279821028e-03
1.143000000000000000e+04 8.051727519978358824e-03
1.144000000000000000e+04 8.052321998740010270e-03
1.145000000000000000e+04 8.060078967728537963e-03
1.146000000000000000e+04 8.075395669344075794e-03
1.147000000000000000e+04 8.098601227428755059e-03
1.148000000000000000e+04 8.129925831675639467e-03
1.149000000000000000e+04 8.169480731003063434e-03
1.150000000000000000e+04 8.217250558135536648e-03
1.151000000000000000e+04 8.273097329261663163e-03
1.152000000000000000e+04 8.336773809491588791e-03
1.153000000000000000e+04 8.407943073756469002e-03
1.154000000000000000e+04 8.486200668082368240e-03
1.155000000000000000e+04 8.571096007110156484e-03
1.156000000000000000e+04 8.662150456541646906e-03
1.157000000000000000e+04 8.758870399236798332e-03
1.158000000000000000e+04 8.860754646531601025e-03
1.159000000000000000e+04 8.967296466384304041e-03
1.160000000000000000e+04 9.077981258329896261e-03
1.161000000000000000e+04 9.192281616781421139e-03
1.162000000000000000e+04 9.309651907998765102e-03
1.163000000000000000e+04 9.429524526357873845e-03
1.164000000000000000e+04 9.551309664199507041e-03
1.165000000000000000e+04 9.674399569429345883e-03
1.166000000000000000e+04 9.798177111594160923e-03
1.167000000000000000e+04 9.922027202224029119e-03
1.168000000000000000e+04 1.004534855030636206e-02
1.169000000000000000e+04 1.016756256862703760e-02
1.170000000000000000e+04 1.028811646964053299e-02
1.171000000000000000e+04 1.040647876788686893e-02
1.172000000000000000e+04 1.052212719466968406e-02
1.173000000000000000e+04 1.063453103023813927e-02
1.174000000000000000e+04 1.074313149242347998e-02
1.175000000000000000e+04 1.084732481298250964e-02
1.176000000000000000e+04 1.094645243300301947e-02
1.177000000000000000e+04 1.103980142546189501e-02
1.178000000000000000e+04 1.112661629466270806e-02
1.179000000000000000e+04 1.120612083426853270e-02
1.180000000000000000e+04 1.127754670526712535e-02
1.181000000000000000e+04 1.134016435952286961e-02
1.182000000000000000e+04 1.139331151736731364e-02
1.183000000000000000e+04 1.143641527858534415e-02
1.184000000000000000e+04 1.146900560788030946e-02
1.185000000000000000e+04 1.149071998104447476e-02
1.186000000000000000e+04 1.150130100975520903e-02
1.187000000000000000e+04 1.150059045985973513e-02
1.188000000000000000e+04 1.148852373637928095e-02
1.189000000000000000e+04 1.146512836429385528e-02
1.190000000000000000e+04 1.143052855195869633e-02
1.191000000000000000e+04 1.138495562797790621e-02
1.192000000000000000e+04 1.132876180370301876e-02
1.193000000000000000e+04 1.126243308813803211e-02
1.194000000000000000e+04 1.118659630150058322e-02
1.195000000000000000e+04 1.110201562148249721e-02
1.196000000000000000e+04 1.100957610531472231e-02
1.197000000000000000e+04 1.091025454359029721e-02
1.198000000000000000e+04 1.080508099060053726e-02
1.199000000000000000e+04 1.069509644515333723e-02
1.200000000000000000e+04 1.058131292340880672e-02
1.201000000000000000e+04 1.046468145065700475e-02
1.202000000000000000e+04 1.034607147140334527e-02
1.203000000000000000e+04 1.022626238277439016e-02
1.204000000000000000e+04 1.010594530585403814e-02
1.205000000000000000e+04 9.985731515136654982e-03
1.206000000000000000e+04 9.866163215529985195e-03
1.207000000000000000e+04 9.747722965174478865e-03
1.208000000000000000e+04 9.630839645401222462e-03
1.209000000000000000e+04 9.515890724894188885e-03
1.210000000000000000e+04 9.403202306778581099e-03
1.211000000000000000e+04 9.293049418472818304e-03
1.212000000000000000e+04 9.185659334246525087e-03
1.213000000000000000e+04 9.081220037935782211e-03
1.214000000000000000e+04 8.979894084149203648e-03
1.215000000000000000e+04 8.881836327897348754e-03
1.216000000000000000e+04 8.787212539229261044e-03
1.217000000000000000e+04 8.696214968251797170e-03
1.218000000000000000e+04 8.609071072510956699e-03
1.219000000000000000e+04 8.526043008699331696e-03
1.220000000000000000e+04 8.447417659882962976e-03
1.221000000000000000e+04 8.373489420359982519e-03
1.222000000000000000e+04 8.304539987864149528e-03
1.223000000000000000e+04 8.240820330803994703e-03
1.224000000000000000e+04 8.182539421513857630e-03
1.225000000000000000e+04 8.129862390471375572e-03
1.226000000000000000e+04 8.082918058011584819e-03
1.227000000000000000e+04 8.041813259233364028e-03
1.228000000000000000e+04 8.006649383631823588e-03
1.229000000000000000e+04 7.977536019540223955e-03
1.230000000000000000e+04 7.954597439417962837e-03
1.231000000000000000e+04 7.937969541718947059e-03
1.232000000000000000e+04 7.927787114806621183e-03
1.233000000000000000e+04 7.924163550057124542e-03
1.234000000000000000e+04 7.927166951377477913e-03
1.235000000000000000e+04 7.936797256722590010e-03
1.236000000000000000e+04 7.952968787209689291e-03
1.237000000000000000e+04 7.975501703986252397e-03
1.238000000000000000e+04 8.004123973456707744e-03
1.239000000000000000e+04 8.038483595513307850e-03
1.240000000000000000e+04 8.078169167937396256e-03
1.241000000000000000e+04 8.122735719425263137e-03
1.242000000000000000e+04 8.171732290665706042e-03
1.243000000000000000e+04 8.224728025556246949e-03
1.244000000000000000e+04 8.281334286262428263e-03
1.245000000000000000e+04 8.341221196919408956e-03
1.246000000000000000e+04 8.404127758690550440e-03
1.247000000000000000e+04 8.469864951755969734e-03
1.248000000000000000e+04 8.538311220469482765e-03
1.249000000000000000e+04 8.609399602520793893e-03
1.250000000000000000e+04 8.683096126777020696e-03
1.251000000000000000e+04 8.759370072454725209e-03
1.252000000000000000e+04 8.838158162609830587e-03
1.253000000000000000e+04 8.919326557363570218e-03
1.254000000000000000e+04 9.002635926826412643e-03
1.255000000000000000e+04 9.087715447914052752e-03
1.256000000000000000e+04 9.174050953252370702e-03
1.257000000000000000e+04 9.260990672238001570e-03
1.258000000000000000e+04 9.347769364304389303e-03
1.259000000000000000e+04 9.433548594162812634e-03
1.260000000000000000e+04 9.517468201215687623e-03
1.261000000000000000e+04 9.598701995376116014e-03
1.262000000000000000e+04 9.676509828376507819e-03
1.263000000000000000e+04 9.750278791670995496e-03
1.264000000000000000e+04 9.819548196273474028e-03
1.265000000000000000e+04 9.884015550469251246e-03
1.266000000000000000e+04 9.943523587508410963e-03
1.267000000000000000e+04 9.998031556684888396e-03
1.268000000000000000e+04 1.004757656948182531e-02
1.269000000000000000e+04 1.009223188436785164e-02
1.270000000000000000e+04 1.013206894455503937e-02
1.271000000000000000e+04 1.016712898248564763e-02
1.272000000000000000e+04 1.019740770802999262e-02
1.273000000000000000e+04 1.022285391521867565e-02
1.274000000000000000e+04 1.024338023665869769e-02
1.275000000000000000e+04 1.025888229059427302e-02
1.276000000000000000e+04 1.026926156081489801e-02
1.277000000000000000e+04 1.027444724738007902e-02
1.278000000000000000e+04 1.027441345133714608e-02
1.279000000000000000e+04 1.026918941516293329e-02
1.280000000000000000e+04 1.025886188541753723e-02
1.281000000000000000e+04 1.024357049398116372e-02
1.282000000000000000e+04 1.022349780100800104e-02
1.283000000000000000e+04 1.019885590467050664e-02
1.284000000000000000e+04 1.016987199305435970e-02
1.285000000000000000e+04 1.013677502010914416e-02
1.286000000000000000e+04 1.009978523733715168e-02
1.287000000000000000e+04 1.005910765669923088e-02
1.288000000000000000e+04 1.001492974632800168e-02
1.289000000000000000e+04 9.967423084263862809e-03
1.290000000000000000e+04 9.916747839562329442e-03
1.291000000000000000e+04 9.863058549116695758e-03
1.292000000000000000e+04 9.806509784970262114e-03
1.293000000000000000e+04 9.747260610714691270e-03
1.294000000000000000e+04 9.685477252040117571e-03
1.295000000000000000e+04 9.621334116738716399e-03
1.296000000000000000e+04 9.555013883786283094e-03
1.297000000000000000e+04 9.486708098873457978e-03
1.298000000000000000e+04 9.416619540725954668e-03
1.299000000000000000e+04 9.344968257944686815e-03
1.300000000000000000e+04 9.272002088754305663e-03
1.301000000000000000e+04 9.198010907731755600e-03
1.302000000000000000e+04 9.123343581802433391e-03
1.303000000000000000e+04 9.048425181758325969e-03
1.304000000000000000e+04 8.973770597789053338e-03
1.305000000000000000e+04 8.899990491965929784e-03
1.306000000000000000e+04 8.827786044117276465e-03
1.307000000000000000e+04 8.757930799293564203e-03
1.308000000000000000e+04 8.691239932936538695e-03
1.309000000000000000e+04 8.628529803319228211e-03
1.310000000000000000e+04 8.570572624507229176e-03
1.311000000000000000e+04 8.518052340636381864e-03
1.312000000000000000e+04 8.471527417149916570e-03
1.313000000000000000e+04 8.431404605179628614e-03
1.314000000000000000e+04 8.397925552120615381e-03
1.315000000000000000e+04 8.371165778168866006e-03
1.316000000000000000e+04 8.351043646605047985e-03
1.317000000000000000e+04 8.337335858077088088e-03
1.318000000000000000e+04 8.329696221107326173e-03
1.319000000000000000e+04 8.327675453728347957e-03
1.320000000000000000e+04 8.330741471674112109e-03
1.321000000000000000e+04 8.338300533100860210e-03
1.322000000000000000e+04 8.349720401286639046e-03
1.323000000000000000e+04 8.364356765578713146e-03
1.324000000000000000e+04 8.381583322114364437e-03
1.325000000000000000e+04 8.400824377713412075e-03
1.326000000000000000e+04 8.421586864310427051e-03
1.327000000000000000e+04 8.443487160244273967e-03
1.328000000000000000e+04 8.466267873949851266e-03
1.329000000000000000e+04 8.489800032794382265e-03
1.330000000000000000e+04 8.514068624176982306e-03
1.331000000000000000e+04 8.539142185844823471e-03
1.332000000000000000e+04 8.565130500095377228e-03
1.333000000000000000e+04 8.592137600411655848e-03
1.334000000000000000e+04 8.620218395831521010e-03
1.335000000000000000e+04 8.649346843438529553e-03
1.336000000000000000e+04 8.679401699409125884e-03
1.337000000000000000e+04 8.710172265081929030e-03
1.338000000000000000e+04 8.741382610040664483e-03
1.339000000000000000e+04 8.772728450989955920e-03
1.340000000000000000e+04 8.803918235463703210e-03
1.341000000000000000e+04 8.834709571008056428e-03
1.342000000000000000e+04 8.864933078797520780e-03
1.343000000000000000e+04 8.894498820409236020e-03
1.344000000000000000e+04 8.923384375286190495e-03
1.345000000000000000e+04 8.951608002220293181e-03
1.346000000000000000e+04 8.979193364386331769e-03
1.347000000000000000e+04 9.006133606295102165e-03
1.348000000000000000e+04 9.032362323035451196e-03
1.349000000000000000e+04 9.057736768803377123e-03
1.350000000000000000e+04 9.082035419955680061e-03
1.351000000000000000e+04 9.104969316383670214e-03
1.352000000000000000e+04 9.126203505592763235e-03
1.353000000000000000e+04 9.145383643798941226e-03
1.354000000000000000e+04 9.162163100227863413e-03
1.355000000000000000e+04 9.176226723205662891e-03
1.356000000000000000e+04 9.187309315205009069e-03
1.357000000000000000e+04 9.195208603380154722e-03
1.358000000000000000e+04 9.199793722300314558e-03
1.359000000000000000e+04 9.201010556056477691e-03
1.360000000000000000e+04 9.198884783397679246e-03
1.361000000000000000e+04 9.193523150621380272e-03
1.362000000000000000e+04 9.185112562650034687e-03
1.363000000000000000e+04 9.173916040022709814e-03
1.364000000000000000e+04 9.160264665554434041e-03
1.365000000000000000e+04 9.144545200139920713e-03
1.366000000000000000e+04 9.127183835898633815e-03
1.367000000000000000e+04 9.108626813852851306e-03
1.368000000000000000e+04 9.089319380816364771e-03
1.369000000000000000e+04 9.069685189681112036e-03
1.370000000000000000e+04 9.050107451663950975e-03
1.371000000000000000e+04 9.030913090409925861e-03
1.372000000000000000e+04 9.012360604457064772e-03
1.373000000000000000e+04 8.994631317421926744e-03
1.374000000000000000e+04 8.977824335758655822e-03
1.375000000000000000e+04 8.961955231937528826e-03
1.376000000000000000e+04 8.946958900017707578e-03
1.377000000000000000e+04 8.932697735539210995e-03
1.378000000000000000e+04 8.918975756713040312e-03
1.379000000000000000e+04 8.905559492156966614e-03
1.380000000000000000e+04 8.892204818967902949e-03
1.381000000000000000e+04 8.878688321903666081e-03
1.382000000000000000e+04 8.864839732989500051e-03
1.383000000000000000e+04 8.850571577246352933e-03
1.384000000000000000e+04 8.835901873059822526e-03
1.385000000000000000e+04 8.820965844063992367e-03
1.386000000000000000e+04 8.806014671538095126e-03
1.387000000000000000e+04 8.791400911364211090e-03
1.388000000000000000e+04 8.777552039096650494e-03
1.389000000000000000e+04 8.764935573260653964e-03
1.390000000000000000e+04 8.754020677621748153e-03
1.391000000000000000e+04 8.745241767034546074e-03
1.392000000000000000e+04 8.738968609987057129e-03
1.393000000000000000e+04 8.735485640447963190e-03
1.394000000000000000e+04 8.734981808744218465e-03
1.395000000000000000e+04 8.737550207617730477e-03
1.396000000000000000e+04 8.743195348971969857e-03
1.397000000000000000e+04 8.751844042796478110e-03
1.398000000000000000e+04 8.763356352576726419e-03
1.399000000000000000e+04 8.777534737793120032e-03
1.400000000000000000e+04 8.794130155054931397e-03
1.401000000000000000e+04 8.812845187301895922e-03
1.402000000000000000e+04 8.833336337916514874e-03
1.403000000000000000e+04 8.855217855221385326e-03
1.404000000000000000e+04 8.878069106143844300e-03
1.405000000000000000e+04 8.901447884455980508e-03
1.406000000000000000e+04 8.924909598751295040e-03
1.407000000000000000e+04 8.948030830831675206e-03
1.408000000000000000e+04 8.970434430221618100e-03
1.409000000000000000e+04 8.991811998543590423e-03
1.410000000000000000e+04 9.011940678551178321e-03
1.411000000000000000e+04 9.030691983857065674e-03
1.412000000000000000e+04 9.048030848430775597e-03
1.413000000000000000e+04 9.064004906918715979e-03
1.414000000000000000e+04 9.078726281321674793e-03
1.415000000000000000e+04 9.092348562130276451e-03
1.416000000000000000e+04 9.105040954922687807e-03
1.417000000000000000e+04 9.116962811370263667e-03
1.418000000000000000e+04 9.128240297019413543e-03
1.419000000000000000e+04 9.138945976570989754e-03
1.420000000000000000e+04 9.149083308683480381e-03
1.421000000000000000e+04 9.158575428324211565e-03
1.422000000000000000e+04 9.167258203015806600e-03
1.423000000000000000e+04 9.174878692189343196e-03
1.424000000000000000e+04 9.181098734234222417e-03
1.425000000000000000e+04 9.185503472295256100e-03
1.426000000000000000e+04 9.187615095514859581e-03
1.427000000000000000e+04 9.186913145036612605e-03
1.428000000000000000e+04 9.182860013648553796e-03
1.429000000000000000e+04 9.174931723374331674e-03
1.430000000000000000e+04 9.162652954954173326e-03
1.431000000000000000e+04 9.145633313305236156e-03
1.432000000000000000e+04 9.123601299956906815e-03
1.433000000000000000e+04 9.096432272404298552e-03
1.434000000000000000e+04 9.064166868260430804e-03
1.435000000000000000e+04 9.027016485227227008e-03
1.436000000000000000e+04 8.985354268731503280e-03
1.437000000000000000e+04 8.939692415155048311e-03
1.438000000000000000e+04 8.890647933178568926e-03
1.439000000000000000e+04 8.838900324541251741e-03
1.440000000000000000e+04 8.785145799083869667e-03
1.441000000000000000e+04 8.730052263906112539e-03
1.442000000000000000e+04 8.674219051301796518e-03
1.443000000000000000e+04 8.618144868527417846e-03
1.444000000000000000e+04 8.562207761782684307e-03
1.445000000000000000e+04 8.506659450775104492e-03
1.446000000000000000e+04 8.451635412506167122e-03
1.447000000000000000e+04 8.397179679740443894e-03
1.448000000000000000e+04 8.343282069501939402e-03
1.449000000000000000e+04 8.289921373686493650e-03
1.450000000000000000e+04 8.237107818398897718e-03
1.451000000000000000e+04 8.184917214862592882e-03
1.452000000000000000e+04 8.133510345621153270e-03
1.453000000000000000e+04 8.083134478452259214e-03
1.454000000000000000e+04 8.034106385887805277e-03
1.455000000000000000e+04 7.986780797889520694e-03
1.456000000000000000e+04 7.941511041699444301e-03
1.457000000000000000e+04 7.898608783762762695e-03
1.458000000000000000e+04 7.858311877124459638e-03
1.459000000000000000e+04 7.820764901762890936e-03
1.460000000000000000e+04 7.786015147016676040e-03
1.461000000000000000e+04 7.754023242000724660e-03
1.462000000000000000e+04 7.724684283332089452e-03
1.463000000000000000e+04 7.697855131343687637e-03
1.464000000000000000e+04 7.673382270212354521e-03
1.465000000000000000e+04 7.651125493778843274e-03
1.466000000000000000e+04 7.630975637932907799e-03
1.467000000000000000e+04 7.612865884605370635e-03
1.468000000000000000e+04 7.596777952835004344e-03
1.469000000000000000e+04 7.582745311700967231e-03
1.470000000000000000e+04 7.570855573791456655e-03
1.471000000000000000e+04 7.561252746145742491e-03
1.472000000000000000e+04 7.554138380292219762e-03
1.473000000000000000e+04 7.549770830081413246e-03
1.474000000000000000e+04 7.548460357581596170e-03
1.475000000000000000e+04 7.550558480817633721e-03
1.476000000000000000e+04 7.556441903035794258e-03
1.477000000000000000e+04 7.566492274702787610e-03
1.478000000000000000e+04 7.581073958760371247e-03
1.479000000000000000e+04 7.600512413809741921e-03
1.480000000000000000e+04 7.625076334928318315e-03
1.481000000000000000e+04 7.654965399651036777e-03
1.482000000000000000e+04 7.690302934817421811e-03
1.483000000000000000e+04 7.731130820741602405e-03
1.484000000000000000e+04 7.777405189381638231e-03
1.485000000000000000e+04 7.828990610154587526e-03
1.486000000000000000e+04 7.885651565019162132e-03
1.487000000000000000e+04 7.947042368862861778e-03
1.488000000000000000e+04 8.012699460304339646e-03
1.489000000000000000e+04 8.082039357520639025e-03
1.490000000000000000e+04 8.154366941674831559e-03
1.491000000000000000e+04 8.228896869174960604e-03
1.492000000000000000e+04 8.304787864164903805e-03
1.493000000000000000e+04 8.381186754814933318e-03
1.494000000000000000e+04 8.457277882732087970e-03
1.495000000000000000e+04 8.532330295841801873e-03
1.496000000000000000e+04 8.605735049111364054e-03
1.497000000000000000e+04 8.677026483062094675e-03
1.498000000000000000e+04 8.745885904732502575e-03
1.499000000000000000e+04 8.812127149166086929e-03
1.500000000000000000e+04 8.875667671119058175e-03
