Time	Population
0.000000000000000000e+00 3.895576766015990677e-01
1.000000000000000000e+01 3.892107472301974957e-01
2.000000000000000000e+01 3.881782657518478841e-01
3.000000000000000000e+01 3.864895139141064084e-01
4.000000000000000000e+01 3.841930237022274097e-01
5.000000000000000000e+01 3.813542818748161256e-01
6.000000000000000000e+01 3.780527128871144504e-01
7.000000000000000000e+01 3.743783771969276253e-01
8.000000000000000000e+01 3.704284616625694859e-01
9.000000000000000000e+01 3.663037896172653407e-01
1.000000000000000000e+02 3.621055407863622011e-01
1.100000000000000000e+02 3.579323171257577929e-01
1.200000000000000000e+02 3.538776558022500573e-01
1.300000000000000000e+02 3.500280290610018330e-01
1.400000000000000000e+02 3.464613002840027378e-01
1.500000000000000000e+02 3.432455977755131671e-01
1.600000000000000000e+02 3.404385414091595230e-01
1.700000000000000000e+02 3.380867128360113827e-01
1.800000000000000000e+02 3.362253008836810775e-01
1.900000000000000000e+02 3.348778794235834910e-01
2.000000000000000000e+02 3.340562831968182378e-01
2.100000000000000000e+02 3.337605401359179380e-01
2.200000000000000000e+02 3.339789873186548852e-01
2.300000000000000000e+02 3.346885500279969672e-01
2.400000000000000000e+02 3.358552502434452025e-01
2.500000000000000000e+02 3.374350963563649830e-01
2.600000000000000000e+02 3.393752858595568411e-01
2.700000000000000000e+02 3.416159059393825137e-01
2.800000000000000000e+02 3.440919731200943188e-01
2.900000000000000000e+02 3.467358138685192603e-01
3.000000000000000000e+02 3.494796678170518089e-01
3.100000000000000000e+02 3.522583593300521732e-01
3.200000000000000000e+02 3.550118516626701304e-01
3.300000000000000000e+02 3.576874917018453837e-01
3.400000000000000000e+02 3.602417794789107841e-01
3.500000000000000000e+02 3.626415322305592270e-01
3.600000000000000000e+02 3.648643817459620853e-01
3.700000000000000000e+02 3.668985733878520894e-01
3.800000000000000000e+02 3.687421188508153702e-01
3.900000000000000000e+02 3.704014346698621951e-01
4.000000000000000000e+02 3.718896335008852749e-01
4.100000000000000000e+02 3.732245989939482200e-01
4.200000000000000000e+02 3.744270537655975395e-01
4.300000000000000000e+02 3.755187733337106981e-01
4.400000000000000000e+02 3.765210515130466562e-01
4.500000000000000000e+02 3.774535059801795711e-01
4.600000000000000000e+02 3.783332246474696570e-01
4.700000000000000000e+02 3.791742701906372637e-01
4.800000000000000000e+02 3.799875013258964263e-01
4.900000000000000000e+02 3.807806425140697892e-01
5.000000000000000000e+02 3.815585595014692744e-01
5.100000000000000000e+02 3.823236173336201360e-01
5.200000000000000000e+02 3.830761181343738109e-01
5.300000000000000000e+02 3.838147362945241725e-01
5.400000000000000000e+02 3.845369295905113338e-01
5.500000000000000000e+02 3.852393067584842790e-01
5.600000000000000000e+02 3.859179400378950908e-01
5.700000000000000000e+02 3.865686257678073168e-01
5.800000000000000000e+02 3.871870714663441793e-01
5.900000000000000000e+02 3.877690530831388038e-01
6.000000000000000000e+02 3.883105243879736435e-01
6.100000000000000000e+02 3.888076930525383723e-01
6.200000000000000000e+02 3.892570790079649123e-01
6.300000000000000000e+02 3.896555377420718447e-01
6.400000000000000000e+02 3.900002675162566046e-01
6.500000000000000000e+02 3.902888138259423823e-01
6.600000000000000000e+02 3.905190529482522876e-01
6.700000000000000000e+02 3.906891803919039230e-01
6.800000000000000000e+02 3.907976837092148603e-01
6.900000000000000000e+02 3.908433292006724957e-01
7.000000000000000000e+02 3.908251444513680672e-01
7.100000000000000000e+02 3.907424065044577399e-01
7.200000000000000000e+02 3.905946471227856875e-01
7.300000000000000000e+02 3.903816666135582203e-01
7.400000000000000000e+02 3.901035684789574964e-01
7.500000000000000000e+02 3.897608066301532226e-01
7.600000000000000000e+02 3.893542545716014436e-01
7.700000000000000000e+02 3.888852804480494307e-01
7.800000000000000000e+02 3.883558390383070047e-01
7.900000000000000000e+02 3.877685567203643657e-01
8.000000000000000000e+02 3.871268260066820788e-01
8.100000000000000000e+02 3.864348897525266557e-01
8.200000000000000000e+02 3.856979149539456198e-01
8.300000000000000000e+02 3.849220457972233889e-01
8.400000000000000000e+02 3.841144361971273180e-01
8.500000000000000000e+02 3.832832620863373951e-01
8.600000000000000000e+02 3.824376909019562287e-01
8.700000000000000000e+02 3.815878262985455405e-01
8.800000000000000000e+02 3.807446246472703244e-01
8.900000000000000000e+02 3.799197762669050960e-01
9.000000000000000000e+02 3.791255656809544572e-01
9.100000000000000000e+02 3.783747108461375519e-01
9.200000000000000000e+02 3.776801775762821389e-01
9.300000000000000000e+02 3.770549651609774733e-01
9.400000000000000000e+02 3.765119018115649085e-01
9.500000000000000000e+02 3.760634105603860022e-01
9.600000000000000000e+02 3.757212750721128369e-01
9.700000000000000000e+02 3.754964117488849840e-01
9.800000000000000000e+02 3.753986179981632088e-01
9.900000000000000000e+02 3.754363539969488017e-01
1.000000000000000000e+03 3.756165182657297819e-01
1.010000000000000000e+03 3.759442510308495522e-01
1.020000000000000000e+03 3.764227454778816262e-01
1.030000000000000000e+03 3.770530923031218395e-01
1.040000000000000000e+03 3.778341899297229523e-01
1.050000000000000000e+03 3.787626569327094406e-01
1.060000000000000000e+03 3.798328437130139013e-01
1.070000000000000000e+03 3.810368832570664166e-01
1.080000000000000000e+03 3.823648050596433201e-01
1.090000000000000000e+03 3.838047134818158845e-01
1.100000000000000000e+03 3.853430401693778151e-01
1.110000000000000000e+03 3.869648573643760248e-01
1.120000000000000000e+03 3.886542336607752834e-01
1.130000000000000000e+03 3.903946362527797587e-01
1.140000000000000000e+03 3.921693627124804848e-01
1.150000000000000000e+03 3.939619571030447687e-01
1.160000000000000000e+03 3.957566175941258924e-01
1.170000000000000000e+03 3.975385633314255651e-01
1.180000000000000000e+03 3.992943683249843279e-01
1.190000000000000000e+03 4.010122227337576950e-01
1.200000000000000000e+03 4.026821045033071589e-01
1.210000000000000000e+03 4.042958845425112524e-01
1.220000000000000000e+03 4.058473414938353341e-01
1.230000000000000000e+03 4.073321126242316348e-01
1.240000000000000000e+03 4.087475791326002916e-01
1.250000000000000000e+03 4.100926900012121790e-01
1.260000000000000000e+03 4.113677448814858639e-01
1.270000000000000000e+03 4.125741613213286252e-01
1.280000000000000000e+03 4.137142314454981817e-01
1.290000000000000000e+03 4.147908810319557715e-01
1.300000000000000000e+03 4.158074426791657507e-01
1.310000000000000000e+03 4.167674499843441183e-01
1.320000000000000000e+03 4.176744673884433823e-01
1.330000000000000000e+03 4.185319397350324988e-01
1.340000000000000000e+03 4.193430791176897543e-01
1.350000000000000000e+03 4.201107881762594087e-01
1.360000000000000000e+03 4.208376069097620742e-01
1.370000000000000000e+03 4.215256894752129613e-01
1.380000000000000000e+03 4.221768065112870283e-01
1.390000000000000000e+03 4.227923639105439779e-01
1.400000000000000000e+03 4.233734365957630974e-01
1.410000000000000000e+03 4.239208176621391266e-01
1.420000000000000000e+03 4.244350657582820485e-01
1.430000000000000000e+03 4.249165592316390128e-01
1.440000000000000000e+03 4.253655456024755810e-01
1.450000000000000000e+03 4.257821841791094020e-01
1.460000000000000000e+03 4.261665774496681824e-01
1.470000000000000000e+03 4.265187946797496799e-01
1.480000000000000000e+03 4.268388947835458636e-01
1.490000000000000000e+03 4.271269424852089935e-01
1.500000000000000000e+03 4.273830195744651173e-01
1.510000000000000000e+03 4.276072355237737210e-01
1.520000000000000000e+03 4.277997353880678144e-01
1.530000000000000000e+03 4.279607130224050704e-01
1.540000000000000000e+03 4.280904281426065050e-01
1.550000000000000000e+03 4.281892222823079353e-01
1.560000000000000000e+03 4.282575384934196316e-01
1.570000000000000000e+03 4.282959449782594019e-01
1.580000000000000000e+03 4.283051575882588780e-01
1.590000000000000000e+03 4.282860648943720983e-01
1.600000000000000000e+03 4.282397583599910074e-01
1.610000000000000000e+03 4.281675598469755206e-01
1.620000000000000000e+03 4.280710462233046631e-01
1.630000000000000000e+03 4.279520754340349065e-01
1.640000000000000000e+03 4.278128078155704062e-01
1.650000000000000000e+03 4.276557233145102388e-01
1.660000000000000000e+03 4.274836336583402452e-01
1.670000000000000000e+03 4.272996825613988858e-01
1.680000000000000000e+03 4.271073340994733236e-01
1.690000000000000000e+03 4.269103533761544056e-01
1.700000000000000000e+03 4.267127783225874160e-01
1.710000000000000000e+03 4.265188789282867710e-01
1.720000000000000000e+03 4.263331057847086214e-01
1.730000000000000000e+03 4.261600288449961527e-01
1.740000000000000000e+03 4.260042666173057269e-01
1.750000000000000000e+03 4.258704101725430680e-01
1.760000000000000000e+03 4.257629423752075648e-01
1.770000000000000000e+03 4.256861552758000045e-01
1.780000000000000000e+03 4.256440687428404424e-01
1.790000000000000000e+03 4.256403475855647933e-01
1.800000000000000000e+03 4.256782220904217207e-01
1.810000000000000000e+03 4.257604151538952331e-01
1.820000000000000000e+03 4.258890767308818881e-01
1.830000000000000000e+03 4.260657324235583299e-01
1.840000000000000000e+03 4.262912411143045532e-01
1.850000000000000000e+03 4.265657584521617696e-01
1.860000000000000000e+03 4.268887193975521299e-01
1.870000000000000000e+03 4.272588434355339415e-01
1.880000000000000000e+03 4.276741439452371174e-01
1.890000000000000000e+03 4.281319493025588785e-01
1.900000000000000000e+03 4.286289772936673903e-01
1.910000000000000000e+03 4.291613856295407592e-01
1.920000000000000000e+03 4.297248471774181011e-01
1.930000000000000000e+03 4.303146506875470956e-01
1.940000000000000000e+03 4.309257974932594326e-01
1.950000000000000000e+03 4.315531142190059399e-01
1.960000000000000000e+03 4.321913640983156002e-01
1.970000000000000000e+03 4.328353589547350722e-01
1.980000000000000000e+03 4.334800686164309580e-01
1.990000000000000000e+03 4.341207252197427091e-01
2.000000000000000000e+03 4.347529178941358929e-01
2.010000000000000000e+03 4.353726758769445593e-01
2.020000000000000000e+03 4.359765314351466414e-01
2.030000000000000000e+03 4.365615619938946201e-01
2.040000000000000000e+03 4.371254102297686406e-01
2.050000000000000000e+03 4.376662804619544933e-01
2.060000000000000000e+03 4.381829138382699607e-01
2.070000000000000000e+03 4.386745419528598200e-01
2.080000000000000000e+03 4.391408244433753771e-01
2.090000000000000000e+03 4.395817756176990110e-01
2.100000000000000000e+03 4.399976824814798015e-01
2.110000000000000000e+03 4.403890214833592887e-01
2.120000000000000000e+03 4.407563786629206670e-01
2.130000000000000000e+03 4.411003762027329023e-01
2.140000000000000000e+03 4.414216113526476803e-01
2.150000000000000000e+03 4.417206095812241662e-01
2.160000000000000000e+03 4.419977897392185495e-01
2.170000000000000000e+03 4.422534451907110808e-01
2.180000000000000000e+03 4.424877380005313721e-01
2.190000000000000000e+03 4.427007003184151857e-01
2.200000000000000000e+03 4.428922440170687258e-01
2.210000000000000000e+03 4.430621808384550553e-01
2.220000000000000000e+03 4.432102483046812536e-01
2.230000000000000000e+03 4.433361384788898074e-01
2.240000000000000000e+03 4.434395314638824859e-01
2.250000000000000000e+03 4.435201300162756044e-01
2.260000000000000000e+03 4.435776912780839965e-01
2.270000000000000000e+03 4.436120577931153552e-01
2.280000000000000000e+03 4.436231867718451460e-01
2.290000000000000000e+03 4.436111766709156523e-01
2.300000000000000000e+03 4.435762923499330657e-01
2.310000000000000000e+03 4.435189844443779283e-01
2.320000000000000000e+03 4.434399021867748703e-01
2.330000000000000000e+03 4.433399017395554531e-01
2.340000000000000000e+03 4.432200483090651399e-01
2.350000000000000000e+03 4.430816120788279577e-01
2.360000000000000000e+03 4.429260584208852825e-01
2.370000000000000000e+03 4.427550329236866755e-01
2.380000000000000000e+03 4.425703411040202706e-01
2.390000000000000000e+03 4.423739254632043649e-01
2.400000000000000000e+03 4.421678421877043297e-01
2.410000000000000000e+03 4.419542383545554398e-01
2.420000000000000000e+03 4.417353306686331860e-01
2.430000000000000000e+03 4.415133870499445834e-01
2.440000000000000000e+03 4.412907119087690067e-01
2.450000000000000000e+03 4.410696352344050664e-01
2.460000000000000000e+03 4.408525046643296808e-01
2.470000000000000000e+03 4.406416803328174203e-01
2.480000000000000000e+03 4.404395330269520459e-01
2.490000000000000000e+03 4.402484437806962192e-01
2.500000000000000000e+03 4.400708028577077213e-01
2.510000000000000000e+03 4.399090064523386578e-01
2.520000000000000000e+03 4.397654498609964158e-01
2.530000000000000000e+03 4.396425182242548746e-01
2.540000000000000000e+03 4.395425727770678193e-01
2.550000000000000000e+03 4.394679305463473629e-01
2.560000000000000000e+03 4.394208382722415984e-01
2.570000000000000000e+03 4.394034431424372333e-01
2.580000000000000000e+03 4.394177581328448934e-01
2.590000000000000000e+03 4.394656221247625894e-01
2.600000000000000000e+03 4.395486554736754425e-01
2.610000000000000000e+03 4.396682134138634179e-01
2.620000000000000000e+03 4.398253402627135267e-01
2.630000000000000000e+03 4.400207252391020729e-01
2.640000000000000000e+03 4.402546621713162023e-01
2.650000000000000000e+03 4.405270139708543642e-01
2.660000000000000000e+03 4.408371819200069819e-01
2.670000000000000000e+03 4.411840828568467376e-01
2.680000000000000000e+03 4.415661355399940202e-01
2.690000000000000000e+03 4.419812553379113829e-01
2.700000000000000000e+03 4.424268596536901632e-01
2.710000000000000000e+03 4.428998867118983385e-01
2.720000000000000000e+03 4.433968280595945721e-01
2.730000000000000000e+03 4.439137765366747979e-01
2.740000000000000000e+03 4.444464911989219891e-01
2.750000000000000000e+03 4.449904779248154418e-01
2.760000000000000000e+03 4.455410835400200886e-01
2.770000000000000000e+03 4.460936012565307474e-01
2.780000000000000000e+03 4.466433828813917151e-01
2.790000000000000000e+03 4.471859523385215973e-01
2.800000000000000000e+03 4.477171143383449903e-01
2.810000000000000000e+03 4.482330505739873239e-01
2.820000000000000000e+03 4.487303980977767615e-01
2.830000000000000000e+03 4.492063067656307807e-01
2.840000000000000000e+03 4.496584719648342721e-01
2.850000000000000000e+03 4.500851417208291405e-01
2.860000000000000000e+03 4.504851002851395503e-01
2.870000000000000000e+03 4.508576326096255249e-01
2.880000000000000000e+03 4.512024703207249132e-01
2.890000000000000000e+03 4.515197244663703979e-01
2.900000000000000000e+03 4.518098121707486148e-01
2.910000000000000000e+03 4.520733833942057744e-01
2.920000000000000000e+03 4.523112514533691453e-01
2.930000000000000000e+03 4.525243297473912629e-01
2.940000000000000000e+03 4.527135782995109770e-01
2.950000000000000000e+03 4.528799592638605431e-01
2.960000000000000000e+03 4.530244017771146159e-01
2.970000000000000000e+03 4.531477770202261279e-01
2.980000000000000000e+03 4.532508833877040844e-01
2.990000000000000000e+03 4.533344383624479113e-01
3.000000000000000000e+03 4.533990739946078818e-01
3.010000000000000000e+03 4.534453404831856882e-01
3.020000000000000000e+03 4.534737123253195223e-01
3.030000000000000000e+03 4.534845978936978272e-01
3.040000000000000000e+03 4.534783522587327309e-01
3.050000000000000000e+03 4.534552896765247643e-01
3.060000000000000000e+03 4.534156961120159313e-01
3.070000000000000000e+03 4.533598429267452490e-01
3.080000000000000000e+03 4.532879978913993413e-01
3.090000000000000000e+03 4.532004313149239350e-01
3.100000000000000000e+03 4.530974217146376271e-01
3.110000000000000000e+03 4.529792609354749144e-01
3.120000000000000000e+03 4.528462534260715433e-01
3.130000000000000000e+03 4.526987161878730515e-01
3.140000000000000000e+03 4.525369833534670927e-01
3.150000000000000000e+03 4.523614064808096358e-01
3.160000000000000000e+03 4.521723563718061389e-01
3.170000000000000000e+03 4.519702339614394826e-01
3.180000000000000000e+03 4.517554779766446149e-01
3.190000000000000000e+03 4.515285758233272273e-01
3.200000000000000000e+03 4.512900781587312893e-01
3.210000000000000000e+03 4.510406125147765066e-01
3.220000000000000000e+03 4.507808979966712593e-01
3.230000000000000000e+03 4.505117563043055107e-01
3.240000000000000000e+03 4.502341224807139830e-01
3.250000000000000000e+03 4.499490573060758170e-01
3.260000000000000000e+03 4.496577541697631686e-01
3.270000000000000000e+03 4.493615421468984961e-01
3.280000000000000000e+03 4.490618889556069471e-01
3.290000000000000000e+03 4.487603995661274547e-01
3.300000000000000000e+03 4.484588129242419452e-01
3.310000000000000000e+03 4.481589976710714796e-01
3.320000000000000000e+03 4.478629458078343673e-01
3.330000000000000000e+03 4.475727654029589830e-01
3.340000000000000000e+03 4.472906720476954034e-01
3.350000000000000000e+03 4.470189778078082488e-01
3.360000000000000000e+03 4.467600769735488586e-01
3.370000000000000000e+03 4.465164295573294528e-01
3.380000000000000000e+03 4.462905417333107860e-01
3.390000000000000000e+03 4.460849412158545690e-01
3.400000000000000000e+03 4.459021474117619288e-01
3.410000000000000000e+03 4.457446369433731848e-01
3.420000000000000000e+03 4.456148042269945653e-01
3.430000000000000000e+03 4.455149176659308763e-01
3.440000000000000000e+03 4.454470732815555833e-01
3.450000000000000000e+03 4.454131460817684629e-01
3.460000000000000000e+03 4.454147400901616316e-01
3.470000000000000000e+03 4.454531395142249939e-01
3.480000000000000000e+03 4.455292631576316942e-01
3.490000000000000000e+03 4.456436235459524942e-01
3.500000000000000000e+03 4.457962924078455180e-01
3.510000000000000000e+03 4.459868737245431536e-01
3.520000000000000000e+03 4.462144856334102627e-01
3.530000000000000000e+03 4.464777525981259987e-01
3.540000000000000000e+03 4.467748092956393413e-01
3.550000000000000000e+03 4.471033172269703315e-01
3.560000000000000000e+03 4.474604946146001905e-01
3.570000000000000000e+03 4.478431600414571889e-01
3.580000000000000000e+03 4.482477898598781763e-01
3.590000000000000000e+03 4.486705892331616652e-01
3.600000000000000000e+03 4.491075759745646323e-01
3.610000000000000000e+03 4.495546742123981421e-01
3.620000000000000000e+03 4.500078135732249462e-01
3.630000000000000000e+03 4.504630291528219366e-01
3.640000000000000000e+03 4.509165567969076194e-01
3.650000000000000000e+03 4.513649178647413662e-01
3.660000000000000000e+03 4.518049876375752616e-01
3.670000000000000000e+03 4.522340422741472632e-01
3.680000000000000000e+03 4.526497816009246722e-01
3.690000000000000000e+03 4.530503283474624499e-01
3.700000000000000000e+03 4.534342070195622743e-01
3.710000000000000000e+03 4.538003072444052322e-01
3.720000000000000000e+03 4.541478374310286559e-01
3.730000000000000000e+03 4.544762744277309197e-01
3.740000000000000000e+03 4.547853144812573079e-01
3.750000000000000000e+03 4.550748297227619754e-01
3.760000000000000000e+03 4.553448322175658314e-01
3.770000000000000000e+03 4.555954456162268351e-01
3.780000000000000000e+03 4.558268827190375405e-01
3.790000000000000000e+03 4.560394259961733088e-01
3.800000000000000000e+03 4.562334077175360658e-01
3.810000000000000000e+03 4.564091873940619992e-01
3.820000000000000000e+03 4.565671262623311466e-01
3.830000000000000000e+03 4.567075602749655627e-01
3.840000000000000000e+03 4.568307740713135057e-01
3.850000000000000000e+03 4.569369786345768292e-01
3.860000000000000000e+03 4.570262959181276008e-01
3.870000000000000000e+03 4.570987539082670414e-01
3.880000000000000000e+03 4.571542938619076457e-01
3.890000000000000000e+03 4.571927888815203733e-01
3.900000000000000000e+03 4.572140721498492710e-01
3.910000000000000000e+03 4.572179725446884890e-01
3.920000000000000000e+03 4.572043532874098815e-01
3.930000000000000000e+03 4.571731484701130332e-01
3.940000000000000000e+03 4.571243935270937198e-01
3.950000000000000000e+03 4.570582472588747280e-01
3.960000000000000000e+03 4.569750039495766303e-01
3.970000000000000000e+03 4.568750952884323424e-01
3.980000000000000000e+03 4.567590832814448776e-01
3.990000000000000000e+03 4.566276463007606368e-01
4.000000000000000000e+03 4.564815607688640364e-01
4.010000000000000000e+03 4.563216812067038552e-01
4.020000000000000000e+03 4.561489207862341466e-01
4.030000000000000000e+03 4.559642338365473280e-01
4.040000000000000000e+03 4.557686017517729726e-01
4.050000000000000000e+03 4.555630231619542947e-01
4.060000000000000000e+03 4.553485080536167073e-01
4.070000000000000000e+03 4.551260748062063155e-01
4.080000000000000000e+03 4.548967492013178404e-01
4.090000000000000000e+03 4.546615646880260986e-01
4.100000000000000000e+03 4.544215638115435274e-01
4.110000000000000000e+03 4.541778006765300191e-01
4.120000000000000000e+03 4.539313445030334071e-01
4.130000000000000000e+03 4.536832837996501167e-01
4.140000000000000000e+03 4.534347303437054055e-01
4.150000000000000000e+03 4.531868233805387280e-01
4.160000000000000000e+03 4.529407341465979675e-01
4.170000000000000000e+03 4.526976698476901650e-01
4.180000000000000000e+03 4.524588771286160438e-01
4.190000000000000000e+03 4.522256447499869991e-01
4.200000000000000000e+03 4.519993045321100689e-01
4.210000000000000000e+03 4.517812303684868303e-01
4.220000000000000000e+03 4.515728346835070628e-01
4.230000000000000000e+03 4.513755616219426448e-01
4.240000000000000000e+03 4.511908769345799874e-01
4.250000000000000000e+03 4.510202551889080924e-01
4.260000000000000000e+03 4.508651642595297715e-01
4.270000000000000000e+03 4.507270467019330873e-01
4.280000000000000000e+03 4.506072983033609924e-01
4.290000000000000000e+03 4.505072449097160536e-01
4.300000000000000000e+03 4.504281187152146537e-01
4.310000000000000000e+03 4.503710347274832992e-01
4.320000000000000000e+03 4.503369676126261489e-01
4.330000000000000000e+03 4.503267288683180936e-01
4.340000000000000000e+03 4.503409445516747822e-01
4.350000000000000000e+03 4.503800343163180120e-01
4.360000000000000000e+03 4.504441923802511294e-01
4.370000000000000000e+03 4.505333708355250266e-01
4.380000000000000000e+03 4.506472660188847734e-01
4.390000000000000000e+03 4.507853088670186192e-01
4.400000000000000000e+03 4.509466601563196231e-01
4.410000000000000000e+03 4.511302117137544476e-01
4.420000000000000000e+03 4.513345944588947889e-01
4.430000000000000000e+03 4.515581932532383713e-01
4.440000000000000000e+03 4.517991682587224611e-01
4.450000000000000000e+03 4.520554827807645171e-01
4.460000000000000000e+03 4.523249367992039360e-01
4.470000000000000000e+03 4.526052044550578080e-01
4.480000000000000000e+03 4.528938741442203875e-01
4.490000000000000000e+03 4.531884898546859608e-01
4.500000000000000000e+03 4.534865919884839003e-01
4.510000000000000000e+03 4.537857564536736388e-01
4.520000000000000000e+03 4.540836315207938956e-01
4.530000000000000000e+03 4.543779716739954067e-01
4.540000000000000000e+03 4.546666678786169813e-01
4.550000000000000000e+03 4.549477746897578334e-01
4.560000000000000000e+03 4.552195346269117815e-01
4.570000000000000000e+03 4.554803996867677895e-01
4.580000000000000000e+03 4.557290491926878628e-01
4.590000000000000000e+03 4.559644027686863832e-01
4.600000000000000000e+03 4.561856271416590558e-01
4.610000000000000000e+03 4.563921354069818692e-01
4.620000000000000000e+03 4.565835774536236569e-01
4.630000000000000000e+03 4.567598210905926548e-01
4.640000000000000000e+03 4.569209250079410145e-01
4.650000000000000000e+03 4.570671056717946490e-01
4.660000000000000000e+03 4.571987004913317110e-01
4.670000000000000000e+03 4.573161300644145721e-01
4.680000000000000000e+03 4.574198626544964119e-01
4.690000000000000000e+03 4.575103833867777969e-01
4.700000000000000000e+03 4.575881699158546034e-01
4.710000000000000000e+03 4.576536757997700100e-01
4.720000000000000000e+03 4.577073222308478129e-01
4.730000000000000000e+03 4.577494976063882226e-01
4.740000000000000000e+03 4.577805631065243186e-01
4.750000000000000000e+03 4.578008616430780386e-01
4.760000000000000000e+03 4.578107277780880668e-01
4.770000000000000000e+03 4.578104966931484388e-01
4.780000000000000000e+03 4.578005108598497408e-01
4.790000000000000000e+03 4.577811236709142251e-01
4.800000000000000000e+03 4.577526996712896201e-01
4.810000000000000000e+03 4.577156116064743374e-01
4.820000000000000000e+03 4.576702351426110704e-01
4.830000000000000000e+03 4.576169429136905942e-01
4.840000000000000000e+03 4.575560997430477839e-01
4.850000000000000000e+03 4.574880604711503151e-01
4.860000000000000000e+03 4.574131711986254012e-01
4.870000000000000000e+03 4.573317746966832908e-01
4.880000000000000000e+03 4.572442206095744810e-01
4.890000000000000000e+03 4.571508798989255551e-01
4.900000000000000000e+03 4.570521624065788102e-01
4.910000000000000000e+03 4.569485366573031726e-01
4.920000000000000000e+03 4.568405506089174284e-01
4.930000000000000000e+03 4.567288511527090034e-01
4.940000000000000000e+03 4.566141997278578835e-01
4.950000000000000000e+03 4.564974818589223604e-01
4.960000000000000000e+03 4.563797090496832243e-01
4.970000000000000000e+03 4.562620124721803450e-01
4.980000000000000000e+03 4.561456293209663060e-01
4.990000000000000000e+03 4.560318836390410135e-01
5.000000000000000000e+03 4.559221636084310747e-01
5.010000000000000000e+03 4.558178972212760804e-01
5.020000000000000000e+03 4.557205281618290638e-01
5.030000000000000000e+03 4.556314933137788903e-01
5.040000000000000000e+03 4.555522023931898312e-01
5.050000000000000000e+03 4.554840194916805474e-01
5.060000000000000000e+03 4.554282458558435720e-01
5.070000000000000000e+03 4.553861025865583168e-01
5.080000000000000000e+03 4.553587115193598600e-01
5.090000000000000000e+03 4.553470732159233259e-01
5.100000000000000000e+03 4.553520425299854568e-01
5.110000000000000000e+03 4.553743031484343562e-01
5.120000000000000000e+03 4.554143426474692169e-01
5.130000000000000000e+03 4.554724295490950592e-01
5.140000000000000000e+03 4.555485939423229991e-01
5.150000000000000000e+03 4.556426135807928324e-01
5.160000000000000000e+03 4.557540073268896985e-01
5.170000000000000000e+03 4.558820371092438539e-01
5.180000000000000000e+03 4.560257188253420413e-01
5.190000000000000000e+03 4.561838421901155405e-01
5.200000000000000000e+03 4.563549988621715681e-01
5.210000000000000000e+03 4.565376174060191694e-01
5.220000000000000000e+03 4.567300031735145871e-01
5.230000000000000000e+03 4.569303808065539596e-01
5.240000000000000000e+03 4.571369368905162656e-01
5.250000000000000000e+03 4.573478607306656896e-01
5.260000000000000000e+03 4.575613819081807976e-01
5.270000000000000000e+03 4.577758034340420057e-01
5.280000000000000000e+03 4.579895291309835637e-01
5.290000000000000000e+03 4.582010840103119542e-01
5.300000000000000000e+03 4.584091269579753103e-01
5.310000000000000000e+03 4.586124560262392347e-01
5.320000000000000000e+03 4.588100078220985201e-01
5.330000000000000000e+03 4.590008532301758648e-01
5.340000000000000000e+03 4.591841918533930977e-01
5.350000000000000000e+03 4.593593472734619487e-01
5.360000000000000000e+03 4.595257644574824996e-01
5.370000000000000000e+03 4.596830094541091705e-01
5.380000000000000000e+03 4.598307703515296385e-01
5.390000000000000000e+03 4.599688574789971840e-01
5.400000000000000000e+03 4.600972000378061866e-01
5.410000000000000000e+03 4.602158360630477785e-01
5.420000000000000000e+03 4.603248936454714668e-01
5.430000000000000000e+03 4.604245634964848621e-01
5.440000000000000000e+03 4.605150647125688113e-01
5.450000000000000000e+03 4.605966067461485514e-01
5.460000000000000000e+03 4.606693518769355844e-01
5.470000000000000000e+03 4.607333836234881463e-01
5.480000000000000000e+03 4.607886863892763918e-01
5.490000000000000000e+03 4.608351396513303277e-01
5.500000000000000000e+03 4.608725271104829324e-01
5.510000000000000000e+03 4.609005588929431241e-01
5.520000000000000000e+03 4.609189035632619280e-01
5.530000000000000000e+03 4.609272254204596631e-01
5.540000000000000000e+03 4.609252213844932666e-01
5.550000000000000000e+03 4.609126520861648868e-01
5.560000000000000000e+03 4.608893635393169763e-01
5.570000000000000000e+03 4.608552978746481843e-01
5.580000000000000000e+03 4.608104936770187066e-01
5.590000000000000000e+03 4.607550781429000097e-01
5.600000000000000000e+03 4.606892540440993278e-01
5.610000000000000000e+03 4.606132843983781200e-01
5.620000000000000000e+03 4.605274773256465837e-01
5.630000000000000000e+03 4.604321730296720427e-01
5.640000000000000000e+03 4.603277342846484044e-01
5.650000000000000000e+03 4.602145409589497582e-01
5.660000000000000000e+03 4.600929880843648290e-01
5.670000000000000000e+03 4.599634864815718149e-01
5.680000000000000000e+03 4.598264650334376036e-01
5.690000000000000000e+03 4.596823741037371902e-01
5.700000000000000000e+03 4.595316898047963061e-01
5.710000000000000000e+03 4.593749187103089437e-01
5.720000000000000000e+03 4.592126027430977753e-01
5.730000000000000000e+03 4.590453243384807203e-01
5.740000000000000000e+03 4.588737121589123169e-01
5.750000000000000000e+03 4.586984474059710992e-01
5.760000000000000000e+03 4.585202704474041768e-01
5.770000000000000000e+03 4.583399873138687131e-01
5.780000000000000000e+03 4.581584754732485609e-01
5.790000000000000000e+03 4.579766881786448973e-01
5.800000000000000000e+03 4.577956568027886641e-01
5.810000000000000000e+03 4.576164908539547826e-01
5.820000000000000000e+03 4.574403755605077060e-01
5.830000000000000000e+03 4.572685669473661729e-01
5.840000000000000000e+03 4.571023841129056020e-01
5.850000000000000000e+03 4.569431982663887393e-01
5.860000000000000000e+03 4.567924181948010420e-01
5.870000000000000000e+03 4.566514720458181853e-01
5.880000000000000000e+03 4.565217857939081192e-01
5.890000000000000000e+03 4.564047592856896318e-01
5.900000000000000000e+03 4.563017407962007832e-01
5.910000000000000000e+03 4.562140008662039503e-01
5.920000000000000000e+03 4.561427063286000450e-01
5.930000000000000000e+03 4.560888955989828020e-01
5.940000000000000000e+03 4.560534560363062040e-01
5.950000000000000000e+03 4.560371036458887306e-01
5.960000000000000000e+03 4.560403650090088523e-01
5.970000000000000000e+03 4.560635613334094174e-01
5.980000000000000000e+03 4.561067948446774212e-01
5.990000000000000000e+03 4.561699379929342602e-01
6.000000000000000000e+03 4.562526259266184159e-01
6.010000000000000000e+03 4.563542528852715940e-01
6.020000000000000000e+03 4.564739736252871882e-01
6.030000000000000000e+03 4.566107109652954854e-01
6.040000000000000000e+03 4.567631702091086709e-01
6.050000000000000000e+03 4.569298610579275999e-01
6.060000000000000000e+03 4.571091271866269956e-01
6.070000000000000000e+03 4.572991826356107015e-01
6.080000000000000000e+03 4.574981534647722947e-01
6.090000000000000000e+03 4.577041226189756395e-01
6.100000000000000000e+03 4.579151750911178986e-01
6.110000000000000000e+03 4.581294403743521593e-01
6.120000000000000000e+03 4.583451292813794931e-01
6.130000000000000000e+03 4.585605624191272933e-01
6.140000000000000000e+03 4.587741896485086346e-01
6.150000000000000000e+03 4.589846018495223334e-01
6.160000000000000000e+03 4.591905364975296666e-01
6.170000000000000000e+03 4.593908784182970106e-01
6.180000000000000000e+03 4.595846575740709095e-01
6.190000000000000000e+03 4.597710459987403020e-01
6.200000000000000000e+03 4.599493554873892442e-01
6.210000000000000000e+03 4.601190369424905113e-01
6.220000000000000000e+03 4.602796815499133887e-01
6.230000000000000000e+03 4.604310230359623946e-01
6.240000000000000000e+03 4.605729390242025434e-01
6.250000000000000000e+03 4.607054483959490132e-01
6.260000000000000000e+03 4.608287011761066920e-01
6.270000000000000000e+03 4.609429581738238024e-01
6.280000000000000000e+03 4.610485594180937508e-01
6.290000000000000000e+03 4.611458828351389649e-01
6.300000000000000000e+03 4.612352968595013758e-01
6.310000000000000000e+03 4.613171124272443246e-01
6.320000000000000000e+03 4.613915407787005929e-01
6.330000000000000000e+03 4.614586633939161686e-01
6.340000000000000000e+03 4.615184191859132423e-01
6.350000000000000000e+03 4.615706115013506472e-01
6.360000000000000000e+03 4.616149339362576320e-01
6.370000000000000000e+03 4.616510108071061325e-01
6.380000000000000000e+03 4.616784461023667463e-01
6.390000000000000000e+03 4.616968735733107954e-01
6.400000000000000000e+03 4.617060004590510247e-01
6.410000000000000000e+03 4.617056387848548216e-01
6.420000000000000000e+03 4.616957209204893275e-01
6.430000000000000000e+03 4.616762992986838121e-01
6.440000000000000000e+03 4.616475328893711594e-01
6.450000000000000000e+03 4.616096647163255295e-01
6.460000000000000000e+03 4.615629955867291967e-01
6.470000000000000000e+03 4.615078593796913542e-01
6.480000000000000000e+03 4.614446042424348304e-01
6.490000000000000000e+03 4.613735816685455848e-01
6.500000000000000000e+03 4.612951428705558410e-01
6.510000000000000000e+03 4.612096407805362785e-01
6.520000000000000000e+03 4.611174357480082864e-01
6.530000000000000000e+03 4.610189023269787301e-01
6.540000000000000000e+03 4.609144345562951051e-01
6.550000000000000000e+03 4.608044483932932089e-01
6.560000000000000000e+03 4.606893812439528668e-01
6.570000000000000000e+03 4.605696893804693270e-01
6.580000000000000000e+03 4.604458445708022873e-01
6.590000000000000000e+03 4.603183315473320381e-01
6.600000000000000000e+03 4.601876481207116676e-01
6.610000000000000000e+03 4.600543087118392216e-01
6.620000000000000000e+03 4.599188504765835961e-01
6.630000000000000000e+03 4.597818410107559206e-01
6.640000000000000000e+03 4.596438865876080193e-01
6.650000000000000000e+03 4.595056391069397006e-01
6.660000000000000000e+03 4.593677995974862482e-01
6.670000000000000000e+03 4.592311169231678702e-01
6.680000000000000000e+03 4.590963820361804171e-01
6.690000000000000000e+03 4.589644188824882898e-01
6.700000000000000000e+03 4.588360723399021457e-01
6.710000000000000000e+03 4.587121935686461205e-01
6.720000000000000000e+03 4.585936244501513381e-01
6.730000000000000000e+03 4.584811830674881405e-01
6.740000000000000000e+03 4.583756515021601974e-01
6.750000000000000000e+03 4.582777665191809513e-01
6.760000000000000000e+03 4.581882129413070714e-01
6.770000000000000000e+03 4.581076192502364086e-01
6.780000000000000000e+03 4.580365551181472816e-01
6.790000000000000000e+03 4.579755305689976463e-01
6.800000000000000000e+03 4.579249956242820718e-01
6.810000000000000000e+03 4.578853391079050206e-01
6.820000000000000000e+03 4.578568863796876331e-01
6.830000000000000000e+03 4.578398957135716429e-01
6.840000000000000000e+03 4.578345526983119695e-01
6.850000000000000000e+03 4.578409625727946630e-01
6.860000000000000000e+03 4.578591411799634026e-01
6.870000000000000000e+03 4.578890058971836763e-01
6.880000000000000000e+03 4.579303679302410002e-01
6.890000000000000000e+03 4.579829270587846834e-01
6.900000000000000000e+03 4.580462700127556075e-01
6.910000000000000000e+03 4.581198741197447522e-01
6.920000000000000000e+03 4.582031178332342525e-01
6.930000000000000000e+03 4.582952985597238404e-01
6.940000000000000000e+03 4.583956564408275813e-01
6.950000000000000000e+03 4.585034015363159687e-01
6.960000000000000000e+03 4.586177412675072618e-01
6.970000000000000000e+03 4.587379046311211850e-01
6.980000000000000000e+03 4.588631597262959882e-01
6.990000000000000000e+03 4.589928219707448132e-01
7.000000000000000000e+03 4.591262519870294989e-01
7.010000000000000000e+03 4.592628436922431834e-01
7.020000000000000000e+03 4.594020044110215806e-01
7.030000000000000000e+03 4.595431305813156286e-01
7.040000000000000000e+03 4.596855837331775274e-01
7.050000000000000000e+03 4.598286708461346017e-01
7.060000000000000000e+03 4.599716320004156311e-01
7.070000000000000000e+03 4.601136368568691792e-01
7.080000000000000000e+03 4.602537898695562291e-01
7.090000000000000000e+03 4.603911427916034249e-01
7.100000000000000000e+03 4.605247120201319544e-01
7.110000000000000000e+03 4.606534979432527210e-01
7.120000000000000000e+03 4.607765040427288517e-01
7.130000000000000000e+03 4.608927545541989801e-01
7.140000000000000000e+03 4.610013105880016449e-01
7.150000000000000000e+03 4.611012858963741690e-01
7.160000000000000000e+03 4.611918645417635299e-01
7.170000000000000000e+03 4.612723226030313595e-01
7.180000000000000000e+03 4.613420546203230166e-01
7.190000000000000000e+03 4.614006030722791474e-01
7.200000000000000000e+03 4.614476868279174804e-01
7.210000000000000000e+03 4.614832236412564348e-01
7.220000000000000000e+03 4.615073425877300184e-01
7.230000000000000000e+03 4.615203836798715265e-01
7.240000000000000000e+03 4.615228831988789637e-01
7.250000000000000000e+03 4.615155453896859217e-01
7.260000000000000000e+03 4.614992039576957805e-01
7.270000000000000000e+03 4.614747787984100902e-01
7.280000000000000000e+03 4.614432336088959974e-01
7.290000000000000000e+03 4.614055389276690566e-01
7.300000000000000000e+03 4.613626440271130780e-01
7.310000000000000000e+03 4.613154586987825989e-01
7.320000000000000000e+03 4.612648434010558351e-01
7.330000000000000000e+03 4.612116055365262923e-01
7.340000000000000000e+03 4.611564976703509400e-01
7.350000000000000000e+03 4.611002137188868200e-01
7.360000000000000000e+03 4.610433806068723328e-01
7.370000000000000000e+03 4.609865438451057340e-01
7.380000000000000000e+03 4.609301481828292912e-01
7.390000000000000000e+03 4.608745173522620364e-01
7.400000000000000000e+03 4.608198378827622621e-01
7.410000000000000000e+03 4.607661518975164072e-01
7.420000000000000000e+03 4.607133625879041294e-01
7.430000000000000000e+03 4.606612540341912809e-01
7.440000000000000000e+03 4.606095245420052664e-01
7.450000000000000000e+03 4.605578311900956345e-01
7.460000000000000000e+03 4.605058414860835336e-01
7.470000000000000000e+03 4.604532860669061645e-01
7.480000000000000000e+03 4.604000060419171092e-01
7.490000000000000000e+03 4.603459895475313091e-01
7.500000000000000000e+03 4.602913929688794425e-01
7.510000000000000000e+03 4.602365443379980992e-01
7.520000000000000000e+03 4.601819292406645334e-01
7.530000000000000000e+03 4.601281616676066166e-01
7.540000000000000000e+03 4.600759446649208551e-01
7.550000000000000000e+03 4.600260272166703523e-01
7.560000000000000000e+03 4.599791639326157866e-01
7.570000000000000000e+03 4.599360829898359038e-01
7.580000000000000000e+03 4.598974656952693474e-01
7.590000000000000000e+03 4.598639384499325633e-01
7.600000000000000000e+03 4.598360755007035450e-01
7.610000000000000000e+03 4.598144092281463702e-01
7.620000000000000000e+03 4.597994439061010019e-01
7.630000000000000000e+03 4.597916683517040970e-01
7.640000000000000000e+03 4.597915628437073687e-01
7.650000000000000000e+03 4.597995966274686097e-01
7.660000000000000000e+03 4.598162140792986241e-01
7.670000000000000000e+03 4.598418101600824093e-01
7.680000000000000000e+03 4.598766979877654260e-01
7.690000000000000000e+03 4.599210723703904824e-01
7.700000000000000000e+03 4.599749733540916541e-01
7.710000000000000000e+03 4.600382538489746209e-01
7.720000000000000000e+03 4.601105554675499754e-01
7.730000000000000000e+03 4.601912965817673284e-01
7.740000000000000000e+03 4.602796758157160495e-01
7.750000000000000000e+03 4.603746922260024133e-01
7.760000000000000000e+03 4.604751807747998749e-01
7.770000000000000000e+03 4.605798592529508628e-01
7.780000000000000000e+03 4.606873817078288580e-01
7.790000000000000000e+03 4.607963939707942491e-01
7.800000000000000000e+03 4.609055868357492813e-01
7.810000000000000000e+03 4.610137420840144107e-01
7.820000000000000000e+03 4.611197678870481709e-01
7.830000000000000000e+03 4.612227219248761223e-01
7.840000000000000000e+03 4.613218221634833860e-01
7.850000000000000000e+03 4.614164465869046161e-01
7.860000000000000000e+03 4.615061241156064309e-01
7.870000000000000000e+03 4.615905194636540920e-01
7.880000000000000000e+03 4.616694148634169492e-01
7.890000000000000000e+03 4.617426909656081602e-01
7.900000000000000000e+03 4.618103083035451362e-01
7.910000000000000000e+03 4.618722902293868615e-01
7.920000000000000000e+03 4.619287076628858513e-01
7.930000000000000000e+03 4.619796655827602683e-01
7.940000000000000000e+03 4.620252909631437088e-01
7.950000000000000000e+03 4.620657217690527507e-01
7.960000000000000000e+03 4.621010971825350588e-01
7.970000000000000000e+03 4.621315499313123909e-01
7.980000000000000000e+03 4.621572015971782688e-01
7.990000000000000000e+03 4.621781609387181633e-01
8.000000000000000000e+03 4.621945240733119631e-01
8.010000000000000000e+03 4.622063749325452942e-01
8.020000000000000000e+03 4.622137848367351975e-01
8.030000000000000000e+03 4.622168107304722717e-01
8.040000000000000000e+03 4.622154923030967200e-01
8.050000000000000000e+03 4.622098485715536720e-01
8.060000000000000000e+03 4.621998747457830015e-01
8.070000000000000000e+03 4.621855406348300832e-01
8.080000000000000000e+03 4.621667922346670010e-01
8.090000000000000000e+03 4.621435577602228673e-01
8.100000000000000000e+03 4.621157583764077814e-01
8.110000000000000000e+03 4.620833229187358282e-01
8.120000000000000000e+03 4.620462048478722328e-01
8.130000000000000000e+03 4.620043988929299905e-01
8.140000000000000000e+03 4.619579548831733162e-01
8.150000000000000000e+03 4.619069866037142091e-01
8.160000000000000000e+03 4.618516740044015800e-01
8.170000000000000000e+03 4.617922583024663408e-01
8.180000000000000000e+03 4.617290308267503751e-01
8.190000000000000000e+03 4.616623172066101621e-01
8.200000000000000000e+03 4.615924592900246815e-01
8.210000000000000000e+03 4.615197977013376085e-01
8.220000000000000000e+03 4.614446579852899410e-01
8.230000000000000000e+03 4.613673424987113636e-01
8.240000000000000000e+03 4.612881289702344678e-01
8.250000000000000000e+03 4.612072751141683691e-01
8.260000000000000000e+03 4.611250279725764845e-01
8.270000000000000000e+03 4.610416364736820705e-01
8.280000000000000000e+03 4.609573647503756311e-01
8.290000000000000000e+03 4.608725032309965441e-01
8.300000000000000000e+03 4.607873750318070005e-01
8.310000000000000000e+03 4.607023364130704568e-01
8.320000000000000000e+03 4.606177718043421576e-01
8.330000000000000000e+03 4.605340852209889313e-01
8.340000000000000000e+03 4.604516902172912651e-01
8.350000000000000000e+03 4.603710008190891600e-01
8.360000000000000000e+03 4.602924262978282943e-01
8.370000000000000000e+03 4.602163720017171111e-01
8.380000000000000000e+03 4.601432466032687740e-01
8.390000000000000000e+03 4.600734745556911975e-01
8.400000000000000000e+03 4.600075114358757045e-01
8.410000000000000000e+03 4.599458588983212359e-01
8.420000000000000000e+03 4.598890753161909428e-01
8.430000000000000000e+03 4.598377782001756842e-01
8.440000000000000000e+03 4.597926353467414184e-01
8.450000000000000000e+03 4.597543432607165692e-01
8.460000000000000000e+03 4.597235934978380345e-01
8.470000000000000000e+03 4.597010297612130203e-01
8.480000000000000000e+03 4.596872006861754123e-01
8.490000000000000000e+03 4.596825144658471807e-01
8.500000000000000000e+03 4.596872011593921004e-01
8.510000000000000000e+03 4.597012873164347813e-01
8.520000000000000000e+03 4.597245862126220217e-01
8.530000000000000000e+03 4.597567048410144408e-01
8.540000000000000000e+03 4.597970661464231279e-01
8.550000000000000000e+03 4.598449431143818433e-01
8.560000000000000000e+03 4.598995002339312244e-01
8.570000000000000000e+03 4.599598374249747601e-01
8.580000000000000000e+03 4.600250320277484706e-01
8.590000000000000000e+03 4.600941755833107827e-01
8.600000000000000000e+03 4.601664034518720414e-01
8.610000000000000000e+03 4.602409165208564135e-01
8.620000000000000000e+03 4.603169950640225716e-01
8.630000000000000000e+03 4.603940055573054191e-01
8.640000000000000000e+03 4.604714021803135715e-01
8.650000000000000000e+03 4.605487250500583385e-01
8.660000000000000000e+03 4.606255970060449956e-01
8.670000000000000000e+03 4.607017201381888860e-01
8.680000000000000000e+03 4.607768723696892832e-01
8.690000000000000000e+03 4.608509036540643367e-01
8.700000000000000000e+03 4.609237307016093022e-01
8.710000000000000000e+03 4.609953284889921066e-01
8.720000000000000000e+03 4.610657170296043605e-01
8.730000000000000000e+03 4.611349432535187809e-01
8.740000000000000000e+03 4.612030590302996225e-01
8.750000000000000000e+03 4.612700966883855891e-01
8.760000000000000000e+03 4.613360436391394925e-01
8.770000000000000000e+03 4.614008183664439211e-01
8.780000000000000000e+03 4.614642508853818437e-01
8.790000000000000000e+03 4.615260709405414330e-01
8.800000000000000000e+03 4.615859067745403110e-01
8.810000000000000000e+03 4.616432961474556951e-01
8.820000000000000000e+03 4.616977095880821502e-01
8.830000000000000000e+03 4.617485838852414259e-01
8.840000000000000000e+03 4.617953621609293124e-01
8.850000000000000000e+03 4.618375359951333303e-01
8.860000000000000000e+03 4.618746847265721156e-01
8.870000000000000000e+03 4.619065069012004421e-01
8.880000000000000000e+03 4.619328396062487574e-01
8.890000000000000000e+03 4.619536632807562104e-01
8.900000000000000000e+03 4.619690919254810235e-01
8.910000000000000000e+03 4.619793511276183429e-01
8.920000000000000000e+03 4.619847480351425006e-01
8.930000000000000000e+03 4.619856379234966726e-01
8.940000000000000000e+03 4.619823914222972450e-01
8.950000000000000000e+03 4.619753662283569429e-01
8.960000000000000000e+03 4.619648873621015062e-01
8.970000000000000000e+03 4.619512387825542299e-01
8.980000000000000000e+03 4.619346658604418510e-01
8.990000000000000000e+03 4.619153849036611859e-01
9.000000000000000000e+03 4.618935949367810601e-01
9.010000000000000000e+03 4.618694878670757675e-01
9.020000000000000000e+03 4.618432543908276844e-01
9.030000000000000000e+03 4.618150837690169763e-01
9.040000000000000000e+03 4.617851564024169075e-01
9.050000000000000000e+03 4.617536298454584798e-01
9.060000000000000000e+03 4.617206213864228914e-01
9.070000000000000000e+03 4.616861918326429781e-01
9.080000000000000000e+03 4.616503348244903604e-01
9.090000000000000000e+03 4.616129750485288286e-01
9.100000000000000000e+03 4.615739774218490798e-01
9.110000000000000000e+03 4.615331675747728624e-01
9.120000000000000000e+03 4.614903620353285607e-01
9.130000000000000000e+03 4.614454048733109270e-01
9.140000000000000000e+03 4.613982065914930542e-01
9.150000000000000000e+03 4.613487808074596686e-01
9.160000000000000000e+03 4.612972745208444580e-01
9.170000000000000000e+03 4.612439885554557861e-01
9.180000000000000000e+03 4.611893861850501208e-01
9.190000000000000000e+03 4.611340894936202250e-01
9.200000000000000000e+03 4.610788643664875397e-01
9.210000000000000000e+03 4.610245961300163398e-01
9.220000000000000000e+03 4.609722582220815990e-01
9.230000000000000000e+03 4.609228759915576790e-01
9.240000000000000000e+03 4.608774879641744926e-01
9.250000000000000000e+03 4.608371074902167797e-01
9.260000000000000000e+03 4.608026872464844881e-01
9.270000000000000000e+03 4.607750880444541064e-01
9.280000000000000000e+03 4.607550526374212807e-01
9.290000000000000000e+03 4.607431846042356338e-01
9.300000000000000000e+03 4.607399318792071985e-01
9.310000000000000000e+03 4.607455743633572798e-01
9.320000000000000000e+03 4.607602151397824919e-01
9.330000000000000000e+03 4.607837747520532323e-01
9.340000000000000000e+03 4.608159882912553074e-01
9.350000000000000000e+03 4.608564058486012138e-01
9.360000000000000000e+03 4.609043977230465328e-01
9.370000000000000000e+03 4.609591659512131123e-01
9.380000000000000000e+03 4.610197634163197278e-01
9.390000000000000000e+03 4.610851210582678772e-01
9.400000000000000000e+03 4.611540831201775825e-01
9.410000000000000000e+03 4.612254494259791504e-01
9.420000000000000000e+03 4.612980218240145258e-01
9.430000000000000000e+03 4.613706510414775086e-01
9.440000000000000000e+03 4.614422800580447737e-01
9.450000000000000000e+03 4.615119803020776290e-01
9.460000000000000000e+03 4.615789778832342094e-01
9.470000000000000000e+03 4.616426683606714154e-01
9.480000000000000000e+03 4.617026195998908400e-01
9.490000000000000000e+03 4.617585633440778325e-01
9.500000000000000000e+03 4.618103772338379986e-01
9.510000000000000000e+03 4.618580599492047023e-01
9.520000000000000000e+03 4.619017030266280854e-01
9.530000000000000000e+03 4.619414633487624045e-01
9.540000000000000000e+03 4.619775397977325948e-01
9.550000000000000000e+03 4.620101558640359873e-01
9.560000000000000000e+03 4.620395480641700248e-01
9.570000000000000000e+03 4.620659587896472908e-01
9.580000000000000000e+03 4.620896312766595848e-01
9.590000000000000000e+03 4.621108037772540533e-01
9.600000000000000000e+03 4.621297001602943100e-01
9.610000000000000000e+03 4.621465155807015779e-01
9.620000000000000000e+03 4.621613979197013999e-01
9.630000000000000000e+03 4.621744273573619166e-01
9.640000000000000000e+03 4.621855975019397711e-01
9.650000000000000000e+03 4.621948019177066214e-01
9.660000000000000000e+03 4.622018296543907168e-01
9.670000000000000000e+03 4.622063725993968974e-01
9.680000000000000000e+03 4.622080458511734768e-01
9.690000000000000000e+03 4.622064196928570290e-01
9.700000000000000000e+03 4.622010596507096780e-01
9.710000000000000000e+03 4.621915701053950776e-01
9.720000000000000000e+03 4.621776357578720185e-01
9.730000000000000000e+03 4.621590545820731810e-01
9.740000000000000000e+03 4.621357569696932233e-01
9.750000000000000000e+03 4.621078080470601424e-01
9.760000000000000000e+03 4.620753936270092788e-01
9.770000000000000000e+03 4.620387934990103362e-01
9.780000000000000000e+03 4.619983474225810571e-01
9.790000000000000000e+03 4.619544195091261907e-01
9.800000000000000000e+03 4.619073663333759239e-01
9.810000000000000000e+03 4.618575137025202615e-01
9.820000000000000000e+03 4.618051454516464704e-01
9.830000000000000000e+03 4.617505046237250221e-01
9.840000000000000000e+03 4.616938046559180275e-01
9.850000000000000000e+03 4.616352466416906442e-01
9.860000000000000000e+03 4.615750384497456782e-01
9.870000000000000000e+03 4.615134112577592429e-01
9.880000000000000000e+03 4.614506294715490786e-01
9.890000000000000000e+03 4.613869918356477418e-01
9.900000000000000000e+03 4.613228240422471149e-01
9.910000000000000000e+03 4.612584656342131884e-01
9.920000000000000000e+03 4.611942552658284122e-01
9.930000000000000000e+03 4.611305181022227195e-01
9.940000000000000000e+03 4.610675588204231623e-01
9.950000000000000000e+03 4.610056628670871626e-01
9.960000000000000000e+03 4.609451067579953820e-01
9.970000000000000000e+03 4.608861763321505101e-01
9.980000000000000000e+03 4.608291902944759433e-01
9.990000000000000000e+03 4.607745250060101827e-01
1.000000000000000000e+04 4.607226358887092088e-01
1.001000000000000000e+04 4.606740710194380251e-01
1.002000000000000000e+04 4.606294737764466962e-01
1.003000000000000000e+04 4.605895734791360385e-01
1.004000000000000000e+04 4.605551645798152127e-01
1.005000000000000000e+04 4.605270758282755672e-01
1.006000000000000000e+04 4.605061321206376790e-01
1.007000000000000000e+04 4.604931127714035344e-01
1.008000000000000000e+04 4.604887100578311521e-01
1.009000000000000000e+04 4.604934914653927014e-01
1.010000000000000000e+04 4.605078680067530850e-01
1.011000000000000000e+04 4.605320702310662373e-01
1.012000000000000000e+04 4.605661330921707597e-01
1.013000000000000000e+04 4.606098899916784561e-01
1.014000000000000000e+04 4.606629757177685969e-01
1.015000000000000000e+04 4.607248378052351545e-01
1.016000000000000000e+04 4.607947556290986069e-01
1.017000000000000000e+04 4.608718662127753718e-01
1.018000000000000000e+04 4.609551953989147188e-01
1.019000000000000000e+04 4.610436931597778898e-01
1.020000000000000000e+04 4.611362710837255685e-01
1.021000000000000000e+04 4.612318392469383910e-01
1.022000000000000000e+04 4.613293403080954147e-01
1.023000000000000000e+04 4.614277794672739241e-01
1.024000000000000000e+04 4.615262493725575399e-01
1.025000000000000000e+04 4.616239492225247543e-01
1.026000000000000000e+04 4.617201986204529374e-01
1.027000000000000000e+04 4.618144459282044201e-01
1.028000000000000000e+04 4.619062708376885373e-01
1.029000000000000000e+04 4.619953824151515898e-01
1.030000000000000000e+04 4.620816125202999447e-01
1.031000000000000000e+04 4.621649038541256194e-01
1.032000000000000000e+04 4.622452916977468629e-01
1.033000000000000000e+04 4.623228792717387625e-01
1.034000000000000000e+04 4.623978080302224569e-01
1.035000000000000000e+04 4.624702250014575133e-01
1.036000000000000000e+04 4.625402504344143240e-01
1.037000000000000000e+04 4.626079486784693273e-01
1.038000000000000000e+04 4.626733046992974052e-01
1.039000000000000000e+04 4.627362078388571609e-01
1.040000000000000000e+04 4.627964427954551208e-01
1.041000000000000000e+04 4.628536869534380371e-01
1.042000000000000000e+04 4.629075132464998132e-01
1.043000000000000000e+04 4.629573978138857293e-01
1.044000000000000000e+04 4.630027314682921835e-01
1.045000000000000000e+04 4.630428350325365150e-01
1.046000000000000000e+04 4.630769803213337643e-01
1.047000000000000000e+04 4.631044190561671159e-01
1.048000000000000000e+04 4.631244212515370218e-01
1.049000000000000000e+04 4.631363225571045739e-01
1.050000000000000000e+04 4.631395775102605250e-01
1.051000000000000000e+04 4.631338135460661976e-01
1.052000000000000000e+04 4.631188786702195581e-01
1.053000000000000000e+04 4.630948748635004830e-01
1.054000000000000000e+04 4.630621700797289964e-01
1.055000000000000000e+04 4.630213839522122621e-01
1.056000000000000000e+04 4.629733453457407499e-01
1.057000000000000000e+04 4.629190251649116239e-01
1.058000000000000000e+04 4.628594524284344036e-01
1.059000000000000000e+04 4.627956240978584046e-01
1.060000000000000000e+04 4.627284205039747245e-01
1.061000000000000000e+04 4.626585374106276238e-01
1.062000000000000000e+04 4.625864426108562966e-01
1.063000000000000000e+04 4.625123602765148778e-01
1.064000000000000000e+04 4.624362821880814156e-01
1.065000000000000000e+04 4.623580019931356477e-01
1.066000000000000000e+04 4.622771662694495354e-01
1.067000000000000000e+04 4.621933349731985330e-01
1.068000000000000000e+04 4.621060441761629667e-01
1.069000000000000000e+04 4.620148648656725032e-01
1.070000000000000000e+04 4.619194531307246332e-01
1.071000000000000000e+04 4.618195892082689324e-01
1.072000000000000000e+04 4.617152043783543935e-01
1.073000000000000000e+04 4.616063957151514408e-01
1.074000000000000000e+04 4.614934295986750645e-01
1.075000000000000000e+04 4.613767353610180311e-01
1.076000000000000000e+04 4.612568912481177508e-01
1.077000000000000000e+04 4.611346051096750220e-01
1.078000000000000000e+04 4.610106918858845604e-01
1.079000000000000000e+04 4.608860496110525617e-01
1.080000000000000000e+04 4.607616352856159225e-01
1.081000000000000000e+04 4.606384415986845560e-01
1.082000000000000000e+04 4.605174755580853097e-01
1.083000000000000000e+04 4.603997399569408344e-01
1.084000000000000000e+04 4.602862179071983140e-01
1.085000000000000000e+04 4.601778600802125530e-01
1.086000000000000000e+04 4.600755743911500995e-01
1.087000000000000000e+04 4.599802176700278356e-01
1.088000000000000000e+04 4.598925882006858479e-01
1.089000000000000000e+04 4.598134185618596992e-01
1.090000000000000000e+04 4.597433687251764045e-01
1.091000000000000000e+04 4.596830192389562142e-01
1.092000000000000000e+04 4.596328646297134224e-01
1.093000000000000000e+04 4.595933070232645079e-01
1.094000000000000000e+04 4.595646505150621230e-01
1.095000000000000000e+04 4.595470974837596589e-01
1.096000000000000000e+04 4.595407475862465785e-01
1.097000000000000000e+04 4.595456003549988622e-01
1.098000000000000000e+04 4.595615616334065012e-01
1.099000000000000000e+04 4.595884532089906660e-01
1.100000000000000000e+04 4.596260243213088903e-01
1.101000000000000000e+04 4.596739634097812277e-01
1.102000000000000000e+04 4.597319085503492331e-01
1.103000000000000000e+04 4.597994552931012335e-01
1.104000000000000000e+04 4.598761610980852121e-01
1.105000000000000000e+04 4.599615464742364268e-01
1.106000000000000000e+04 4.600550941161775098e-01
1.107000000000000000e+04 4.601562466812382235e-01
1.108000000000000000e+04 4.602644037226412133e-01
1.109000000000000000e+04 4.603789189924946124e-01
1.110000000000000000e+04 4.604990986894302862e-01
1.111000000000000000e+04 4.606242009173331375e-01
1.112000000000000000e+04 4.607534360769617310e-01
1.113000000000000000e+04 4.608859676491175450e-01
1.114000000000000000e+04 4.610209142962509721e-01
1.115000000000000000e+04 4.611573550606900551e-01
1.116000000000000000e+04 4.612943390591378034e-01
1.117000000000000000e+04 4.614309007960917253e-01
1.118000000000000000e+04 4.615660819095563916e-01
1.119000000000000000e+04 4.616989589790377324e-01
1.120000000000000000e+04 4.618286757186176317e-01
1.121000000000000000e+04 4.619544757831571813e-01
1.122000000000000000e+04 4.620757307652826884e-01
1.123000000000000000e+04 4.621919583443575008e-01
1.124000000000000000e+04 4.623028270454839217e-01
1.125000000000000000e+04 4.624081463129132707e-01
1.126000000000000000e+04 4.625078434971715557e-01
1.127000000000000000e+04 4.626019317825536548e-01
1.128000000000000000e+04 4.626904747566216169e-01
1.129000000000000000e+04 4.627735537395971654e-01
1.130000000000000000e+04 4.628512430069562922e-01
1.131000000000000000e+04 4.629235963226334127e-01
1.132000000000000000e+04 4.629906451900636655e-01
1.133000000000000000e+04 4.630524058923530251e-01
1.134000000000000000e+04 4.631088899335543685e-01
1.135000000000000000e+04 4.631601119021411805e-01
1.136000000000000000e+04 4.632060898767611512e-01
1.137000000000000000e+04 4.632468359457043716e-01
1.138000000000000000e+04 4.632823379464554581e-01
1.139000000000000000e+04 4.633125364960216097e-01
1.140000000000000000e+04 4.633373029981295854e-01
1.141000000000000000e+04 4.633564250430342035e-01
1.142000000000000000e+04 4.633696042954647543e-01
1.143000000000000000e+04 4.633764691532581415e-01
1.144000000000000000e+04 4.633766013728299327e-01
1.145000000000000000e+04 4.633695726319544961e-01
1.146000000000000000e+04 4.633549849780592145e-01
1.147000000000000000e+04 4.633325088954310944e-01
1.148000000000000000e+04 4.633019140145375747e-01
1.149000000000000000e+04 4.632630890949208102e-01
1.150000000000000000e+04 4.632160496717269704e-01
1.151000000000000000e+04 4.631609340535797203e-01
1.152000000000000000e+04 4.630979897050789273e-01
1.153000000000000000e+04 4.630275532670185545e-01
1.154000000000000000e+04 4.629500283268392358e-01
1.155000000000000000e+04 4.628658644022953239e-01
1.156000000000000000e+04 4.627755393456968180e-01
1.157000000000000000e+04 4.626795464494566912e-01
1.158000000000000000e+04 4.625783868856829240e-01
1.159000000000000000e+04 4.624725674730030822e-01
1.160000000000000000e+04 4.623626028289154477e-01
1.161000000000000000e+04 4.622490202173034080e-01
1.162000000000000000e+04 4.621323651278901878e-01
1.163000000000000000e+04 4.620132052247862275e-01
1.164000000000000000e+04 4.618921306061523624e-01
1.165000000000000000e+04 4.617697495874666935e-01
1.166000000000000000e+04 4.616466800715135488e-01
1.167000000000000000e+04 4.615235379134197125e-01
1.168000000000000000e+04 4.614009250887344815e-01
1.169000000000000000e+04 4.612794207568245430e-01
1.170000000000000000e+04 4.611595779927821770e-01
1.171000000000000000e+04 4.610419281757413557e-01
1.172000000000000000e+04 4.609269933573742484e-01
1.173000000000000000e+04 4.608153042499330554e-01
1.174000000000000000e+04 4.607074198520918484e-01
1.175000000000000000e+04 4.606039442989864896e-01
1.176000000000000000e+04 4.605055365366937936e-01
1.177000000000000000e+04 4.604129096229084839e-01
1.178000000000000000e+04 4.603268188553873985e-01
1.179000000000000000e+04 4.602480401727674919e-01
1.180000000000000000e+04 4.601773417878118333e-01
1.181000000000000000e+04 4.601154533411202507e-01
1.182000000000000000e+04 4.600630373862543698e-01
1.183000000000000000e+04 4.600206671540782444e-01
1.184000000000000000e+04 4.599888130308298906e-01
1.185000000000000000e+04 4.599678377922186145e-01
1.186000000000000000e+04 4.599579987308904383e-01
1.187000000000000000e+04 4.599594536228169273e-01
1.188000000000000000e+04 4.599722664602161615e-01
1.189000000000000000e+04 4.599964091490329476e-01
1.190000000000000000e+04 4.600317569913032201e-01
1.191000000000000000e+04 4.600780783425337250e-01
1.192000000000000000e+04 4.601350209676850489e-01
1.193000000000000000e+04 4.602020990954639457e-01
1.194000000000000000e+04 4.602786861741031688e-01
1.195000000000000000e+04 4.603640181202100501e-01
1.196000000000000000e+04 4.604572096509345069e-01
1.197000000000000000e+04 4.605572833708462266e-01
1.198000000000000000e+04 4.606632084412270456e-01
1.199000000000000000e+04 4.607739431830468746e-01
1.200000000000000000e+04 4.608884751313687689e-01
1.201000000000000000e+04 4.610058529069241406e-01
1.202000000000000000e+04 4.611252067616744554e-01
1.203000000000000000e+04 4.612457571728579842e-01
1.204000000000000000e+04 4.613668131203791933e-01
1.205000000000000000e+04 4.614877635818532275e-01
1.206000000000000000e+04 4.616080668881173410e-01
1.207000000000000000e+04 4.617272412202108045e-01
1.208000000000000000e+04 4.618448582092856136e-01
1.209000000000000000e+04 4.619605406784871304e-01
1.210000000000000000e+04 4.620739627101420055e-01
1.211000000000000000e+04 4.621848493196372143e-01
1.212000000000000000e+04 4.622929730939989712e-01
1.213000000000000000e+04 4.623981459087151968e-01
1.214000000000000000e+04 4.625002055554779390e-01
1.215000000000000000e+04 4.625989975656183417e-01
1.216000000000000000e+04 4.626943562808780164e-01
1.217000000000000000e+04 4.627860892621059596e-01
1.218000000000000000e+04 4.628739688159742571e-01
1.219000000000000000e+04 4.629577327939329856e-01
1.220000000000000000e+04 4.630370943842972431e-01
1.221000000000000000e+04 4.631117591899578390e-01
1.222000000000000000e+04 4.631814454779922263e-01
1.223000000000000000e+04 4.632459022293660689e-01
1.224000000000000000e+04 4.633049205347851696e-01
1.225000000000000000e+04 4.633583354335116256e-01
1.226000000000000000e+04 4.634060180517134420e-01
1.227000000000000000e+04 4.634478612025849098e-01
1.228000000000000000e+04 4.634837631022056259e-01
1.229000000000000000e+04 4.635136138980442966e-01
1.230000000000000000e+04 4.635372892168953540e-01
1.231000000000000000e+04 4.635546532461985447e-01
1.232000000000000000e+04 4.635655713351760632e-01
1.233000000000000000e+04 4.635699302056817128e-01
1.234000000000000000e+04 4.635676620633757405e-01
1.235000000000000000e+04 4.635587676556414127e-01
1.236000000000000000e+04 4.635433335771622088e-01
1.237000000000000000e+04 4.635215405547057355e-01
1.238000000000000000e+04 4.634936612918489351e-01
1.239000000000000000e+04 4.634600481201299749e-01
1.240000000000000000e+04 4.634211125656157448e-01
1.241000000000000000e+04 4.633772998018122480e-01
1.242000000000000000e+04 4.633290608673373834e-01
1.243000000000000000e+04 4.632768263106650242e-01
1.244000000000000000e+04 4.632209841597100253e-01
1.245000000000000000e+04 4.631618635290583597e-01
1.246000000000000000e+04 4.630997245030034071e-01
1.247000000000000000e+04 4.630347552032890723e-01
1.248000000000000000e+04 4.629670768696244609e-01
1.249000000000000000e+04 4.628967564793163292e-01
1.250000000000000000e+04 4.628238278576018438e-01
1.251000000000000000e+04 4.627483212276164992e-01
1.252000000000000000e+04 4.626702993959761478e-01
1.253000000000000000e+04 4.625898961110869734e-01
1.254000000000000000e+04 4.625073505990052736e-01
1.255000000000000000e+04 4.624230333090652567e-01
1.256000000000000000e+04 4.623374579397443451e-01
1.257000000000000000e+04 4.622512758167122704e-01
1.258000000000000000e+04 4.621652517334114973e-01
1.259000000000000000e+04 4.620802238124149253e-01
1.260000000000000000e+04 4.619970521822728826e-01
1.261000000000000000e+04 4.619165632557745149e-01
1.262000000000000000e+04 4.618394975595592200e-01
1.263000000000000000e+04 4.617664684982188406e-01
1.264000000000000000e+04 4.616979373440223688e-01
1.265000000000000000e+04 4.616342070488418381e-01
1.266000000000000000e+04 4.615754352606186717e-01
1.267000000000000000e+04 4.615216631383761148e-01
1.268000000000000000e+04 4.614728538987679651e-01
1.269000000000000000e+04 4.614289343441563829e-01
1.270000000000000000e+04 4.613898330493550470e-01
1.271000000000000000e+04 4.613555088050163566e-01
1.272000000000000000e+04 4.613259658174135303e-01
1.273000000000000000e+04 4.613012550392669997e-01
1.274000000000000000e+04 4.612814635127256979e-01
1.275000000000000000e+04 4.612666953322983043e-01
1.276000000000000000e+04 4.612570491531955974e-01
1.277000000000000000e+04 4.612525963684759867e-01
1.278000000000000000e+04 4.612533634551085338e-01
1.279000000000000000e+04 4.612593215868813767e-01
1.280000000000000000e+04 4.612703843166137130e-01
1.281000000000000000e+04 4.612864122830884206e-01
1.282000000000000000e+04 4.613072232211301027e-01
1.283000000000000000e+04 4.613326053840539620e-01
1.284000000000000000e+04 4.613623320301331598e-01
1.285000000000000000e+04 4.613961746519030238e-01
1.286000000000000000e+04 4.614339132839726521e-01
1.287000000000000000e+04 4.614753428008608882e-01
1.288000000000000000e+04 4.615202751665174463e-01
1.289000000000000000e+04 4.615685379560409141e-01
1.290000000000000000e+04 4.616199701877103934e-01
1.291000000000000000e+04 4.616744168032434481e-01
1.292000000000000000e+04 4.617317226834344868e-01
1.293000000000000000e+04 4.617917281772840332e-01
1.294000000000000000e+04 4.618542666175803335e-01
1.295000000000000000e+04 4.619191631534383391e-01
1.296000000000000000e+04 4.619862347083678045e-01
1.297000000000000000e+04 4.620552894101137009e-01
1.298000000000000000e+04 4.621261241992510316e-01
1.299000000000000000e+04 4.621985187436667974e-01
1.300000000000000000e+04 4.622722250082941797e-01
1.301000000000000000e+04 4.623469532537701210e-01
1.302000000000000000e+04 4.624223550660643833e-01
1.303000000000000000e+04 4.624980056891452307e-01
1.304000000000000000e+04 4.625733902441993006e-01
1.305000000000000000e+04 4.626478978494293348e-01
1.306000000000000000e+04 4.627208270749039176e-01
1.307000000000000000e+04 4.627914044195286514e-01
1.308000000000000000e+04 4.628588151273277385e-01
1.309000000000000000e+04 4.629222434258271623e-01
1.310000000000000000e+04 4.629809177668109399e-01
1.311000000000000000e+04 4.630341548863439183e-01
1.312000000000000000e+04 4.630813968881118958e-01
1.313000000000000000e+04 4.631222373476907017e-01
1.314000000000000000e+04 4.631564346832336421e-01
1.315000000000000000e+04 4.631839133589358282e-01
1.316000000000000000e+04 4.632047549902076899e-01
1.317000000000000000e+04 4.632191828020090774e-01
1.318000000000000000e+04 4.632275429363698072e-01
1.319000000000000000e+04 4.632302846671453866e-01
1.320000000000000000e+04 4.632279399870832259e-01
1.321000000000000000e+04 4.632211023733628363e-01
1.322000000000000000e+04 4.632104037082939718e-01
1.323000000000000000e+04 4.631964879707702876e-01
1.324000000000000000e+04 4.631799812098232882e-01
1.325000000000000000e+04 4.631614588698948487e-01
1.326000000000000000e+04 4.631414138325756213e-01
1.327000000000000000e+04 4.631202300001610039e-01
1.328000000000000000e+04 4.630981651887490225e-01
1.329000000000000000e+04 4.630753487632581766e-01
1.330000000000000000e+04 4.630517961004232963e-01
1.331000000000000000e+04 4.630274389927471201e-01
1.332000000000000000e+04 4.630021678524361417e-01
1.333000000000000000e+04 4.629758786044134711e-01
1.334000000000000000e+04 4.629485164896940952e-01
1.335000000000000000e+04 4.629201074422750195e-01
1.336000000000000000e+04 4.628907727081080226e-01
1.337000000000000000e+04 4.628607230182679722e-01
1.338000000000000000e+04 4.628302344043561112e-01
1.339000000000000000e+04 4.627996111299604864e-01
1.340000000000000000e+04 4.627691446796048935e-01
1.341000000000000000e+04 4.627390774819138408e-01
1.342000000000000000e+04 4.627095790723626534e-01
1.343000000000000000e+04 4.626807395327803829e-01
1.344000000000000000e+04 4.626525811719444659e-01
1.345000000000000000e+04 4.626250853776006644e-01
1.346000000000000000e+04 4.625982280632783272e-01
1.347000000000000000e+04 4.625720156992943477e-01
1.348000000000000000e+04 4.625465145386921106e-01
1.349000000000000000e+04 4.625218674783023731e-01
1.350000000000000000e+04 4.624982963341735531e-01
1.351000000000000000e+04 4.624760902717351407e-01
1.352000000000000000e+04 4.624555842248887494e-01
1.353000000000000000e+04 4.624371324089166513e-01
1.354000000000000000e+04 4.624210814285085180e-01
1.355000000000000000e+04 4.624077465088122785e-01
1.356000000000000000e+04 4.623973929183533005e-01
1.357000000000000000e+04 4.623902229187770163e-01
1.358000000000000000e+04 4.623863672998541618e-01
1.359000000000000000e+04 4.623858800979725459e-01
1.360000000000000000e+04 4.623887355033351465e-01
1.361000000000000000e+04 4.623948265047118089e-01
1.362000000000000000e+04 4.624039657727683772e-01
1.363000000000000000e+04 4.624158897459208495e-01
1.364000000000000000e+04 4.624302667808281586e-01
1.365000000000000000e+04 4.624467097158677653e-01
1.366000000000000000e+04 4.624647922505763509e-01
1.367000000000000000e+04 4.624840682258605229e-01
1.368000000000000000e+04 4.625040924677745191e-01
1.369000000000000000e+04 4.625244412714036857e-01
1.370000000000000000e+04 4.625447312964079405e-01
1.371000000000000000e+04 4.625646355362927342e-01
1.372000000000000000e+04 4.625838954067027498e-01
1.373000000000000000e+04 4.626023295018267256e-01
1.374000000000000000e+04 4.626198387571565651e-01
1.375000000000000000e+04 4.626364077574507960e-01
1.376000000000000000e+04 4.626521017836112692e-01
1.377000000000000000e+04 4.626670586422408360e-01
1.378000000000000000e+04 4.626814746389989463e-01
1.379000000000000000e+04 4.626955836096371955e-01
1.380000000000000000e+04 4.627096299295894721e-01
1.381000000000000000e+04 4.627238370866035289e-01
1.382000000000000000e+04 4.627383752738062350e-01
1.383000000000000000e+04 4.627533318642798599e-01
1.384000000000000000e+04 4.627686888953496114e-01
1.385000000000000000e+04 4.627843115047932665e-01
1.386000000000000000e+04 4.627999490568461272e-01
1.387000000000000000e+04 4.628152494901053848e-01
1.388000000000000000e+04 4.628297856403229549e-01
1.389000000000000000e+04 4.628430901146487475e-01
1.390000000000000000e+04 4.628546937395526806e-01
1.391000000000000000e+04 4.628641620249455135e-01
1.392000000000000000e+04 4.628711251430724372e-01
1.393000000000000000e+04 4.628752985264541486e-01
1.394000000000000000e+04 4.628764929500683856e-01
1.395000000000000000e+04 4.628746149618516714e-01
1.396000000000000000e+04 4.628696596934571139e-01
1.397000000000000000e+04 4.628617000323407282e-01
1.398000000000000000e+04 4.628508756812671487e-01
1.399000000000000000e+04 4.628373839393813416e-01
1.400000000000000000e+04 4.628214735330286045e-01
1.401000000000000000e+04 4.628034414961464393e-01
1.402000000000000000e+04 4.627836308782569130e-01
1.403000000000000000e+04 4.627624270120705430e-01
1.404000000000000000e+04 4.627402502800911921e-01
1.405000000000000000e+04 4.627175429120726213e-01
1.406000000000000000e+04 4.626947497984011948e-01
1.407000000000000000e+04 4.626722948976730310e-01
1.408000000000000000e+04 4.626505561054254367e-01
1.409000000000000000e+04 4.626298426763004734e-01
1.410000000000000000e+04 4.626103783555379767e-01
1.411000000000000000e+04 4.625922924446658202e-01
1.412000000000000000e+04 4.625756206622314570e-01
1.413000000000000000e+04 4.625603158275460314e-01
1.414000000000000000e+04 4.625462660641803669e-01
1.415000000000000000e+04 4.625333178066748929e-01
1.416000000000000000e+04 4.625213016407179190e-01
1.417000000000000000e+04 4.625100578097620097e-01
1.418000000000000000e+04 4.624994596216022713e-01
1.419000000000000000e+04 4.624894339562049539e-01
1.420000000000000000e+04 4.624799767914485882e-01
1.421000000000000000e+04 4.624711644199459570e-01
1.422000000000000000e+04 4.624631603956845805e-01
1.423000000000000000e+04 4.624562170621926982e-01
1.424000000000000000e+04 4.624506719587877512e-01
1.425000000000000000e+04 4.624469392814261059e-01
1.426000000000000000e+04 4.624454961958560650e-01
1.427000000000000000e+04 4.624468626250361480e-01
1.428000000000000000e+04 4.624515758007029520e-01
1.429000000000000000e+04 4.624601595446815039e-01
1.430000000000000000e+04 4.624730892733850407e-01
1.431000000000000000e+04 4.624907556788339646e-01
1.432000000000000000e+04 4.625134306903784798e-01
1.433000000000000000e+04 4.625412395049093850e-01
1.434000000000000000e+04 4.625741420679246318e-01
1.435000000000000000e+04 4.626119274575220541e-01
1.436000000000000000e+04 4.626542229368128534e-01
1.437000000000000000e+04 4.627005166508947887e-01
1.438000000000000000e+04 4.627501917873630966e-01
1.439000000000000000e+04 4.628025689178084656e-01
1.440000000000000000e+04 4.628569518219481926e-01
1.441000000000000000e+04 4.629126725274443910e-01
1.442000000000000000e+04 4.629691316123558664e-01
1.443000000000000000e+04 4.630258303591958113e-01
1.444000000000000000e+04 4.630823907999703226e-01
1.445000000000000000e+04 4.631385613382633659e-01
1.446000000000000000e+04 4.631942066235703592e-01
1.447000000000000000e+04 4.632492826534658215e-01
1.448000000000000000e+04 4.633037994664048198e-01
1.449000000000000000e+04 4.633577779147997622e-01
1.450000000000000000e+04 4.634112072917539460e-01
1.451000000000000000e+04 4.634640113145152562e-01
1.452000000000000000e+04 4.635160288045178101e-01
1.453000000000000000e+04 4.635670121757072826e-01
1.454000000000000000e+04 4.636166444511115037e-01
1.455000000000000000e+04 4.636645707833819685e-01
1.456000000000000000e+04 4.637104377009707568e-01
1.457000000000000000e+04 4.637539333408010611e-01
1.458000000000000000e+04 4.637948196316411531e-01
1.459000000000000000e+04 4.638329517301490457e-01
1.460000000000000000e+04 4.638682820206908031e-01
1.461000000000000000e+04 4.639008494965622398e-01
1.462000000000000000e+04 4.639307586698247499e-01
1.463000000000000000e+04 4.639581522994984386e-01
1.464000000000000000e+04 4.639831835500743962e-01
1.465000000000000000e+04 4.640059923898512406e-01
1.466000000000000000e+04 4.640266878691097219e-01
1.467000000000000000e+04 4.640453368224703445e-01
1.468000000000000000e+04 4.640619576612862729e-01
1.469000000000000000e+04 4.640765171483783313e-01
1.470000000000000000e+04 4.640889279688645841e-01
1.471000000000000000e+04 4.640990464156395934e-01
1.472000000000000000e+04 4.641066712039469966e-01
1.473000000000000000e+04 4.641115442222209508e-01
1.474000000000000000e+04 4.641133554638883219e-01
1.475000000000000000e+04 4.641117536922856890e-01
1.476000000000000000e+04 4.641063625320224761e-01
1.477000000000000000e+04 4.640968007162158404e-01
1.478000000000000000e+04 4.640827042526596280e-01
1.479000000000000000e+04 4.640637480242215673e-01
1.480000000000000000e+04 4.640396636550514486e-01
1.481000000000000000e+04 4.640102517560153461e-01
1.482000000000000000e+04 4.639753892516234046e-01
1.483000000000000000e+04 4.639350344620011279e-01
1.484000000000000000e+04 4.638892313689848557e-01
1.485000000000000000e+04 4.638381154058264788e-01
1.486000000000000000e+04 4.637819219477558597e-01
1.487000000000000000e+04 4.637209964524655059e-01
1.488000000000000000e+04 4.636558021779980665e-01
1.489000000000000000e+04 4.635869222278157231e-01
1.490000000000000000e+04 4.635150512554817581e-01
1.491000000000000000e+04 4.634409740361284391e-01
1.492000000000000000e+04 4.633655311801606613e-01
1.493000000000000000e+04 4.632895751497805303e-01
1.494000000000000000e+04 4.632139209671363722e-01
1.495000000000000000e+04 4.631392991122723624e-01
1.496000000000000000e+04 4.630663183166227048e-01
1.497000000000000000e+04 4.629954443455360225e-01
1.498000000000000000e+04 4.629269962322319909e-01
1.499000000000000000e+04 4.628611606279083301e-01
1.500000000000000000e+04 4.627980207019091186e-01
