0.000000000000000000e+00 1.242348541670995066e-01
1.000000000000000000e+01 1.250214294328785558e-01
2.000000000000000000e+01 1.273652406950854798e-01
3.000000000000000000e+01 1.312148831230940116e-01
4.000000000000000000e+01 1.364950499967159669e-01
5.000000000000000000e+01 1.431092550370486882e-01
6.000000000000000000e+01 1.509452578031220682e-01
7.000000000000000000e+01 1.598801444763309487e-01
8.000000000000000000e+01 1.697852843577685733e-01
9.000000000000000000e+01 1.805307759095468312e-01
1.000000000000000000e+02 1.919890765393042209e-01
1.100000000000000000e+02 2.040376151539855520e-01
1.200000000000000000e+02 2.165603026774367001e-01
1.300000000000000000e+02 2.294479686622680481e-01
1.400000000000000000e+02 2.425978533108498481e-01
1.500000000000000000e+02 2.559123641313369446e-01
1.600000000000000000e+02 2.692973655301950653e-01
1.700000000000000000e+02 2.826602650156747054e-01
1.800000000000000000e+02 2.959082393593623905e-01
1.900000000000000000e+02 3.089467971777571931e-01
2.000000000000000000e+02 3.216789443080630972e-01
2.100000000000000000e+02 3.340051725796118198e-01
2.200000000000000000e+02 3.458242457094182765e-01
2.300000000000000000e+02 3.570349454754771501e-01
2.400000000000000000e+02 3.675386445555736126e-01
2.500000000000000000e+02 3.772426947234925887e-01
2.600000000000000000e+02 3.860642461726419006e-01
2.700000000000000000e+02 3.939344524206667697e-01
2.800000000000000000e+02 4.008026393561959222e-01
2.900000000000000000e+02 4.066400772977162847e-01
3.000000000000000000e+02 4.114431345832175180e-01
3.100000000000000000e+02 4.152353952918192981e-01
3.200000000000000000e+02 4.180685431815397424e-01
3.300000000000000000e+02 4.200218110139869454e-01
3.400000000000000000e+02 4.212000027135267000e-01
3.500000000000000000e+02 4.217300367159648178e-01
3.600000000000000000e+02 4.217562289082816274e-01
3.700000000000000000e+02 4.214346379538359555e-01
3.800000000000000000e+02 4.209267564079072765e-01
3.900000000000000000e+02 4.203930407401286207e-01
4.000000000000000000e+02 4.199866437600169311e-01
4.100000000000000000e+02 4.198477904305991104e-01
4.200000000000000000e+02 4.200991497744603898e-01
4.300000000000000000e+02 4.208423810662201836e-01
4.400000000000000000e+02 4.221560618332400039e-01
4.500000000000000000e+02 4.240950007947554279e-01
4.600000000000000000e+02 4.266908061323814172e-01
4.700000000000000000e+02 4.299535794821943147e-01
4.800000000000000000e+02 4.338744353794331543e-01
4.900000000000000000e+02 4.384285690343303066e-01
5.000000000000000000e+02 4.435786056785733789e-01
5.100000000000000000e+02 4.492779064282046986e-01
5.200000000000000000e+02 4.554736156488574661e-01
5.300000000000000000e+02 4.621092872138543028e-01
5.400000000000000000e+02 4.691269535180729866e-01
5.500000000000000000e+02 4.764686012797526571e-01
5.600000000000000000e+02 4.840770932162913875e-01
5.700000000000000000e+02 4.918965889952983672e-01
5.800000000000000000e+02 4.998725959157827581e-01
5.900000000000000000e+02 5.079517867405431986e-01
6.000000000000000000e+02 5.160816994403766289e-01
6.100000000000000000e+02 5.242104852004131343e-01
6.200000000000000000e+02 5.322868276516032893e-01
6.300000000000000000e+02 5.402601011067362791e-01
6.400000000000000000e+02 5.480808329969980575e-01
6.500000000000000000e+02 5.557014654673081422e-01
6.600000000000000000e+02 5.630773735159764204e-01
6.700000000000000000e+02 5.701680801443174129e-01
6.800000000000000000e+02 5.769385678480838386e-01
6.900000000000000000e+02 5.833605382724533772e-01
7.000000000000000000e+02 5.894135036548502349e-01
7.100000000000000000e+02 5.950855847920001329e-01
7.200000000000000000e+02 6.003739200714284241e-01
7.300000000000000000e+02 6.052845913683532197e-01
7.400000000000000000e+02 6.098320444145648445e-01
7.500000000000000000e+02 6.140380255083941474e-01
7.600000000000000000e+02 6.179301059182504829e-01
7.700000000000000000e+02 6.215398847741591126e-01
7.800000000000000000e+02 6.249010005770582188e-01
7.900000000000000000e+02 6.280471017943112244e-01
8.000000000000000000e+02 6.310099236962639635e-01
8.100000000000000000e+02 6.338176118265026471e-01
8.200000000000000000e+02 6.364933986266634314e-01
8.300000000000000000e+02 6.390547073054121396e-01
8.400000000000000000e+02 6.415127101788938857e-01
8.500000000000000000e+02 6.438723428884297606e-01
8.600000000000000000e+02 6.461327308205300213e-01
8.700000000000000000e+02 6.482879616845849124e-01
8.800000000000000000e+02 6.503281190399797795e-01
8.900000000000000000e+02 6.522404814367366299e-01
9.000000000000000000e+02 6.540107922828589659e-01
9.100000000000000000e+02 6.556245052511493476e-01
9.200000000000000000e+02 6.570679324994944670e-01
9.300000000000000000e+02 6.583292452601549050e-01
9.400000000000000000e+02 6.593992806571147280e-01
9.500000000000000000e+02 6.602721312912764873e-01
9.600000000000000000e+02 6.609455132325062765e-01
9.700000000000000000e+02 6.614209243781228320e-01
9.800000000000000000e+02 6.617036245996003041e-01
9.900000000000000000e+02 6.618024574702420226e-01
1.000000000000000000e+03 6.617295367047536514e-01
1.010000000000000000e+03 6.614998449405453673e-01
1.020000000000000000e+03 6.611307784667619369e-01
1.030000000000000000e+03 6.606416658891391958e-01
1.040000000000000000e+03 6.600532868622205340e-01
1.050000000000000000e+03 6.593874031724133999e-01
1.060000000000000000e+03 6.586663117245538102e-01
1.070000000000000000e+03 6.579124331626302613e-01
1.080000000000000000e+03 6.571479413868214214e-01
1.090000000000000000e+03 6.563944312952033622e-01
1.100000000000000000e+03 6.556726208653099741e-01
1.110000000000000000e+03 6.550020829236766762e-01
1.120000000000000000e+03 6.544010066338001863e-01
1.130000000000000000e+03 6.538859941069083970e-01
1.140000000000000000e+03 6.534718880314992484e-01
1.150000000000000000e+03 6.531716295834608665e-01
1.160000000000000000e+03 6.529961471075426127e-01
1.170000000000000000e+03 6.529542735437765533e-01
1.180000000000000000e+03 6.530526993541143632e-01
1.190000000000000000e+03 6.532959667290556549e-01
1.200000000000000000e+03 6.536865026946309110e-01
1.210000000000000000e+03 6.542246929385083787e-01
1.220000000000000000e+03 6.549089946641429849e-01
1.230000000000000000e+03 6.557360808202412628e-01
1.240000000000000000e+03 6.567010154038769310e-01
1.250000000000000000e+03 6.577974669093741289e-01
1.260000000000000000e+03 6.590179511275268132e-01
1.270000000000000000e+03 6.603540891954792214e-01
1.280000000000000000e+03 6.617968719728205551e-01
1.290000000000000000e+03 6.633369240940931721e-01
1.300000000000000000e+03 6.649647590122190755e-01
1.310000000000000000e+03 6.666710148748713483e-01
1.320000000000000000e+03 6.684466619564611856e-01
1.330000000000000000e+03 6.702831715260366696e-01
1.340000000000000000e+03 6.721726390605338164e-01
1.350000000000000000e+03 6.741078572006344860e-01
1.360000000000000000e+03 6.760823381798735099e-01
1.370000000000000000e+03 6.780902844934779683e-01
1.380000000000000000e+03 6.801265092291449710e-01
1.390000000000000000e+03 6.821863135694714586e-01
1.400000000000000000e+03 6.842653298241740956e-01
1.410000000000000000e+03 6.863593394688550786e-01
1.420000000000000000e+03 6.884640811838983465e-01
1.430000000000000000e+03 6.905750661505503096e-01
1.440000000000000000e+03 6.926874167184582376e-01
1.450000000000000000e+03 6.947957433690138407e-01
1.460000000000000000e+03 6.968940706066339974e-01
1.470000000000000000e+03 6.989758187035275405e-01
1.480000000000000000e+03 7.010338470076831197e-01
1.490000000000000000e+03 7.030605623973046336e-01
1.500000000000000000e+03 7.050480884915226731e-01
1.510000000000000000e+03 7.069884826352883511e-01
1.520000000000000000e+03 7.088739851007169746e-01
1.530000000000000000e+03 7.106972823026412867e-01
1.540000000000000000e+03 7.124517607798405150e-01
1.550000000000000000e+03 7.141317295723418335e-01
1.560000000000000000e+03 7.157325928699500572e-01
1.570000000000000000e+03 7.172509571188858679e-01
1.580000000000000000e+03 7.186846644932554096e-01
1.590000000000000000e+03 7.200327516481029866e-01
1.600000000000000000e+03 7.212953378190332110e-01
1.610000000000000000e+03 7.224734544235342781e-01
1.620000000000000000e+03 7.235688334904576413e-01
1.630000000000000000e+03 7.245836766147112362e-01
1.640000000000000000e+03 7.255204249932875049e-01
1.650000000000000000e+03 7.263815495699218472e-01
1.660000000000000000e+03 7.271693780728808454e-01
1.670000000000000000e+03 7.278859687119645372e-01
1.680000000000000000e+03 7.285330320965140993e-01
1.690000000000000000e+03 7.291118980806083893e-01
1.700000000000000000e+03 7.296235227927017064e-01
1.710000000000000000e+03 7.300685274433901251e-01
1.720000000000000000e+03 7.304472579781441377e-01
1.730000000000000000e+03 7.307598549409836108e-01
1.740000000000000000e+03 7.310063242259563498e-01
1.750000000000000000e+03 7.311866010647467551e-01
1.760000000000000000e+03 7.313006033769580139e-01
1.770000000000000000e+03 7.313482738493587432e-01
1.780000000000000000e+03 7.313296101561332918e-01
1.790000000000000000e+03 7.312446829467751375e-01
1.800000000000000000e+03 7.310936425208116596e-01
1.810000000000000000e+03 7.308767167411500676e-01
1.820000000000000000e+03 7.305942031825488625e-01
1.830000000000000000e+03 7.302464582814804928e-01
1.840000000000000000e+03 7.298338858746709068e-01
1.850000000000000000e+03 7.293569274973557004e-01
1.860000000000000000e+03 7.288160563723529162e-01
1.870000000000000000e+03 7.282117777892275212e-01
1.880000000000000000e+03 7.275446390145158260e-01
1.890000000000000000e+03 7.268152506155952652e-01
1.900000000000000000e+03 7.260243197921542047e-01
1.910000000000000000e+03 7.251726946907296467e-01
1.920000000000000000e+03 7.242614185925252412e-01
1.930000000000000000e+03 7.232917913470757743e-01
1.940000000000000000e+03 7.222654346109472767e-01
1.950000000000000000e+03 7.211843561464923447e-01
1.960000000000000000e+03 7.200510080756565845e-01
1.970000000000000000e+03 7.188683356437137739e-01
1.980000000000000000e+03 7.176398145130619133e-01
1.990000000000000000e+03 7.163694749037728959e-01
2.000000000000000000e+03 7.150619112242173614e-01
2.010000000000000000e+03 7.137222769968296632e-01
2.020000000000000000e+03 7.123562659379339967e-01
2.030000000000000000e+03 7.109700811401760134e-01
2.040000000000000000e+03 7.095703939393400717e-01
2.050000000000000000e+03 7.081642930347924469e-01
2.060000000000000000e+03 7.067592246119905885e-01
2.070000000000000000e+03 7.053629247909114497e-01
2.080000000000000000e+03 7.039833455155907194e-01
2.090000000000000000e+03 7.026285743421737395e-01
2.100000000000000000e+03 7.013067496274452139e-01
2.110000000000000000e+03 7.000259730543427761e-01
2.120000000000000000e+03 6.987942205593740130e-01
2.130000000000000000e+03 6.976192527722998582e-01
2.140000000000000000e+03 6.965085261427317320e-01
2.150000000000000000e+03 6.954691056832474905e-01
2.160000000000000000e+03 6.945075799002435879e-01
2.170000000000000000e+03 6.936299782072443687e-01
2.180000000000000000e+03 6.928416916641454426e-01
2.190000000000000000e+03 6.921473985665098638e-01
2.200000000000000000e+03 6.915509965113131319e-01
2.210000000000000000e+03 6.910555427135413042e-01
2.220000000000000000e+03 6.906632054515358110e-01
2.230000000000000000e+03 6.903752292109687216e-01
2.240000000000000000e+03 6.901919148681047167e-01
2.250000000000000000e+03 6.901126162807471598e-01
2.260000000000000000e+03 6.901357543775418213e-01
2.270000000000000000e+03 6.902588486012165570e-01
2.280000000000000000e+03 6.904785641639612503e-01
2.290000000000000000e+03 6.907907731194894430e-01
2.300000000000000000e+03 6.911906277524743070e-01
2.310000000000000000e+03 6.916726447099030839e-01
2.320000000000000000e+03 6.922307982175956997e-01
2.330000000000000000e+03 6.928586210301768133e-01
2.340000000000000000e+03 6.935493118967709369e-01
2.350000000000000000e+03 6.942958476068014084e-01
2.360000000000000000e+03 6.950910962815157745e-01
2.370000000000000000e+03 6.959279275281927690e-01
2.380000000000000000e+03 6.967993147267379506e-01
2.390000000000000000e+03 6.976984248940499844e-01
2.400000000000000000e+03 6.986186923037530638e-01
2.410000000000000000e+03 6.995538731467523252e-01
2.420000000000000000e+03 7.004980798778194240e-01
2.430000000000000000e+03 7.014457957149830003e-01
2.440000000000000000e+03 7.023918718015368379e-01
2.450000000000000000e+03 7.033315108438771279e-01
2.460000000000000000e+03 7.042602413945000528e-01
2.470000000000000000e+03 7.051738869735655335e-01
2.480000000000000000e+03 7.060685341013256400e-01
2.490000000000000000e+03 7.069405026256496694e-01
2.500000000000000000e+03 7.077863206576304744e-01
2.510000000000000000e+03 7.086027055826450427e-01
2.520000000000000000e+03 7.093865520634733413e-01
2.530000000000000000e+03 7.101349273867861855e-01
2.540000000000000000e+03 7.108450741558293151e-01
2.550000000000000000e+03 7.115144203088452635e-01
2.560000000000000000e+03 7.121405960761160170e-01
2.570000000000000000e+03 7.127214567490367525e-01
2.580000000000000000e+03 7.132551093346111148e-01
2.590000000000000000e+03 7.137399404733757446e-01
2.600000000000000000e+03 7.141746423318032777e-01
2.610000000000000000e+03 7.145582324611472469e-01
2.620000000000000000e+03 7.148900636129689179e-01
2.630000000000000000e+03 7.151698202469870536e-01
2.640000000000000000e+03 7.153974991314889786e-01
2.650000000000000000e+03 7.155733728918314274e-01
2.660000000000000000e+03 7.156979380593962992e-01
2.670000000000000000e+03 7.157718516592680436e-01
2.680000000000000000e+03 7.157958619851337856e-01
2.690000000000000000e+03 7.157707406343689627e-01
2.700000000000000000e+03 7.156972236770051676e-01
2.710000000000000000e+03 7.155759689547349645e-01
2.720000000000000000e+03 7.154075346072038544e-01
2.730000000000000000e+03 7.151923817380367865e-01
2.740000000000000000e+03 7.149309015187995664e-01
2.750000000000000000e+03 7.146234643608774251e-01
2.760000000000000000e+03 7.142704864810281995e-01
2.770000000000000000e+03 7.138725071886274920e-01
2.780000000000000000e+03 7.134302692960274861e-01
2.790000000000000000e+03 7.129447954867389470e-01
2.800000000000000000e+03 7.124174545571957395e-01
2.810000000000000000e+03 7.118500132510952039e-01
2.820000000000000000e+03 7.112446717424177889e-01
2.830000000000000000e+03 7.106040828952965294e-01
2.840000000000000000e+03 7.099313569585044004e-01
2.850000000000000000e+03 7.092300543021392567e-01
2.860000000000000000e+03 7.085041690891011879e-01
2.870000000000000000e+03 7.077581065516719283e-01
2.880000000000000000e+03 7.069966555863299584e-01
2.890000000000000000e+03 7.062249569332573751e-01
2.900000000000000000e+03 7.054484662985847088e-01
2.910000000000000000e+03 7.046729116035802543e-01
2.920000000000000000e+03 7.039042437148317344e-01
2.930000000000000000e+03 7.031485804418261543e-01
2.940000000000000000e+03 7.024121441934445542e-01
2.950000000000000000e+03 7.017011942372777256e-01
2.960000000000000000e+03 7.010219546721825346e-01
2.970000000000000000e+03 7.003805393473921947e-01
2.980000000000000000e+03 6.997828752767206728e-01
2.990000000000000000e+03 6.992346262069536467e-01
3.000000000000000000e+03 6.987411178595318573e-01
3.010000000000000000e+03 6.983072662939954212e-01
3.020000000000000000e+03 6.979375106296823450e-01
3.030000000000000000e+03 6.976357509586090799e-01
3.040000000000000000e+03 6.974052919976649889e-01
3.050000000000000000e+03 6.972487930506446885e-01
3.060000000000000000e+03 6.971682251550499476e-01
3.070000000000000000e+03 6.971648362985615188e-01
3.080000000000000000e+03 6.972391255047050151e-01
3.090000000000000000e+03 6.973908268197496207e-01
3.100000000000000000e+03 6.976189046167982077e-01
3.110000000000000000e+03 6.979215617839802377e-01
3.120000000000000000e+03 6.982962624571523724e-01
3.130000000000000000e+03 6.987397711545846324e-01
3.140000000000000000e+03 6.992482095036127721e-01
3.150000000000000000e+03 6.998171302654734305e-01
3.160000000000000000e+03 7.004416068162421238e-01
3.170000000000000000e+03 7.011163347221187614e-01
3.180000000000000000e+03 7.018357406001793919e-01
3.190000000000000000e+03 7.025940925153455474e-01
3.200000000000000000e+03 7.033856061846787133e-01
3.210000000000000000e+03 7.042045421310593190e-01
3.220000000000000000e+03 7.050452903379991199e-01
3.230000000000000000e+03 7.059024408172400733e-01
3.240000000000000000e+03 7.067708404387257337e-01
3.250000000000000000e+03 7.076456375562305556e-01
3.260000000000000000e+03 7.085223160996356739e-01
3.270000000000000000e+03 7.093967201431523595e-01
3.280000000000000000e+03 7.102650688485994124e-01
3.290000000000000000e+03 7.111239607761489223e-01
3.300000000000000000e+03 7.119703662127270238e-01
3.310000000000000000e+03 7.128016064075674008e-01
3.320000000000000000e+03 7.136153196240692109e-01
3.330000000000000000e+03 7.144094155729281415e-01
3.340000000000000000e+03 7.151820216233973904e-01
3.350000000000000000e+03 7.159314256901589957e-01
3.360000000000000000e+03 7.166560212661271523e-01
3.370000000000000000e+03 7.173542597747790683e-01
3.380000000000000000e+03 7.180246146363631343e-01
3.390000000000000000e+03 7.186655601917698588e-01
3.400000000000000000e+03 7.192755668254859902e-01
3.410000000000000000e+03 7.198531117872859486e-01
3.420000000000000000e+03 7.203967036506638832e-01
3.430000000000000000e+03 7.209049167450209961e-01
3.440000000000000000e+03 7.213764306063908949e-01
3.450000000000000000e+03 7.218100690296034294e-01
3.460000000000000000e+03 7.222048334947557269e-01
3.470000000000000000e+03 7.225599267168928419e-01
3.480000000000000000e+03 7.228747639044326156e-01
3.490000000000000000e+03 7.231489713764949201e-01
3.500000000000000000e+03 7.233823740478790842e-01
3.510000000000000000e+03 7.235749747331771120e-01
3.520000000000000000e+03 7.237269291575798569e-01
3.530000000000000000e+03 7.238385209259773356e-01
3.540000000000000000e+03 7.239101403249817990e-01
3.550000000000000000e+03 7.239422697675246265e-01
3.560000000000000000e+03 7.239354773320088032e-01
3.570000000000000000e+03 7.238904184663460528e-01
3.580000000000000000e+03 7.238078446601821092e-01
3.590000000000000000e+03 7.236886170370403493e-01
3.600000000000000000e+03 7.235337224513670451e-01
3.610000000000000000e+03 7.233442896678605738e-01
3.620000000000000000e+03 7.231216035773565531e-01
3.630000000000000000e+03 7.228671160491012548e-01
3.640000000000000000e+03 7.225824526134070336e-01
3.650000000000000000e+03 7.222694143299807079e-01
3.660000000000000000e+03 7.219299741158885508e-01
3.670000000000000000e+03 7.215662668786816392e-01
3.680000000000000000e+03 7.211805729500939677e-01
3.690000000000000000e+03 7.207752948122836401e-01
3.700000000000000000e+03 7.203529281453644462e-01
3.710000000000000000e+03 7.199160295196602721e-01
3.720000000000000000e+03 7.194671842562349040e-01
3.730000000000000000e+03 7.190089786517720460e-01
3.740000000000000000e+03 7.185439805027168392e-01
3.750000000000000000e+03 7.180747306456204404e-01
3.760000000000000000e+03 7.176037463467499489e-01
3.770000000000000000e+03 7.171335352109627914e-01
3.780000000000000000e+03 7.166666162205957979e-01
3.790000000000000000e+03 7.162055429970237697e-01
3.800000000000000000e+03 7.157529238358611989e-01
3.810000000000000000e+03 7.153114336164378972e-01
3.820000000000000000e+03 7.148838139703649341e-01
3.830000000000000000e+03 7.144728596440285129e-01
3.840000000000000000e+03 7.140813907013892070e-01
3.850000000000000000e+03 7.137122119947298948e-01
3.860000000000000000e+03 7.133680628670990842e-01
3.870000000000000000e+03 7.130515611974119761e-01
3.880000000000000000e+03 7.127651467088468307e-01
3.890000000000000000e+03 7.125110288920067925e-01
3.900000000000000000e+03 7.122911448596038753e-01
3.910000000000000000e+03 7.121071317899113629e-01
3.920000000000000000e+03 7.119603170735709918e-01
3.930000000000000000e+03 7.118517267098606327e-01
3.940000000000000000e+03 7.117821094194224374e-01
3.950000000000000000e+03 7.117519712024837908e-01
3.960000000000000000e+03 7.117616132191197931e-01
3.970000000000000000e+03 7.118111653322453103e-01
3.980000000000000000e+03 7.119006086727882598e-01
3.990000000000000000e+03 7.120297828751490643e-01
4.000000000000000000e+03 7.121983766965555018e-01
4.010000000000000000e+03 7.124059040885069027e-01
4.020000000000000000e+03 7.126516706803998069e-01
4.030000000000000000e+03 7.129347374459681363e-01
4.040000000000000000e+03 7.132538887543043993e-01
4.050000000000000000e+03 7.136076110437579167e-01
4.060000000000000000e+03 7.139940863886942157e-01
4.070000000000000000e+03 7.144112028685818405e-01
4.080000000000000000e+03 7.148565812795121266e-01
4.090000000000000000e+03 7.153276156377464945e-01
4.100000000000000000e+03 7.158215234650218139e-01
4.110000000000000000e+03 7.163354013056069114e-01
4.120000000000000000e+03 7.168662812412686103e-01
4.130000000000000000e+03 7.174111850036146709e-01
4.140000000000000000e+03 7.179671733171406611e-01
4.150000000000000000e+03 7.185313890754746469e-01
4.160000000000000000e+03 7.191010937019997051e-01
4.170000000000000000e+03 7.196736964186495333e-01
4.180000000000000000e+03 7.202467759403488046e-01
4.190000000000000000e+03 7.208180936159881425e-01
4.200000000000000000e+03 7.213855968422078213e-01
4.210000000000000000e+03 7.219474119186994887e-01
4.220000000000000000e+03 7.225018261071102232e-01
4.230000000000000000e+03 7.230472594548473797e-01
4.240000000000000000e+03 7.235822282559153384e-01
4.250000000000000000e+03 7.241053036060514092e-01
4.260000000000000000e+03 7.246150697034566823e-01
4.270000000000000000e+03 7.251100868558504331e-01
4.280000000000000000e+03 7.255888638224116116e-01
4.290000000000000000e+03 7.260498434494048192e-01
4.300000000000000000e+03 7.264914043273141830e-01
4.310000000000000000e+03 7.269118793109425880e-01
4.320000000000000000e+03 7.273095895926521282e-01
4.330000000000000000e+03 7.276828909866895900e-01
4.340000000000000000e+03 7.280302272621774762e-01
4.350000000000000000e+03 7.283501838889109292e-01
4.360000000000000000e+03 7.286415348495869360e-01
4.370000000000000000e+03 7.289032757647307958e-01
4.380000000000000000e+03 7.291346385621116921e-01
4.390000000000000000e+03 7.293350858122317204e-01
4.400000000000000000e+03 7.295042861138359980e-01
4.410000000000000000e+03 7.296420749809694462e-01
4.420000000000000000e+03 7.297484079296115977e-01
4.430000000000000000e+03 7.298233134241649545e-01
4.440000000000000000e+03 7.298668528633207586e-01
4.450000000000000000e+03 7.298790931918889280e-01
4.460000000000000000e+03 7.298600953983813699e-01
4.470000000000000000e+03 7.298099192103139066e-01
4.480000000000000000e+03 7.297286413820468498e-01
4.490000000000000000e+03 7.296163829894440900e-01
4.500000000000000000e+03 7.294733400948469892e-01
4.510000000000000000e+03 7.292998118266088570e-01
4.520000000000000000e+03 7.290962205792466122e-01
4.530000000000000000e+03 7.288631208910193449e-01
4.540000000000000000e+03 7.286011960104191720e-01
4.550000000000000000e+03 7.283112436901879594e-01
4.560000000000000000e+03 7.279941550365414127e-01
4.570000000000000000e+03 7.276508918247521773e-01
4.580000000000000000e+03 7.272824681351793830e-01
4.590000000000000000e+03 7.268899411567736335e-01
4.600000000000000000e+03 7.264744137116410094e-01
4.610000000000000000e+03 7.260370481142468524e-01
4.620000000000000000e+03 7.255790881456710695e-01
4.630000000000000000e+03 7.251018837576589382e-01
4.640000000000000000e+03 7.246069121346230268e-01
4.650000000000000000e+03 7.240957893007061719e-01
4.660000000000000000e+03 7.235702683935498758e-01
4.670000000000000000e+03 7.230322238169901716e-01
4.680000000000000000e+03 7.224836238279697120e-01
4.690000000000000000e+03 7.219264965728079408e-01
4.700000000000000000e+03 7.213628958051787610e-01
4.710000000000000000e+03 7.207948723581593109e-01
4.720000000000000000e+03 7.202244557032071448e-01
4.730000000000000000e+03 7.196536469037492223e-01
4.740000000000000000e+03 7.190844211969524835e-01
4.750000000000000000e+03 7.185187359634040982e-01
4.760000000000000000e+03 7.179585384640468915e-01
4.770000000000000000e+03 7.174057681744255843e-01
4.780000000000000000e+03 7.168623505679178054e-01
4.790000000000000000e+03 7.163301819972405227e-01
4.800000000000000000e+03 7.158111076418347540e-01
4.810000000000000000e+03 7.153068958471786587e-01
4.820000000000000000e+03 7.148192129096886394e-01
4.830000000000000000e+03 7.143496020713522299e-01
4.840000000000000000e+03 7.138994692723222846e-01
4.850000000000000000e+03 7.134700765784478538e-01
4.860000000000000000e+03 7.130625425848342580e-01
4.870000000000000000e+03 7.126778480516524628e-01
4.880000000000000000e+03 7.123168445351838463e-01
4.890000000000000000e+03 7.119802637132617296e-01
4.900000000000000000e+03 7.116687254735301060e-01
4.910000000000000000e+03 7.113827436288792105e-01
4.920000000000000000e+03 7.111227292112533016e-01
4.930000000000000000e+03 7.108889925320538428e-01
4.940000000000000000e+03 7.106817462234720217e-01
4.950000000000000000e+03 7.105011116218078460e-01
4.960000000000000000e+03 7.103471301228490020e-01
4.970000000000000000e+03 7.102197799719000004e-01
4.980000000000000000e+03 7.101189973594353999e-01
4.990000000000000000e+03 7.100446989915940588e-01
5.000000000000000000e+03 7.099968022864298067e-01
5.010000000000000000e+03 7.099752391787054195e-01
5.020000000000000000e+03 7.099799597134947016e-01
5.030000000000000000e+03 7.100109225984360117e-01
5.040000000000000000e+03 7.100680721556136277e-01
5.050000000000000000e+03 7.101513035527100559e-01
5.060000000000000000e+03 7.102604198655898537e-01
5.070000000000000000e+03 7.103950859898413572e-01
5.080000000000000000e+03 7.105547857026029979e-01
5.090000000000000000e+03 7.107387882769273801e-01
5.100000000000000000e+03 7.109461298770658466e-01
5.110000000000000000e+03 7.111756130103326079e-01
5.120000000000000000e+03 7.114258249406328893e-01
5.130000000000000000e+03 7.116951732134910724e-01
5.140000000000000000e+03 7.119819336755797146e-01
5.150000000000000000e+03 7.122843043679508712e-01
5.160000000000000000e+03 7.126004581345730671e-01
5.170000000000000000e+03 7.129285875973075948e-01
5.180000000000000000e+03 7.132669372726951895e-01
5.190000000000000000e+03 7.136138196131212030e-01
5.200000000000000000e+03 7.139676147300451081e-01
5.210000000000000000e+03 7.143267565072545233e-01
5.220000000000000000e+03 7.146897099417418575e-01
5.230000000000000000e+03 7.150549453716052994e-01
5.240000000000000000e+03 7.154209155279043220e-01
5.250000000000000000e+03 7.157860410942580298e-01
5.260000000000000000e+03 7.161487085424463883e-01
5.270000000000000000e+03 7.165072814867043949e-01
5.280000000000000000e+03 7.168601248942092496e-01
5.290000000000000000e+03 7.172056395890555880e-01
5.300000000000000000e+03 7.175423027690600586e-01
5.310000000000000000e+03 7.178687093400599739e-01
5.320000000000000000e+03 7.181836087490385268e-01
5.330000000000000000e+03 7.184859327369059745e-01
5.340000000000000000e+03 7.187748110297282889e-01
5.350000000000000000e+03 7.190495736615299949e-01
5.360000000000000000e+03 7.193097398793578678e-01
5.370000000000000000e+03 7.195549948370830728e-01
5.380000000000000000e+03 7.197851564881488917e-01
5.390000000000000000e+03 7.200001358979196686e-01
5.400000000000000000e+03 7.201998948625507602e-01
5.410000000000000000e+03 7.203844053105893375e-01
5.420000000000000000e+03 7.205536150226143910e-01
5.430000000000000000e+03 7.207074236303341319e-01
5.440000000000000000e+03 7.208456717667155456e-01
5.450000000000000000e+03 7.209681444699227448e-01
5.460000000000000000e+03 7.210745877917863478e-01
5.470000000000000000e+03 7.211647353647492320e-01
5.480000000000000000e+03 7.212383398170680859e-01
5.490000000000000000e+03 7.212952029152756017e-01
5.500000000000000000e+03 7.213351985344077510e-01
5.510000000000000000e+03 7.213582841209741359e-01
5.520000000000000000e+03 7.213644990224575837e-01
5.530000000000000000e+03 7.213539511470540289e-01
5.540000000000000000e+03 7.213267957830646893e-01
5.550000000000000000e+03 7.212832117200409510e-01
5.560000000000000000e+03 7.212233798460161438e-01
5.570000000000000000e+03 7.211474681818059729e-01
5.580000000000000000e+03 7.210556254185531699e-01
5.590000000000000000e+03 7.209479828567419979e-01
5.600000000000000000e+03 7.208246628660370803e-01
5.610000000000000000e+03 7.206857912494378793e-01
5.620000000000000000e+03 7.205315112188652726e-01
5.630000000000000000e+03 7.203619977491999560e-01
5.640000000000000000e+03 7.201774723092767561e-01
5.650000000000000000e+03 7.199782188498434765e-01
5.660000000000000000e+03 7.197646022265827837e-01
5.670000000000000000e+03 7.195370897519584030e-01
5.680000000000000000e+03 7.192962753614090543e-01
5.690000000000000000e+03 7.190429043658536079e-01
5.700000000000000000e+03 7.187778955189895180e-01
5.710000000000000000e+03 7.185023563550555492e-01
5.720000000000000000e+03 7.182175876947239912e-01
5.730000000000000000e+03 7.179250747148775424e-01
5.740000000000000000e+03 7.176264644210832433e-01
5.750000000000000000e+03 7.173235318258791571e-01
5.760000000000000000e+03 7.170181392646428620e-01
5.770000000000000000e+03 7.167121945926420157e-01
5.780000000000000000e+03 7.164076139444420788e-01
5.790000000000000000e+03 7.161062933849802192e-01
5.800000000000000000e+03 7.158100912875376975e-01
5.810000000000000000e+03 7.155208204295102625e-01
5.820000000000000000e+03 7.152402465619694949e-01
5.830000000000000000e+03 7.149700889567902617e-01
5.840000000000000000e+03 7.147120186298360212e-01
5.850000000000000000e+03 7.144676514595994510e-01
5.860000000000000000e+03 7.142385355321384521e-01
5.870000000000000000e+03 7.140261341443275844e-01
5.880000000000000000e+03 7.138318074511266209e-01
5.890000000000000000e+03 7.136567962754817307e-01
5.900000000000000000e+03 7.135022109303126303e-01
5.910000000000000000e+03 7.133690264400143199e-01
5.920000000000000000e+03 7.132580839133799699e-01
5.930000000000000000e+03 7.131700963853653263e-01
5.940000000000000000e+03 7.131056565969726702e-01
5.950000000000000000e+03 7.130652441406392095e-01
5.960000000000000000e+03 7.130492299479984641e-01
5.970000000000000000e+03 7.130578769471722644e-01
5.980000000000000000e+03 7.130913364878522787e-01
5.990000000000000000e+03 7.131496403864298061e-01
6.000000000000000000e+03 7.132326883824779973e-01
6.010000000000000000e+03 7.133402311905738813e-01
6.020000000000000000e+03 7.134718505095254404e-01
6.030000000000000000e+03 7.136269388656807378e-01
6.040000000000000000e+03 7.138046832836385525e-01
6.050000000000000000e+03 7.140040572051264967e-01
6.060000000000000000e+03 7.142238247613784674e-01
6.070000000000000000e+03 7.144625602252313579e-01
6.080000000000000000e+03 7.147186832578119597e-01
6.090000000000000000e+03 7.149905078660747648e-01
6.100000000000000000e+03 7.152763004662319180e-01
6.110000000000000000e+03 7.155743406102719195e-01
6.120000000000000000e+03 7.158829773784323169e-01
6.130000000000000000e+03 7.162006752268624821e-01
6.140000000000000000e+03 7.165260449299669654e-01
6.150000000000000000e+03 7.168578577467107360e-01
6.160000000000000000e+03 7.171950435875653618e-01
6.170000000000000000e+03 7.175366762231528694e-01
6.180000000000000000e+03 7.178819498538446808e-01
6.190000000000000000e+03 7.182301514372796403e-01
6.200000000000000000e+03 7.185806323292032172e-01
6.210000000000000000e+03 7.189327816042005992e-01
6.220000000000000000e+03 7.192860022555824795e-01
6.230000000000000000e+03 7.196396905159067048e-01
6.240000000000000000e+03 7.199932179464881843e-01
6.250000000000000000e+03 7.203459157421174819e-01
6.260000000000000000e+03 7.206970607795614159e-01
6.270000000000000000e+03 7.210458631545896280e-01
6.280000000000000000e+03 7.213914552992044538e-01
6.290000000000000000e+03 7.217328834070032562e-01
6.300000000000000000e+03 7.220691026422048076e-01
6.310000000000000000e+03 7.223989781097061025e-01
6.320000000000000000e+03 7.227212937426478190e-01
6.330000000000000000e+03 7.230347710421365370e-01
6.340000000000000000e+03 7.233380986069394281e-01
6.350000000000000000e+03 7.236299715296825585e-01
6.360000000000000000e+03 7.239091374584785132e-01
6.370000000000000000e+03 7.241744440215909240e-01
6.380000000000000000e+03 7.244248808678702689e-01
6.390000000000000000e+03 7.246596098516889795e-01
6.400000000000000000e+03 7.248779790236860032e-01
6.410000000000000000e+03 7.250795192927352861e-01
6.420000000000000000e+03 7.252639265173802530e-01
6.430000000000000000e+03 7.254310353128770039e-01
6.440000000000000000e+03 7.255807926195640967e-01
6.450000000000000000e+03 7.257132379268466105e-01
6.460000000000000000e+03 7.258284940990820111e-01
6.470000000000000000e+03 7.259267681103638292e-01
6.480000000000000000e+03 7.260083562861846529e-01
6.490000000000000000e+03 7.260736459572860735e-01
6.500000000000000000e+03 7.261231056278375506e-01
6.510000000000000000e+03 7.261572590007960848e-01
6.520000000000000000e+03 7.261766436336085651e-01
6.530000000000000000e+03 7.261817608872741525e-01
6.540000000000000000e+03 7.261730282271401382e-01
6.550000000000000000e+03 7.261507462067329222e-01
6.560000000000000000e+03 7.261150900213669823e-01
6.570000000000000000e+03 7.260661300931630091e-01
6.580000000000000000e+03 7.260038792829728305e-01
6.590000000000000000e+03 7.259283577417934286e-01
6.600000000000000000e+03 7.258396620698043256e-01
6.610000000000000000e+03 7.257380245219523518e-01
6.620000000000000000e+03 7.256238504544472168e-01
6.630000000000000000e+03 7.254977271674428740e-01
6.640000000000000000e+03 7.253604034484524288e-01
6.650000000000000000e+03 7.252127449240883816e-01
6.660000000000000000e+03 7.250556743417743144e-01
6.670000000000000000e+03 7.248901077804792425e-01
6.680000000000000000e+03 7.247168974989307566e-01
6.690000000000000000e+03 7.245367899459572714e-01
6.700000000000000000e+03 7.243504042499484541e-01
6.710000000000000000e+03 7.241582330340625706e-01
6.720000000000000000e+03 7.239606639742290906e-01
6.730000000000000000e+03 7.237580176858222636e-01
6.740000000000000000e+03 7.235505956086655255e-01
6.750000000000000000e+03 7.233387305603014017e-01
6.760000000000000000e+03 7.231228326398619899e-01
6.770000000000000000e+03 7.229034241415737139e-01
6.780000000000000000e+03 7.226811595171341862e-01
6.790000000000000000e+03 7.224568297734759170e-01
6.800000000000000000e+03 7.222313531154592736e-01
6.810000000000000000e+03 7.220057559308149520e-01
6.820000000000000000e+03 7.217811492014041264e-01
6.830000000000000000e+03 7.215587048765075284e-01
6.840000000000000000e+03 7.213396350683981550e-01
6.850000000000000000e+03 7.211251751302402146e-01
6.860000000000000000e+03 7.209165703251535495e-01
6.870000000000000000e+03 7.207150645860759264e-01
6.880000000000000000e+03 7.205218896111930116e-01
6.890000000000000000e+03 7.203382529309088067e-01
6.900000000000000000e+03 7.201653242311291114e-01
6.910000000000000000e+03 7.200042198497477175e-01
6.920000000000000000e+03 7.198559857859402333e-01
6.930000000000000000e+03 7.197215798438478807e-01
6.940000000000000000e+03 7.196018538053408076e-01
6.950000000000000000e+03 7.194975368198452959e-01
6.960000000000000000e+03 7.194092214125913376e-01
6.970000000000000000e+03 7.193373534836403627e-01
6.980000000000000000e+03 7.192822273778235465e-01
6.990000000000000000e+03 7.192439866242451574e-01
7.000000000000000000e+03 7.192226303514285268e-01
7.010000000000000000e+03 7.192180247397468307e-01
7.020000000000000000e+03 7.192299182701883398e-01
7.030000000000000000e+03 7.192579591210519485e-01
7.040000000000000000e+03 7.193017128546113081e-01
7.050000000000000000e+03 7.193606784519661623e-01
7.060000000000000000e+03 7.194343008898488323e-01
7.070000000000000000e+03 7.195219789532081300e-01
7.080000000000000000e+03 7.196230678627220101e-01
7.090000000000000000e+03 7.197368773914870621e-01
7.100000000000000000e+03 7.198626671674451805e-01
7.110000000000000000e+03 7.199996415561682461e-01
7.120000000000000000e+03 7.201469467058499996e-01
7.130000000000000000e+03 7.203036719086122197e-01
7.140000000000000000e+03 7.204688565792816135e-01
7.150000000000000000e+03 7.206415029560031549e-01
7.160000000000000000e+03 7.208205934353892896e-01
7.170000000000000000e+03 7.210051106723627257e-01
7.180000000000000000e+03 7.211940581619862289e-01
7.190000000000000000e+03 7.213864788419231955e-01
7.200000000000000000e+03 7.215814695060155382e-01
7.210000000000000000e+03 7.217781897035704386e-01
7.220000000000000000e+03 7.219758648139245061e-01
7.230000000000000000e+03 7.221737840859734359e-01
7.240000000000000000e+03 7.223712954540588704e-01
7.250000000000000000e+03 7.225677995090069583e-01
7.260000000000000000e+03 7.227627449048433794e-01
7.270000000000000000e+03 7.229556266821521859e-01
7.280000000000000000e+03 7.231459876448350643e-01
7.290000000000000000e+03 7.233334213902832266e-01
7.300000000000000000e+03 7.235175743591840680e-01
7.310000000000000000e+03 7.236981438156518953e-01
7.320000000000000000e+03 7.238748692782382976e-01
7.330000000000000000e+03 7.240475165129157675e-01
7.340000000000000000e+03 7.242158552630683088e-01
7.350000000000000000e+03 7.243796337654226924e-01
7.360000000000000000e+03 7.245385542849823723e-01
7.370000000000000000e+03 7.246922540797011703e-01
7.380000000000000000e+03 7.248402953105443913e-01
7.390000000000000000e+03 7.249821656545721860e-01
7.400000000000000000e+03 7.251172893117781015e-01
7.410000000000000000e+03 7.252450464503020777e-01
7.420000000000000000e+03 7.253647982692583707e-01
7.430000000000000000e+03 7.254759146961788918e-01
7.440000000000000000e+03 7.255778019701057957e-01
7.450000000000000000e+03 7.256699278207973114e-01
7.460000000000000000e+03 7.257518424605696739e-01
7.470000000000000000e+03 7.258231939071978500e-01
7.480000000000000000e+03 7.258837362728196574e-01
7.490000000000000000e+03 7.259333299019138375e-01
7.500000000000000000e+03 7.259719328195410881e-01
7.510000000000000000e+03 7.259995838900553666e-01
7.520000000000000000e+03 7.260163794450702479e-01
7.530000000000000000e+03 7.260224466896305628e-01
7.540000000000000000e+03 7.260179181689584427e-01
7.550000000000000000e+03 7.260029117962277789e-01
7.560000000000000000e+03 7.259775203119285258e-01
7.570000000000000000e+03 7.259418124394204641e-01
7.580000000000000000e+03 7.258958457267472575e-01
7.590000000000000000e+03 7.258396887197962055e-01
7.600000000000000000e+03 7.257734482692019817e-01
7.610000000000000000e+03 7.256972969375529159e-01
7.620000000000000000e+03 7.256114958627792877e-01
7.630000000000000000e+03 7.255164093924012514e-01
7.640000000000000000e+03 7.254125093177303807e-01
7.650000000000000000e+03 7.253003682886400849e-01
7.660000000000000000e+03 7.251806434594860740e-01
7.670000000000000000e+03 7.250540523645858659e-01
7.680000000000000000e+03 7.249213434163055414e-01
7.690000000000000000e+03 7.247832634951122399e-01
7.700000000000000000e+03 7.246405250731012826e-01
7.710000000000000000e+03 7.244937753105601397e-01
7.720000000000000000e+03 7.243435696989992678e-01
7.730000000000000000e+03 7.241903528540785118e-01
7.740000000000000000e+03 7.240344486195660068e-01
7.750000000000000000e+03 7.238760607069247843e-01
7.760000000000000000e+03 7.237152838301185165e-01
7.770000000000000000e+03 7.235521238800880495e-01
7.780000000000000000e+03 7.233865243506683029e-01
7.790000000000000000e+03 7.232183953686164291e-01
7.800000000000000000e+03 7.230476416551132601e-01
7.810000000000000000e+03 7.228741865665421207e-01
7.820000000000000000e+03 7.226979907024292382e-01
7.830000000000000000e+03 7.225190649894175365e-01
7.840000000000000000e+03 7.223374792501743302e-01
7.850000000000000000e+03 7.221533677545733942e-01
7.860000000000000000e+03 7.219669330773804683e-01
7.870000000000000000e+03 7.217784489872743903e-01
7.880000000000000000e+03 7.215882624187741623e-01
7.890000000000000000e+03 7.213967941660425209e-01
7.900000000000000000e+03 7.212045379705168680e-01
7.910000000000000000e+03 7.210120581175752941e-01
7.920000000000000000e+03 7.208199862965737337e-01
7.930000000000000000e+03 7.206290190212125690e-01
7.940000000000000000e+03 7.204399169809080350e-01
7.950000000000000000e+03 7.202535070086238944e-01
7.960000000000000000e+03 7.200706858780405728e-01
7.970000000000000000e+03 7.198924233779319115e-01
7.980000000000000000e+03 7.197197608567741378e-01
7.990000000000000000e+03 7.195538012728047716e-01
8.000000000000000000e+03 7.193956879271162785e-01
8.010000000000000000e+03 7.192465713977704844e-01
8.020000000000000000e+03 7.191075672957933929e-01
8.030000000000000000e+03 7.189797104395816429e-01
8.040000000000000000e+03 7.188639127894163039e-01
8.050000000000000000e+03 7.187609322568191406e-01
8.060000000000000000e+03 7.186713572835232711e-01
8.070000000000000000e+03 7.185956085178558661e-01
8.080000000000000000e+03 7.185339549332117048e-01
8.090000000000000000e+03 7.184865384775412922e-01
8.100000000000000000e+03 7.184533999007596261e-01
8.110000000000000000e+03 7.184344993552447267e-01
8.120000000000000000e+03 7.184297281916839362e-01
8.130000000000000000e+03 7.184389119800493884e-01
8.140000000000000000e+03 7.184618080826921105e-01
8.150000000000000000e+03 7.184981030173726024e-01
8.160000000000000000e+03 7.185474147871441231e-01
8.170000000000000000e+03 7.186093034945916225e-01
8.180000000000000000e+03 7.186832904691614621e-01
8.190000000000000000e+03 7.187688827838122352e-01
8.200000000000000000e+03 7.188655976711738615e-01
8.210000000000000000e+03 7.189729807248091964e-01
8.220000000000000000e+03 7.190906128808781661e-01
8.230000000000000000e+03 7.192181036211455769e-01
8.240000000000000000e+03 7.193550710352080158e-01
8.250000000000000000e+03 7.195011124745480657e-01
8.260000000000000000e+03 7.196557716488324319e-01
8.270000000000000000e+03 7.198185087528840009e-01
8.280000000000000000e+03 7.199886796160546165e-01
8.290000000000000000e+03 7.201655281767470607e-01
8.300000000000000000e+03 7.203481942086207290e-01
8.310000000000000000e+03 7.205357356470999397e-01
8.320000000000000000e+03 7.207271623685453932e-01
8.330000000000000000e+03 7.209214759869144729e-01
8.340000000000000000e+03 7.211177086152470439e-01
8.350000000000000000e+03 7.213149533106093525e-01
8.360000000000000000e+03 7.215123803843730421e-01
8.370000000000000000e+03 7.217092369015772890e-01
8.380000000000000000e+03 7.219048311105771276e-01
8.390000000000000000e+03 7.220985081617452561e-01
8.400000000000000000e+03 7.222896266002151178e-01
8.410000000000000000e+03 7.224775453840124317e-01
8.420000000000000000e+03 7.226616280464567277e-01
8.430000000000000000e+03 7.228412647376716293e-01
8.440000000000000000e+03 7.230159061570600176e-01
8.450000000000000000e+03 7.231850981492715658e-01
8.460000000000000000e+03 7.233485041698255458e-01
8.470000000000000000e+03 7.235059053899220993e-01
8.480000000000000000e+03 7.236571745847891757e-01
8.490000000000000000e+03 7.238022282550957698e-01
8.500000000000000000e+03 7.239409683004934815e-01
8.510000000000000000e+03 7.240732281834942885e-01
8.520000000000000000e+03 7.241987373130587269e-01
8.530000000000000000e+03 7.243171119602223040e-01
8.540000000000000000e+03 7.244278738673680662e-01
8.550000000000000000e+03 7.245304905894615066e-01
8.560000000000000000e+03 7.246244263888343973e-01
8.570000000000000000e+03 7.247091915909503745e-01
8.580000000000000000e+03 7.247843804730584871e-01
8.590000000000000000e+03 7.248496920079762207e-01
8.600000000000000000e+03 7.249049327403971343e-01
8.610000000000000000e+03 7.249500041242437076e-01
8.620000000000000000e+03 7.249848791936497339e-01
8.630000000000000000e+03 7.250095736478745501e-01
8.640000000000000000e+03 7.250241153923945303e-01
8.650000000000000000e+03 7.250285157079372489e-01
8.660000000000000000e+03 7.250227443981790421e-01
8.670000000000000000e+03 7.250067111515557938e-01
8.680000000000000000e+03 7.249802557400266689e-01
8.690000000000000000e+03 7.249431495953173599e-01
8.700000000000000000e+03 7.248951105085207347e-01
8.710000000000000000e+03 7.248358304866183710e-01
8.720000000000000000e+03 7.247650142814285879e-01
8.730000000000000000e+03 7.246824237885500786e-01
8.740000000000000000e+03 7.245879220171121959e-01
8.750000000000000000e+03 7.244815095688774687e-01
8.760000000000000000e+03 7.243633473984197879e-01
8.770000000000000000e+03 7.242337631983311041e-01
8.780000000000000000e+03 7.240932402536097712e-01
8.790000000000000000e+03 7.239423912284084217e-01
8.800000000000000000e+03 7.237819223200182561e-01
8.810000000000000000e+03 7.236125943787603543e-01
8.820000000000000000e+03 7.234351874725299947e-01
8.830000000000000000e+03 7.232504739634477708e-01
8.840000000000000000e+03 7.230592028497984103e-01
8.850000000000000000e+03 7.228620952840810743e-01
8.860000000000000000e+03 7.226598485169706265e-01
8.870000000000000000e+03 7.224531441877123372e-01
8.880000000000000000e+03 7.222426569521533946e-01
8.890000000000000000e+03 7.220290606431145619e-01
8.900000000000000000e+03 7.218130312249081415e-01
8.910000000000000000e+03 7.215952479491624105e-01
8.920000000000000000e+03 7.213763951539632346e-01
8.930000000000000000e+03 7.211571670475511731e-01
8.940000000000000000e+03 7.209382768752979898e-01
8.950000000000000000e+03 7.207204700154935528e-01
8.960000000000000000e+03 7.205045386940241992e-01
8.970000000000000000e+03 7.202913349058671644e-01
8.980000000000000000e+03 7.200817782462352046e-01
8.990000000000000000e+03 7.198768566230646648e-01
9.000000000000000000e+03 7.196776187489517529e-01
9.010000000000000000e+03 7.194851589652438983e-01
9.020000000000000000e+03 7.193005962319284352e-01
9.030000000000000000e+03 7.191250494764801493e-01
9.040000000000000000e+03 7.189596118437463490e-01
9.050000000000000000e+03 7.188053265802917258e-01
9.060000000000000000e+03 7.186631672778933666e-01
9.070000000000000000e+03 7.185340250470556578e-01
9.080000000000000000e+03 7.184187045748218203e-01
9.090000000000000000e+03 7.183179297902779759e-01
9.100000000000000000e+03 7.182323580126032114e-01
9.110000000000000000e+03 7.181625993318864198e-01
9.120000000000000000e+03 7.181092361781752365e-01
9.130000000000000000e+03 7.180728370506849201e-01
9.140000000000000000e+03 7.180539586744737468e-01
9.150000000000000000e+03 7.180531325807050225e-01
9.160000000000000000e+03 7.180708350865974143e-01
9.170000000000000000e+03 7.181074435491239250e-01
9.180000000000000000e+03 7.181631855274657195e-01
9.190000000000000000e+03 7.182380900500965337e-01
9.200000000000000000e+03 7.183319507675210991e-01
9.210000000000000000e+03 7.184443088272964850e-01
9.220000000000000000e+03 7.185744592801726061e-01
9.230000000000000000e+03 7.187214798086497547e-01
9.240000000000000000e+03 7.188842756594234773e-01
9.250000000000000000e+03 7.190616312610038641e-01
9.260000000000000000e+03 7.192522583011546899e-01
9.270000000000000000e+03 7.194548324150450425e-01
9.280000000000000000e+03 7.196680147769471958e-01
9.290000000000000000e+03 7.198904594293455972e-01
9.300000000000000000e+03 7.201208107182979212e-01
9.310000000000000000e+03 7.203576964961012630e-01
9.320000000000000000e+03 7.205997220197635222e-01
9.330000000000000000e+03 7.208454673261276424e-01
9.340000000000000000e+03 7.210934880850253803e-01
9.350000000000000000e+03 7.213423179950378961e-01
9.360000000000000000e+03 7.215904703226011518e-01
9.370000000000000000e+03 7.218364369623074817e-01
9.380000000000000000e+03 7.220786852747166362e-01
9.390000000000000000e+03 7.223156553141751868e-01
9.400000000000000000e+03 7.225457611506467259e-01
9.410000000000000000e+03 7.227673995572596599e-01
9.420000000000000000e+03 7.229789679715541428e-01
9.430000000000000000e+03 7.231788915106343030e-01
9.440000000000000000e+03 7.233656565399868565e-01
9.450000000000000000e+03 7.235378467968547334e-01
9.460000000000000000e+03 7.236941777820279365e-01
9.470000000000000000e+03 7.238335256010846042e-01
9.480000000000000000e+03 7.239549470420741928e-01
9.490000000000000000e+03 7.240576888668350808e-01
9.500000000000000000e+03 7.241411852406371974e-01
9.510000000000000000e+03 7.242050430045738896e-01
9.520000000000000000e+03 7.242490155822380871e-01
9.530000000000000000e+03 7.242729675265207057e-01
9.540000000000000000e+03 7.242768333196533126e-01
9.550000000000000000e+03 7.242605758153444206e-01
9.560000000000000000e+03 7.242241508433943098e-01
9.570000000000000000e+03 7.241674845712512409e-01
9.580000000000000000e+03 7.240904693048780816e-01
9.590000000000000000e+03 7.239929805311063893e-01
9.600000000000000000e+03 7.238749146830639747e-01
9.610000000000000000e+03 7.237362432684033564e-01
9.620000000000000000e+03 7.235770746959833133e-01
9.630000000000000000e+03 7.233977123002599541e-01
9.640000000000000000e+03 7.231986965714809479e-01
9.650000000000000000e+03 7.229808220019706688e-01
9.660000000000000000e+03 7.227451232317309016e-01
9.670000000000000000e+03 7.224928324100199362e-01
9.680000000000000000e+03 7.222253162626550704e-01
9.690000000000000000e+03 7.219440056241462900e-01
9.700000000000000000e+03 7.216503319119900173e-01
9.710000000000000000e+03 7.213456832024739418e-01
9.720000000000000000e+03 7.210313873576343902e-01
9.730000000000000000e+03 7.207087224081472066e-01
9.740000000000000000e+03 7.203789484184478509e-01
9.750000000000000000e+03 7.200433502437082467e-01
9.760000000000000000e+03 7.197032789374592232e-01
9.770000000000000000e+03 7.193601811005041480e-01
9.780000000000000000e+03 7.190156096090553062e-01
9.790000000000000000e+03 7.186712146692160186e-01
9.800000000000000000e+03 7.183287172928018993e-01
9.810000000000000000e+03 7.179898728792877272e-01
9.820000000000000000e+03 7.176564331132504471e-01
9.830000000000000000e+03 7.173301135370291348e-01
9.840000000000000000e+03 7.170125724644601517e-01
9.850000000000000000e+03 7.167054036308696530e-01
9.860000000000000000e+03 7.164101404491950431e-01
9.870000000000000000e+03 7.161282684917757990e-01
9.880000000000000000e+03 7.158612406898167135e-01
9.890000000000000000e+03 7.156104895362830343e-01
9.900000000000000000e+03 7.153774314171690296e-01
9.910000000000000000e+03 7.151634603416417990e-01
9.920000000000000000e+03 7.149699330514851514e-01
9.930000000000000000e+03 7.147981485441453620e-01
9.940000000000000000e+03 7.146493276869976263e-01
9.950000000000000000e+03 7.145245990229232014e-01
9.960000000000000000e+03 7.144249955134113206e-01
9.970000000000000000e+03 7.143514633807134251e-01
9.980000000000000000e+03 7.143048805722271855e-01
9.990000000000000000e+03 7.142860795906567084e-01
1.000000000000000000e+04 7.142958673699274508e-01
1.001000000000000000e+04 7.143350343367710353e-01
1.002000000000000000e+04 7.144043466262146591e-01
1.003000000000000000e+04 7.145045191554385555e-01
1.004000000000000000e+04 7.146361702483111644e-01
1.005000000000000000e+04 7.147997622538033724e-01
1.006000000000000000e+04 7.149955354882795433e-01
1.007000000000000000e+04 7.152234440498933532e-01
1.008000000000000000e+04 7.154831028249600822e-01
1.009000000000000000e+04 7.157737537524275773e-01
1.010000000000000000e+04 7.160942547064658159e-01
1.011000000000000000e+04 7.164430955704146342e-01
1.012000000000000000e+04 7.168184408098924321e-01
1.013000000000000000e+04 7.172181953862698522e-01
1.014000000000000000e+04 7.176400881261261189e-01
1.015000000000000000e+04 7.180817644607164763e-01
1.016000000000000000e+04 7.185408786059479525e-01
1.017000000000000000e+04 7.190151738982865082e-01
1.018000000000000000e+04 7.195025406609755203e-01
1.019000000000000000e+04 7.200010440742786733e-01
1.020000000000000000e+04 7.205089189134155081e-01
1.021000000000000000e+04 7.210245333639284659e-01
1.022000000000000000e+04 7.215463304898479535e-01
1.023000000000000000e+04 7.220727606775881879e-01
1.024000000000000000e+04 7.226022203224625740e-01
1.025000000000000000e+04 7.231330107326215950e-01
1.026000000000000000e+04 7.236633263735862132e-01
1.027000000000000000e+04 7.241912746413426971e-01
1.028000000000000000e+04 7.247149221010046327e-01
1.029000000000000000e+04 7.252323561268557706e-01
1.030000000000000000e+04 7.257417477442329456e-01
1.031000000000000000e+04 7.262414015266807077e-01
1.032000000000000000e+04 7.267297811775302874e-01
1.033000000000000000e+04 7.272055046614112062e-01
1.034000000000000000e+04 7.276673092732327541e-01
1.035000000000000000e+04 7.281139933233232719e-01
1.036000000000000000e+04 7.285443460939131644e-01
1.037000000000000000e+04 7.289570805020570976e-01
1.038000000000000000e+04 7.293507824397866823e-01
1.039000000000000000e+04 7.297238873037115159e-01
1.040000000000000000e+04 7.300746887056609458e-01
1.041000000000000000e+04 7.304013775499492711e-01
1.042000000000000000e+04 7.307021034962948303e-01
1.043000000000000000e+04 7.309750475420515592e-01
1.044000000000000000e+04 7.312184935500323224e-01
1.045000000000000000e+04 7.314308879649524808e-01
1.046000000000000000e+04 7.316108805019895245e-01
1.047000000000000000e+04 7.317573427256707230e-01
1.048000000000000000e+04 7.318693650006398155e-01
1.049000000000000000e+04 7.319462355055216252e-01
1.050000000000000000e+04 7.319874070664332821e-01
1.051000000000000000e+04 7.319924583336561152e-01
1.052000000000000000e+04 7.319610557076978719e-01
1.053000000000000000e+04 7.318929218628266176e-01
1.054000000000000000e+04 7.317878152540426839e-01
1.055000000000000000e+04 7.316455232576557499e-01
1.056000000000000000e+04 7.314658698216427446e-01
1.057000000000000000e+04 7.312487362371667965e-01
1.058000000000000000e+04 7.309940920062359959e-01
1.059000000000000000e+04 7.307020315172866320e-01
1.060000000000000000e+04 7.303728104258964127e-01
1.061000000000000000e+04 7.300068768285111753e-01
1.062000000000000000e+04 7.296048930140779376e-01
1.063000000000000000e+04 7.291677453860635483e-01
1.064000000000000000e+04 7.286965424781001177e-01
1.065000000000000000e+04 7.281926030464221933e-01
1.066000000000000000e+04 7.276574392192654006e-01
1.067000000000000000e+04 7.270927396623496630e-01
1.068000000000000000e+04 7.265003568583263682e-01
1.069000000000000000e+04 7.258823019775707541e-01
1.070000000000000000e+04 7.252407491829846453e-01
1.071000000000000000e+04 7.245780484763804097e-01
1.072000000000000000e+04 7.238967473289243948e-01
1.073000000000000000e+04 7.231996179126924940e-01
1.074000000000000000e+04 7.224896847860058369e-01
1.075000000000000000e+04 7.217702466419210205e-01
1.076000000000000000e+04 7.210448844016119629e-01
1.077000000000000000e+04 7.203174485919060510e-01
1.078000000000000000e+04 7.195920211340949280e-01
1.079000000000000000e+04 7.188728505526422730e-01
1.080000000000000000e+04 7.181642650243093007e-01
1.081000000000000000e+04 7.174705727561765389e-01
1.082000000000000000e+04 7.167959623533668445e-01
1.083000000000000000e+04 7.161444161319039381e-01
1.084000000000000000e+04 7.155196465680031537e-01
1.085000000000000000e+04 7.149250610221915547e-01
1.086000000000000000e+04 7.143637539553100435e-01
1.087000000000000000e+04 7.138385205975840142e-01
1.088000000000000000e+04 7.133518824219253762e-01
1.089000000000000000e+04 7.129061133796061878e-01
1.090000000000000000e+04 7.125032571820688609e-01
1.091000000000000000e+04 7.121451295444252150e-01
1.092000000000000000e+04 7.118333040172434290e-01
1.093000000000000000e+04 7.115690850270258716e-01
1.094000000000000000e+04 7.113534758739197272e-01
1.095000000000000000e+04 7.111871506252283037e-01
1.096000000000000000e+04 7.110704376705667684e-01
1.097000000000000000e+04 7.110033197758831580e-01
1.098000000000000000e+04 7.109854511812593314e-01
1.099000000000000000e+04 7.110161876659661928e-01
1.100000000000000000e+04 7.110946228534139602e-01
1.101000000000000000e+04 7.112196231615962594e-01
1.102000000000000000e+04 7.113898547274011275e-01
1.103000000000000000e+04 7.116037988038820261e-01
1.104000000000000000e+04 7.118597556242246549e-01
1.105000000000000000e+04 7.121558394158234995e-01
1.106000000000000000e+04 7.124899694040183196e-01
1.107000000000000000e+04 7.128598618081956051e-01
1.108000000000000000e+04 7.132630275898669270e-01
1.109000000000000000e+04 7.136967793455208930e-01
1.110000000000000000e+04 7.141582490316179532e-01
1.111000000000000000e+04 7.146444167560721539e-01
1.112000000000000000e+04 7.151521490990879748e-01
1.113000000000000000e+04 7.156782440710831583e-01
1.114000000000000000e+04 7.162194786946223246e-01
1.115000000000000000e+04 7.167726542146634072e-01
1.116000000000000000e+04 7.173346339146999817e-01
1.117000000000000000e+04 7.179023695226411927e-01
1.118000000000000000e+04 7.184729141717843826e-01
1.119000000000000000e+04 7.190434224256945228e-01
1.120000000000000000e+04 7.196111414684225327e-01
1.121000000000000000e+04 7.201733999823394239e-01
1.122000000000000000e+04 7.207276020171594633e-01
1.123000000000000000e+04 7.212712321880496713e-01
1.124000000000000000e+04 7.218018754381082536e-01
1.125000000000000000e+04 7.223172491168371456e-01
1.126000000000000000e+04 7.228152408868011580e-01
1.127000000000000000e+04 7.232939431829079613e-01
1.128000000000000000e+04 7.237516744719111328e-01
1.129000000000000000e+04 7.241869804580588488e-01
1.130000000000000000e+04 7.245986135280824136e-01
1.131000000000000000e+04 7.249854962981892026e-01
1.132000000000000000e+04 7.253466782985535932e-01
1.133000000000000000e+04 7.256812972657066263e-01
1.134000000000000000e+04 7.259885553740468289e-01
1.135000000000000000e+04 7.262677159345017897e-01
1.136000000000000000e+04 7.265181206339484943e-01
1.137000000000000000e+04 7.267392215781042220e-01
1.138000000000000000e+04 7.269306190238967735e-01
1.139000000000000000e+04 7.270920956440598548e-01
1.140000000000000000e+04 7.272236403199655586e-01
1.141000000000000000e+04 7.273254588492434891e-01
1.142000000000000000e+04 7.273979725859329726e-01
1.143000000000000000e+04 7.274418087560494683e-01
1.144000000000000000e+04 7.274577856703525747e-01
1.145000000000000000e+04 7.274468943322983661e-01
1.146000000000000000e+04 7.274102769494007470e-01
1.147000000000000000e+04 7.273491994177205822e-01
1.148000000000000000e+04 7.272650153778505988e-01
1.149000000000000000e+04 7.271591216421074977e-01
1.150000000000000000e+04 7.270329069656055188e-01
1.151000000000000000e+04 7.268877007914703592e-01
1.152000000000000000e+04 7.267247307931780087e-01
1.153000000000000000e+04 7.265450978306522423e-01
1.154000000000000000e+04 7.263497741413003084e-01
1.155000000000000000e+04 7.261396259313063206e-01
1.156000000000000000e+04 7.259154569344384855e-01
1.157000000000000000e+04 7.256780658630396230e-01
1.158000000000000000e+04 7.254283090668529610e-01
1.159000000000000000e+04 7.251671604551223060e-01
1.160000000000000000e+04 7.248957618671212355e-01
1.161000000000000000e+04 7.246154591319362570e-01
1.162000000000000000e+04 7.243278214191057884e-01
1.163000000000000000e+04 7.240346427095577519e-01
1.164000000000000000e+04 7.237379252582021305e-01
1.165000000000000000e+04 7.234398461474361719e-01
1.166000000000000000e+04 7.231427086065669307e-01
1.167000000000000000e+04 7.228488808015425260e-01
1.168000000000000000e+04 7.225607260434923074e-01
1.169000000000000000e+04 7.222805290009175483e-01
1.170000000000000000e+04 7.220104229083502689e-01
1.171000000000000000e+04 7.217523229636554349e-01
1.172000000000000000e+04 7.215078704223465422e-01
1.173000000000000000e+04 7.212783908041616732e-01
1.174000000000000000e+04 7.210648685302114558e-01
1.175000000000000000e+04 7.208679391411587645e-01
1.176000000000000000e+04 7.206878991838631121e-01
1.177000000000000000e+04 7.205247332452771047e-01
1.178000000000000000e+04 7.203781578072719904e-01
1.179000000000000000e+04 7.202476808276218057e-01
1.180000000000000000e+04 7.201326745831526654e-01
1.181000000000000000e+04 7.200324572459918526e-01
1.182000000000000000e+04 7.199463755881054805e-01
1.183000000000000000e+04 7.198738793351945331e-01
1.184000000000000000e+04 7.198145770394627219e-01
1.185000000000000000e+04 7.197682647607942519e-01
1.186000000000000000e+04 7.197349236067640543e-01
1.187000000000000000e+04 7.197146879899247729e-01
1.188000000000000000e+04 7.197077917077383535e-01
1.189000000000000000e+04 7.197145029426754714e-01
1.190000000000000000e+04 7.197350597444104325e-01
1.191000000000000000e+04 7.197696148945645911e-01
1.192000000000000000e+04 7.198181945285589967e-01
1.193000000000000000e+04 7.198806702799822599e-01
1.194000000000000000e+04 7.199567417227150656e-01
1.195000000000000000e+04 7.200459252788926623e-01
1.196000000000000000e+04 7.201475470764288067e-01
1.197000000000000000e+04 7.202607394510229799e-01
1.198000000000000000e+04 7.203844434248136697e-01
1.199000000000000000e+04 7.205174209405377228e-01
1.200000000000000000e+04 7.206582799614142942e-01
1.201000000000000000e+04 7.208055141590080650e-01
1.202000000000000000e+04 7.209575562361393297e-01
1.203000000000000000e+04 7.211128410112160880e-01
1.204000000000000000e+04 7.212698723994989125e-01
1.205000000000000000e+04 7.214272882758143712e-01
1.206000000000000000e+04 7.215839171465627810e-01
1.207000000000000000e+04 7.217388215824024345e-01
1.208000000000000000e+04 7.218913248101692659e-01
1.209000000000000000e+04 7.220410180880050266e-01
1.210000000000000000e+04 7.221877469126445348e-01
1.211000000000000000e+04 7.223315741009668223e-01
1.212000000000000000e+04 7.224727188880255557e-01
1.213000000000000000e+04 7.226114739976582380e-01
1.214000000000000000e+04 7.227481067904605316e-01
1.215000000000000000e+04 7.228827555577774788e-01
1.216000000000000000e+04 7.230153364435882857e-01
1.217000000000000000e+04 7.231454779492325624e-01
1.218000000000000000e+04 7.232724978245674841e-01
1.219000000000000000e+04 7.233954307876849787e-01
1.220000000000000000e+04 7.235131058818050631e-01
1.221000000000000000e+04 7.236242621036093059e-01
1.222000000000000000e+04 7.237276829368086695e-01
1.223000000000000000e+04 7.238223260542976378e-01
1.224000000000000000e+04 7.239074256519938411e-01
1.225000000000000000e+04 7.239825513051822981e-01
1.226000000000000000e+04 7.240476160691406982e-01
1.227000000000000000e+04 7.241028370717887963e-01
1.228000000000000000e+04 7.241486609108300776e-01
1.229000000000000000e+04 7.241856703085531866e-01
1.230000000000000000e+04 7.242144890396151613e-01
1.231000000000000000e+04 7.242356990811011919e-01
1.232000000000000000e+04 7.242497788825067451e-01
1.233000000000000000e+04 7.242570667378533944e-01
1.234000000000000000e+04 7.242577487400939651e-01
1.235000000000000000e+04 7.242518678617611005e-01
1.236000000000000000e+04 7.242393495765032663e-01
1.237000000000000000e+04 7.242200391238060586e-01
1.238000000000000000e+04 7.241937456455745936e-01
1.239000000000000000e+04 7.241602886330441580e-01
1.240000000000000000e+04 7.241195424674576886e-01
1.241000000000000000e+04 7.240714756600454827e-01
1.242000000000000000e+04 7.240161821534039088e-01
1.243000000000000000e+04 7.239539029381627522e-01
1.244000000000000000e+04 7.238850374479659511e-01
1.245000000000000000e+04 7.238101451718563784e-01
1.246000000000000000e+04 7.237299388737755690e-01
1.247000000000000000e+04 7.236452713988739127e-01
1.248000000000000000e+04 7.235571184805329459e-01
1.249000000000000000e+04 7.234665602123279138e-01
1.250000000000000000e+04 7.233747634602137877e-01
1.251000000000000000e+04 7.232829665094072658e-01
1.252000000000000000e+04 7.231924658358052094e-01
1.253000000000000000e+04 7.231046037527474324e-01
1.254000000000000000e+04 7.230207553076792859e-01
1.255000000000000000e+04 7.229423128976260049e-01
1.256000000000000000e+04 7.228706678856907653e-01
1.257000000000000000e+04 7.228071898458954259e-01
1.258000000000000000e+04 7.227532048923044350e-01
1.259000000000000000e+04 7.227099746643976808e-01
1.260000000000000000e+04 7.226786771552776711e-01
1.261000000000000000e+04 7.226603896954109096e-01
1.262000000000000000e+04 7.226560739051547388e-01
1.263000000000000000e+04 7.226665622961661040e-01
1.264000000000000000e+04 7.226925466908206142e-01
1.265000000000000000e+04 7.227345694816976751e-01
1.266000000000000000e+04 7.227930192919804764e-01
1.267000000000000000e+04 7.228681319412428863e-01
1.268000000000000000e+04 7.229599967410120787e-01
1.269000000000000000e+04 7.230685667446663523e-01
1.270000000000000000e+04 7.231936705726402792e-01
1.271000000000000000e+04 7.233350232665245461e-01
1.272000000000000000e+04 7.234922340047791334e-01
1.273000000000000000e+04 7.236648091400077476e-01
1.274000000000000000e+04 7.238521497833663165e-01
1.275000000000000000e+04 7.240535433555700395e-01
1.276000000000000000e+04 7.242681486445240457e-01
1.277000000000000000e+04 7.244949745989309742e-01
1.278000000000000000e+04 7.247328543509440335e-01
1.279000000000000000e+04 7.249804180610300852e-01
1.280000000000000000e+04 7.252360707453132660e-01
1.281000000000000000e+04 7.254979830852382738e-01
1.282000000000000000e+04 7.257641030712456143e-01
1.283000000000000000e+04 7.260321940193720236e-01
1.284000000000000000e+04 7.262999000447919462e-01
1.285000000000000000e+04 7.265648342616382038e-01
1.286000000000000000e+04 7.268246793685017026e-01
1.287000000000000000e+04 7.270772862725839447e-01
1.288000000000000000e+04 7.273207554480384252e-01
1.289000000000000000e+04 7.275534880423492057e-01
1.290000000000000000e+04 7.277741987410581981e-01
1.291000000000000000e+04 7.279818893708649430e-01
1.292000000000000000e+04 7.281757897039128347e-01
1.293000000000000000e+04 7.283552782252996627e-01
1.294000000000000000e+04 7.285197995541626836e-01
1.295000000000000000e+04 7.286687955262507455e-01
1.296000000000000000e+04 7.288016634548174499e-01
1.297000000000000000e+04 7.289177486135833828e-01
1.298000000000000000e+04 7.290163696590568065e-01
1.299000000000000000e+04 7.290968682228901043e-01
1.300000000000000000e+04 7.291586689676399224e-01
1.301000000000000000e+04 7.292013348391599425e-01
1.302000000000000000e+04 7.292246041928130973e-01
1.303000000000000000e+04 7.292284010781194814e-01
1.304000000000000000e+04 7.292128165065102641e-01
1.305000000000000000e+04 7.291780654969697295e-01
1.306000000000000000e+04 7.291244301071355682e-01
1.307000000000000000e+04 7.290522016382418036e-01
1.308000000000000000e+04 7.289616352575091218e-01
1.309000000000000000e+04 7.288529272164385731e-01
1.310000000000000000e+04 7.287262196506202327e-01
1.311000000000000000e+04 7.285816317951568921e-01
1.312000000000000000e+04 7.284193107185825689e-01
1.313000000000000000e+04 7.282394908487195284e-01
1.314000000000000000e+04 7.280425499774914044e-01
1.315000000000000000e+04 7.278290503791096100e-01
1.316000000000000000e+04 7.275997573855697009e-01
1.317000000000000000e+04 7.273556326785322046e-01
1.318000000000000000e+04 7.270978045196820894e-01
1.319000000000000000e+04 7.268275212969684818e-01
1.320000000000000000e+04 7.265460975335908955e-01
1.321000000000000000e+04 7.262548615701032162e-01
1.322000000000000000e+04 7.259551133627658581e-01
1.323000000000000000e+04 7.256480983861899325e-01
1.324000000000000000e+04 7.253350000215300630e-01
1.325000000000000000e+04 7.250169497142389119e-01
1.326000000000000000e+04 7.246950511352936442e-01
1.327000000000000000e+04 7.243704122049133831e-01
1.328000000000000000e+04 7.240441777081934038e-01
1.329000000000000000e+04 7.237175551883837654e-01
1.330000000000000000e+04 7.233918279482663971e-01
1.331000000000000000e+04 7.230683518527031284e-01
1.332000000000000000e+04 7.227485363415624420e-01
1.333000000000000000e+04 7.224338133290394426e-01
1.334000000000000000e+04 7.221256004959806241e-01
1.335000000000000000e+04 7.218252675169550825e-01
1.336000000000000000e+04 7.215341121764548005e-01
1.337000000000000000e+04 7.212533508443856878e-01
1.338000000000000000e+04 7.209841248694116578e-01
1.339000000000000000e+04 7.207275211564072581e-01
1.340000000000000000e+04 7.204846024732975973e-01
1.341000000000000000e+04 7.202564413712233549e-01
1.342000000000000000e+04 7.200441509957797859e-01
1.343000000000000000e+04 7.198489064926345549e-01
1.344000000000000000e+04 7.196719518338340338e-01
1.345000000000000000e+04 7.195145891722412035e-01
1.346000000000000000e+04 7.193781508971928140e-01
1.347000000000000000e+04 7.192639571541613597e-01
1.348000000000000000e+04 7.191732647246141807e-01
1.349000000000000000e+04 7.191072133969435010e-01
1.350000000000000000e+04 7.190667757344588740e-01
1.351000000000000000e+04 7.190527146327595487e-01
1.352000000000000000e+04 7.190655508145372687e-01
1.353000000000000000e+04 7.191055404346539115e-01
1.354000000000000000e+04 7.191726624828088665e-01
1.355000000000000000e+04 7.192666158071867599e-01
1.356000000000000000e+04 7.193868268878620409e-01
1.357000000000000000e+04 7.195324697564339234e-01
1.358000000000000000e+04 7.197024988159900216e-01
1.359000000000000000e+04 7.198956937905910403e-01
1.360000000000000000e+04 7.201107121104557418e-01
1.361000000000000000e+04 7.203461421372042706e-01
1.362000000000000000e+04 7.206005497151036776e-01
1.363000000000000000e+04 7.208725114972805992e-01
1.364000000000000000e+04 7.211606309795058900e-01
1.365000000000000000e+04 7.214635370809857617e-01
1.366000000000000000e+04 7.217798691410479694e-01
1.367000000000000000e+04 7.221082545665331587e-01
1.368000000000000000e+04 7.224472860112156614e-01
1.369000000000000000e+04 7.227955036689206469e-01
1.370000000000000000e+04 7.231513849335290400e-01
1.371000000000000000e+04 7.235133402163590466e-01
1.372000000000000000e+04 7.238797113166012265e-01
1.373000000000000000e+04 7.242487681525062726e-01
1.374000000000000000e+04 7.246187012345255418e-01
1.375000000000000000e+04 7.249876099982279776e-01
1.376000000000000000e+04 7.253534903240640430e-01
1.377000000000000000e+04 7.257142271622982754e-01
1.378000000000000000e+04 7.260675990078463427e-01
1.379000000000000000e+04 7.264112998260794374e-01
1.380000000000000000e+04 7.267429813828901741e-01
1.381000000000000000e+04 7.270603155163529729e-01
1.382000000000000000e+04 7.273610725755650375e-01
1.383000000000000000e+04 7.276432093265147172e-01
1.384000000000000000e+04 7.279049575262337424e-01
1.385000000000000000e+04 7.281449035247260504e-01
1.386000000000000000e+04 7.283620495861762301e-01
1.387000000000000000e+04 7.285558490164844025e-01
1.388000000000000000e+04 7.287262096219400132e-01
1.389000000000000000e+04 7.288734631702440403e-01
1.390000000000000000e+04 7.289983025135119421e-01
1.391000000000000000e+04 7.291016925849034269e-01
1.392000000000000000e+04 7.291847648329463638e-01
1.393000000000000000e+04 7.292487065044609418e-01
1.394000000000000000e+04 7.292946567200101482e-01
1.395000000000000000e+04 7.293236201382146122e-01
1.396000000000000000e+04 7.293364062263604231e-01
1.397000000000000000e+04 7.293335985903549590e-01
1.398000000000000000e+04 7.293155549258771853e-01
1.399000000000000000e+04 7.292824342929857817e-01
1.400000000000000000e+04 7.292342454843777633e-01
1.401000000000000000e+04 7.291709085747553054e-01
1.402000000000000000e+04 7.290923209313380227e-01
1.403000000000000000e+04 7.289984198100492030e-01
1.404000000000000000e+04 7.288892352928028062e-01
1.405000000000000000e+04 7.287649292095188525e-01
1.406000000000000000e+04 7.286258179311593253e-01
1.407000000000000000e+04 7.284723792052216762e-01
1.408000000000000000e+04 7.283052451467773025e-01
1.409000000000000000e+04 7.281251851762414740e-01
1.410000000000000000e+04 7.279330840462946428e-01
1.411000000000000000e+04 7.277299207341366705e-01
1.412000000000000000e+04 7.275167531929122022e-01
1.413000000000000000e+04 7.272947118704297109e-01
1.414000000000000000e+04 7.270650019875153358e-01
1.415000000000000000e+04 7.268289116218844548e-01
1.416000000000000000e+04 7.265878204821148989e-01
1.417000000000000000e+04 7.263432035328715175e-01
1.418000000000000000e+04 7.260966247265481233e-01
1.419000000000000000e+04 7.258497185492859272e-01
1.420000000000000000e+04 7.256041598843478990e-01
1.421000000000000000e+04 7.253616250217499450e-01
1.422000000000000000e+04 7.251237479798248176e-01
1.423000000000000000e+04 7.248920766289680406e-01
1.424000000000000000e+04 7.246680328280247219e-01
1.425000000000000000e+04 7.244528802848718696e-01
1.426000000000000000e+04 7.242477033023720923e-01
1.427000000000000000e+04 7.240533988321568026e-01
1.428000000000000000e+04 7.238706830089671751e-01
1.429000000000000000e+04 7.237001114833032656e-01
1.430000000000000000e+04 7.235421106512455180e-01
1.431000000000000000e+04 7.233970148790355159e-01
1.432000000000000000e+04 7.232651038525682585e-01
1.433000000000000000e+04 7.231466345490870085e-01
1.434000000000000000e+04 7.230418638478219862e-01
1.435000000000000000e+04 7.229510597838970654e-01
1.436000000000000000e+04 7.228745010842717589e-01
1.437000000000000000e+04 7.228124654733718568e-01
1.438000000000000000e+04 7.227652074170296537e-01
1.439000000000000000e+04 7.227329260960984048e-01
1.440000000000000000e+04 7.227157250428580815e-01
1.441000000000000000e+04 7.227135662603203503e-01
1.442000000000000000e+04 7.227262234759994630e-01
1.443000000000000000e+04 7.227532407605059550e-01
1.444000000000000000e+04 7.227939034557101516e-01
1.445000000000000000e+04 7.228472277667595813e-01
1.446000000000000000e+04 7.229119733246611723e-01
1.447000000000000000e+04 7.229866797098037923e-01
1.448000000000000000e+04 7.230697238930076098e-01
1.449000000000000000e+04 7.231593916256441323e-01
1.450000000000000000e+04 7.232539529097031794e-01
1.451000000000000000e+04 7.233517306496547450e-01
1.452000000000000000e+04 7.234511528087201881e-01
1.453000000000000000e+04 7.235507817696108512e-01
1.454000000000000000e+04 7.236493193506128296e-01
1.455000000000000000e+04 7.237455908515795233e-01
1.456000000000000000e+04 7.238385153617553636e-01
1.457000000000000000e+04 7.239270715106728149e-01
1.458000000000000000e+04 7.240102677163408051e-01
1.459000000000000000e+04 7.240871242128203988e-01
1.460000000000000000e+04 7.241566714228234725e-01
1.461000000000000000e+04 7.242179662799408391e-01
1.462000000000000000e+04 7.242701252585862504e-01
1.463000000000000000e+04 7.243123701552550697e-01
1.464000000000000000e+04 7.243440799839780952e-01
1.465000000000000000e+04 7.243648398732508431e-01
1.466000000000000000e+04 7.243744762076654853e-01
1.467000000000000000e+04 7.243730673771298090e-01
1.468000000000000000e+04 7.243609222063800424e-01
1.469000000000000000e+04 7.243385235923286425e-01
1.470000000000000000e+04 7.243064423200963331e-01
1.471000000000000000e+04 7.242652337856592126e-01
1.472000000000000000e+04 7.242153361073196960e-01
1.473000000000000000e+04 7.241569898423629859e-01
1.474000000000000000e+04 7.240901963219336102e-01
1.475000000000000000e+04 7.240147241344722095e-01
1.476000000000000000e+04 7.239301634658054097e-01
1.477000000000000000e+04 7.238360183262384506e-01
1.478000000000000000e+04 7.237318194732337284e-01
1.479000000000000000e+04 7.236172376179775823e-01
1.480000000000000000e+04 7.234921777772804763e-01
1.481000000000000000e+04 7.233568407144844725e-01
1.482000000000000000e+04 7.232117447943365862e-01
1.483000000000000000e+04 7.230577094270196348e-01
1.484000000000000000e+04 7.228958079238669843e-01
1.485000000000000000e+04 7.227273020194420194e-01
1.486000000000000000e+04 7.225535721292163371e-01
1.487000000000000000e+04 7.223760566808382633e-01
1.488000000000000000e+04 7.221962108230982613e-01
1.489000000000000000e+04 7.220154898025630263e-01
1.490000000000000000e+04 7.218353559145852527e-01
1.491000000000000000e+04 7.216573012874559767e-01
1.492000000000000000e+04 7.214828734991379777e-01
1.493000000000000000e+04 7.213136889766208482e-01
1.494000000000000000e+04 7.211514214531589140e-01
1.495000000000000000e+04 7.209977593041660970e-01
1.496000000000000000e+04 7.208543347887120811e-01
1.497000000000000000e+04 7.207226374903206167e-01
1.498000000000000000e+04 7.206039308570586499e-01
1.499000000000000000e+04 7.204991926400398095e-01
1.500000000000000000e+04 7.204090964321279156e-01
