0.000000000000000000e+00 6.598404780372063572e-01
1.000000000000000000e+01 6.590539028166159108e-01
2.000000000000000000e+01 6.567106325124533184e-01
3.000000000000000000e+01 6.528609901233753954e-01
4.000000000000000000e+01 6.475808232572086709e-01
5.000000000000000000e+01 6.409666182424882397e-01
6.000000000000000000e+01 6.331306155052964790e-01
7.000000000000000000e+01 6.241957288437228746e-01
8.000000000000000000e+01 6.142905889723200286e-01
9.000000000000000000e+01 6.035450973754582504e-01
1.000000000000000000e+02 5.920867966112770553e-01
1.100000000000000000e+02 5.800382576374952803e-01
1.200000000000000000e+02 5.675155696557347973e-01
1.300000000000000000e+02 5.546279030892620199e-01
1.400000000000000000e+02 5.414780182066450953e-01
1.500000000000000000e+02 5.281635066059516825e-01
1.600000000000000000e+02 5.147785091993949402e-01
1.700000000000000000e+02 5.014156098261449701e-01
1.800000000000000000e+02 4.881676337339929117e-01
1.900000000000000000e+02 4.751290794670622319e-01
2.000000000000000000e+02 4.623969299993508364e-01
2.100000000000000000e+02 4.500706975273754962e-01
2.200000000000000000e+02 4.382516270753596954e-01
2.300000000000000000e+02 4.270409321679957126e-01
2.400000000000000000e+02 4.165372310975142267e-01
2.500000000000000000e+02 4.068331824924705797e-01
2.600000000000000000e+02 3.980116260093007896e-01
2.700000000000000000e+02 3.901414111086932701e-01
2.800000000000000000e+02 3.832732172556886918e-01
2.900000000000000000e+02 3.774357665955007657e-01
3.000000000000000000e+02 3.726326979230937253e-01
3.100000000000000000e+02 3.688404232775324698e-01
3.200000000000000000e+02 3.660072608942709360e-01
3.300000000000000000e+02 3.640539733086012864e-01
3.400000000000000000e+02 3.628757563134384356e-01
3.500000000000000000e+02 3.623456978319604671e-01
3.600000000000000000e+02 3.623194778900001300e-01
3.700000000000000000e+02 3.626410439037836553e-01
3.800000000000000000e+02 3.631489008553542841e-01
3.900000000000000000e+02 3.636825931881743634e-01
4.000000000000000000e+02 3.640889655755500942e-01
4.100000000000000000e+02 3.642277873480919692e-01
4.200000000000000000e+02 3.639763942474426583e-01
4.300000000000000000e+02 3.632331295125366677e-01
4.400000000000000000e+02 3.619194090614226145e-01
4.500000000000000000e+02 3.599804249686668900e-01
4.600000000000000000e+02 3.573845673058952954e-01
4.700000000000000000e+02 3.541217401075868465e-01
4.800000000000000000e+02 3.502008327066058468e-01
4.900000000000000000e+02 3.456466442799870920e-01
5.000000000000000000e+02 3.404965487240255717e-01
5.100000000000000000e+02 3.347971874721657470e-01
5.200000000000000000e+02 3.286014123606917914e-01
5.300000000000000000e+02 3.219656718801758855e-01
5.400000000000000000e+02 3.149479349118008975e-01
5.500000000000000000e+02 3.076062154054121089e-01
5.600000000000000000e+02 2.999976527894101519e-01
5.700000000000000000e+02 2.921780841504958426e-01
5.800000000000000000e+02 2.842020012288439812e-01
5.900000000000000000e+02 2.761227351487571813e-01
6.000000000000000000e+02 2.679927502396299288e-01
6.100000000000000000e+02 2.598638965537798939e-01
6.200000000000000000e+02 2.517874913772604195e-01
6.300000000000000000e+02 2.438141582552082465e-01
6.400000000000000000e+02 2.359933688410121022e-01
6.500000000000000000e+02 2.283726800466355233e-01
6.600000000000000000e+02 2.209967167974161983e-01
6.700000000000000000e+02 2.139059570247127673e-01
6.800000000000000000e+02 2.071354204218723294e-01
6.900000000000000000e+02 2.007134033685654406e-01
7.000000000000000000e+02 1.946603935886196401e-01
7.100000000000000000e+02 1.889882687366040703e-01
7.200000000000000000e+02 1.836998891510953635e-01
7.300000000000000000e+02 1.787891731317785282e-01
7.400000000000000000e+02 1.742416762699539046e-01
7.500000000000000000e+02 1.700356511224329903e-01
7.600000000000000000e+02 1.661435250214056136e-01
7.700000000000000000e+02 1.625336974678833757e-01
7.800000000000000000e+02 1.591725304961440213e-01
7.900000000000000000e+02 1.560263797095635951e-01
8.000000000000000000e+02 1.530635125763710469e-01
8.100000000000000000e+02 1.502557841899001545e-01
8.200000000000000000e+02 1.475799592879456779e-01
8.300000000000000000e+02 1.450186122911526765e-01
8.400000000000000000e+02 1.425605702745749159e-01
8.500000000000000000e+02 1.402008980598130339e-01
8.600000000000000000e+02 1.379404693699751994e-01
8.700000000000000000e+02 1.357851949365964650e-01
8.800000000000000000e+02 1.337449911670829383e-01
8.900000000000000000e+02 1.318325811580823570e-01
9.000000000000000000e+02 1.300622229770750926e-01
9.100000000000000000e+02 1.284484637785621441e-01
9.200000000000000000e+02 1.270049907574405668e-01
9.300000000000000000e+02 1.257436318217973192e-01
9.400000000000000000e+02 1.246735479612252201e-01
9.500000000000000000e+02 1.238006441213655856e-01
9.600000000000000000e+02 1.231272039214374725e-01
9.700000000000000000e+02 1.226517340424410907e-01
9.800000000000000000e+02 1.223689807724063494e-01
9.900000000000000000e+02 1.222701017185416211e-01
1.000000000000000000e+03 1.223429819568291887e-01
1.010000000000000000e+03 1.225726381068751175e-01
1.020000000000000000e+03 1.229416720915662009e-01
1.030000000000000000e+03 1.234307519574468909e-01
1.040000000000000000e+03 1.240190960620607269e-01
1.050000000000000000e+03 1.246849435457625943e-01
1.060000000000000000e+03 1.254059994973056869e-01
1.070000000000000000e+03 1.261598442358835004e-01
1.080000000000000000e+03 1.269243036070849262e-01
1.090000000000000000e+03 1.276777825821278078e-01
1.100000000000000000e+03 1.283995640939527005e-01
1.110000000000000000e+03 1.290700763095181947e-01
1.120000000000000000e+03 1.296711293299594447e-01
1.130000000000000000e+03 1.301861193285148155e-01
1.140000000000000000e+03 1.306002023423043501e-01
1.150000000000000000e+03 1.309004362556504819e-01
1.160000000000000000e+03 1.310758928406137447e-01
1.170000000000000000e+03 1.311177399703396806e-01
1.180000000000000000e+03 1.310192880693935580e-01
1.190000000000000000e+03 1.307759960424366430e-01
1.200000000000000000e+03 1.303854370086439396e-01
1.210000000000000000e+03 1.298472240984964721e-01
1.220000000000000000e+03 1.291628999405688150e-01
1.230000000000000000e+03 1.283357940528487284e-01
1.240000000000000000e+03 1.273708449367088047e-01
1.250000000000000000e+03 1.262743847112417772e-01
1.260000000000000000e+03 1.250538977088102854e-01
1.270000000000000000e+03 1.237177637386263074e-01
1.280000000000000000e+03 1.222749927980902179e-01
1.290000000000000000e+03 1.207349596145821102e-01
1.300000000000000000e+03 1.191071485807074226e-01
1.310000000000000000e+03 1.174009188164281958e-01
1.320000000000000000e+03 1.156252985512506715e-01
1.330000000000000000e+03 1.137888166299963200e-01
1.340000000000000000e+03 1.118993787181721822e-01
1.350000000000000000e+03 1.099641925988559116e-01
1.360000000000000000e+03 1.079897450186158153e-01
1.370000000000000000e+03 1.059818316336817029e-01
1.380000000000000000e+03 1.039456376160731443e-01
1.390000000000000000e+03 1.018858612870323782e-01
1.400000000000000000e+03 9.980687148012427901e-02
1.410000000000000000e+03 9.771288813725856337e-02
1.420000000000000000e+03 9.560817257779705147e-02
1.430000000000000000e+03 9.349721182358709803e-02
1.440000000000000000e+03 9.138488105708283959e-02
1.450000000000000000e+03 8.927656875072247089e-02
1.460000000000000000e+03 8.717825176890826866e-02
1.470000000000000000e+03 8.509651243171841017e-02
1.480000000000000000e+03 8.303849356750239719e-02
1.490000000000000000e+03 8.101178955149761218e-02
1.500000000000000000e+03 7.902427753478037664e-02
1.510000000000000000e+03 7.708390019492690481e-02
1.520000000000000000e+03 7.519841619507394714e-02
1.530000000000000000e+03 7.337513794507091736e-02
1.540000000000000000e+03 7.162067828453304308e-02
1.550000000000000000e+03 6.994072785512749080e-02
1.560000000000000000e+03 6.833988256059661537e-02
1.570000000000000000e+03 6.682153580543039040e-02
1.580000000000000000e+03 6.538784462312031975e-02
1.590000000000000000e+03 6.403977181297872134e-02
1.600000000000000000e+03 6.277719811587596788e-02
1.610000000000000000e+03 6.159909240083809301e-02
1.620000000000000000e+03 6.050372307312099074e-02
1.630000000000000000e+03 5.948888953465678725e-02
1.640000000000000000e+03 5.855215163271169226e-02
1.650000000000000000e+03 5.769103819450743798e-02
1.660000000000000000e+03 5.690322020183546936e-02
1.670000000000000000e+03 5.618663884566224564e-02
1.680000000000000000e+03 5.553958443660266669e-02
1.690000000000000000e+03 5.496072842091429683e-02
1.700000000000000000e+03 5.444911525140883751e-02
1.710000000000000000e+03 5.400412358757491343e-02
1.720000000000000000e+03 5.362540714914720841e-02
1.730000000000000000e+03 5.331282540833856554e-02
1.740000000000000000e+03 5.306637326356836160e-02
1.750000000000000000e+03 5.288611651161190252e-02
1.760000000000000000e+03 5.277213729349403831e-02
1.770000000000000000e+03 5.272449177239574986e-02
1.780000000000000000e+03 5.274318083618179803e-02
1.790000000000000000e+03 5.282813314556683570e-02
1.800000000000000000e+03 5.297919855898453739e-02
1.810000000000000000e+03 5.319614953460267276e-02
1.820000000000000000e+03 5.347868825337866866e-02
1.830000000000000000e+03 5.382645733838918589e-02
1.840000000000000000e+03 5.423905179456793568e-02
1.850000000000000000e+03 5.471602953184193097e-02
1.860000000000000000e+03 5.525691755567053304e-02
1.870000000000000000e+03 5.586121103523530168e-02
1.880000000000000000e+03 5.652836310044070250e-02
1.890000000000000000e+03 5.725776361994548008e-02
1.900000000000000000e+03 5.804870590342649933e-02
1.910000000000000000e+03 5.890034187810420929e-02
1.920000000000000000e+03 5.981162771460056538e-02
1.930000000000000000e+03 6.078126258105331220e-02
1.940000000000000000e+03 6.180762406907633344e-02
1.950000000000000000e+03 6.288870450509900789e-02
1.960000000000000000e+03 6.402205248042103225e-02
1.970000000000000000e+03 6.520472335959250076e-02
1.980000000000000000e+03 6.643324172972718544e-02
1.990000000000000000e+03 6.770357765982928933e-02
2.000000000000000000e+03 6.901113742800321638e-02
2.010000000000000000e+03 7.035076846950201468e-02
2.020000000000000000e+03 7.171677777251395103e-02
2.030000000000000000e+03 7.310296249988409989e-02
2.040000000000000000e+03 7.450265148389206837e-02
2.050000000000000000e+03 7.590875637661451125e-02
2.060000000000000000e+03 7.731383133290418985e-02
2.070000000000000000e+03 7.871014034768458734e-02
2.080000000000000000e+03 8.008973145730426124e-02
2.090000000000000000e+03 8.144451674978435418e-02
2.100000000000000000e+03 8.276635695146021543e-02
2.110000000000000000e+03 8.404714928621979941e-02
2.120000000000000000e+03 8.527891709030216427e-02
2.130000000000000000e+03 8.645389959192574525e-02
2.140000000000000000e+03 8.756464064233866751e-02
2.150000000000000000e+03 8.860407579329823702e-02
2.160000000000000000e+03 8.956561733407313042e-02
2.170000000000000000e+03 9.044323673875528935e-02
2.180000000000000000e+03 9.123154362276596208e-02
2.190000000000000000e+03 9.192585999315645851e-02
2.200000000000000000e+03 9.252228832653733304e-02
2.210000000000000000e+03 9.301777121275289772e-02
2.220000000000000000e+03 9.341013987018560727e-02
2.230000000000000000e+03 9.369814928109548857e-02
2.240000000000000000e+03 9.388149812511464853e-02
2.250000000000000000e+03 9.396083203122747307e-02
2.260000000000000000e+03 9.393772942056427544e-02
2.270000000000000000e+03 9.381467035334421778e-02
2.280000000000000000e+03 9.359498963046058995e-02
2.290000000000000000e+03 9.328281573465059540e-02
2.300000000000000000e+03 9.288299729459247034e-02
2.310000000000000000e+03 9.240101873081706108e-02
2.320000000000000000e+03 9.184290675339393251e-02
2.330000000000000000e+03 9.121512912778118043e-02
2.340000000000000000e+03 9.052448706814905655e-02
2.350000000000000000e+03 8.977800347464789943e-02
2.360000000000000000e+03 8.898281015889744627e-02
2.370000000000000000e+03 8.814603789198820205e-02
2.380000000000000000e+03 8.727471384407463340e-02
2.390000000000000000e+03 8.637567127909116793e-02
2.400000000000000000e+03 8.545547573677778064e-02
2.410000000000000000e+03 8.452037054938844884e-02
2.420000000000000000e+03 8.357624276902891891e-02
2.430000000000000000e+03 8.262860873068972323e-02
2.440000000000000000e+03 8.168261683662696171e-02
2.450000000000000000e+03 8.074306398906161419e-02
2.460000000000000000e+03 7.981442142130712458e-02
2.470000000000000000e+03 7.890086552051094049e-02
2.480000000000000000e+03 7.800630962633860188e-02
2.490000000000000000e+03 7.713443357148516699e-02
2.500000000000000000e+03 7.628870866923355420e-02
2.510000000000000000e+03 7.547241673223038794e-02
2.520000000000000000e+03 7.468866234863087705e-02
2.530000000000000000e+03 7.394037792659427510e-02
2.540000000000000000e+03 7.323032113659222464e-02
2.550000000000000000e+03 7.256106471594371554e-02
2.560000000000000000e+03 7.193497925384488567e-02
2.570000000000000000e+03 7.135421025914054360e-02
2.580000000000000000e+03 7.082065138333751286e-02
2.590000000000000000e+03 7.033591635294042521e-02
2.600000000000000000e+03 6.990131296484711210e-02
2.610000000000000000e+03 6.951782308782522568e-02
2.620000000000000000e+03 6.918609276648696182e-02
2.630000000000000000e+03 6.890643605355629975e-02
2.640000000000000000e+03 6.867885499064123322e-02
2.650000000000000000e+03 6.850307634125384071e-02
2.660000000000000000e+03 6.837860352541567932e-02
2.670000000000000000e+03 6.830478002009839067e-02
2.680000000000000000e+03 6.828085847164434841e-02
2.690000000000000000e+03 6.830606831562077708e-02
2.700000000000000000e+03 6.837967432505907828e-02
2.710000000000000000e+03 6.850101927926013912e-02
2.720000000000000000e+03 6.866954551279473573e-02
2.730000000000000000e+03 6.888479228275393162e-02
2.740000000000000000e+03 6.914636860917984518e-02
2.750000000000000000e+03 6.945390404924431382e-02
2.760000000000000000e+03 6.980698221871393938e-02
2.770000000000000000e+03 7.020506361017017638e-02
2.780000000000000000e+03 7.064740514742653965e-02
2.790000000000000000e+03 7.113298374680104841e-02
2.800000000000000000e+03 7.166043000552017872e-02
2.810000000000000000e+03 7.222797629806640418e-02
2.820000000000000000e+03 7.283342136520935817e-02
2.830000000000000000e+03 7.347411131231511294e-02
2.840000000000000000e+03 7.414693521872021964e-02
2.850000000000000000e+03 7.484833254659883917e-02
2.860000000000000000e+03 7.557430932792986999e-02
2.870000000000000000e+03 7.632046067176830040e-02
2.880000000000000000e+03 7.708199815117112996e-02
2.890000000000000000e+03 7.785378170282411525e-02
2.900000000000000000e+03 7.863035646572229254e-02
2.910000000000000000e+03 7.940599533343818683e-02
2.920000000000000000e+03 8.017474792215463497e-02
2.930000000000000000e+03 8.093049628934939621e-02
2.940000000000000000e+03 8.166701721935162861e-02
2.950000000000000000e+03 8.237805027186893836e-02
2.960000000000000000e+03 8.305737027948074946e-02
2.970000000000000000e+03 8.369886275999248448e-02
2.980000000000000000e+03 8.429660059361897273e-02
2.990000000000000000e+03 8.484492030189649814e-02
3.000000000000000000e+03 8.533849647235455804e-02
3.010000000000000000e+03 8.577241312763526915e-02
3.020000000000000000e+03 8.614223100638365715e-02
3.030000000000000000e+03 8.644404986603920760e-02
3.040000000000000000e+03 8.667456503014903113e-02
3.050000000000000000e+03 8.683111742258961541e-02
3.060000000000000000e+03 8.691173634089476019e-02
3.070000000000000000e+03 8.691517422886602118e-02
3.080000000000000000e+03 8.684093260790130830e-02
3.090000000000000000e+03 8.668927809762966286e-02
3.100000000000000000e+03 8.646124715501951608e-02
3.110000000000000000e+03 8.615863786529948110e-02
3.120000000000000000e+03 8.578398697331708622e-02
3.130000000000000000e+03 8.534053052012940954e-02
3.140000000000000000e+03 8.483214708406131010e-02
3.150000000000000000e+03 8.426328380759738612e-02
3.160000000000000000e+03 8.363886695114247649e-02
3.170000000000000000e+03 8.296420038153283494e-02
3.180000000000000000e+03 8.224485685815034752e-02
3.190000000000000000e+03 8.148656780276408718e-02
3.200000000000000000e+03 8.069511720598841753e-02
3.210000000000000000e+03 7.987624451646936630e-02
3.220000000000000000e+03 7.903555990273981868e-02
3.230000000000000000e+03 7.817847341747018175e-02
3.240000000000000000e+03 7.731013785364619639e-02
3.250000000000000000e+03 7.643540399483228498e-02
3.260000000000000000e+03 7.555878670144215714e-02
3.270000000000000000e+03 7.468444073117712356e-02
3.280000000000000000e+03 7.381614613393133739e-02
3.290000000000000000e+03 7.295730407517006522e-02
3.300000000000000000e+03 7.211094450188819394e-02
3.310000000000000000e+03 7.127974681984894367e-02
3.320000000000000000e+03 7.046607366296411823e-02
3.330000000000000000e+03 6.967201620010178564e-02
3.340000000000000000e+03 6.889944767958984528e-02
3.350000000000000000e+03 6.815008048230464244e-02
3.360000000000000000e+03 6.742552120104103319e-02
3.370000000000000000e+03 6.672731838231042711e-02
3.380000000000000000e+03 6.605699847853167828e-02
3.390000000000000000e+03 6.541608697875324341e-02
3.400000000000000000e+03 6.480611335684950680e-02
3.410000000000000000e+03 6.422860023877333124e-02
3.420000000000000000e+03 6.368503894992254277e-02
3.430000000000000000e+03 6.317685518432586411e-02
3.440000000000000000e+03 6.270536966380177435e-02
3.450000000000000000e+03 6.227175914156488773e-02
3.460000000000000000e+03 6.187702288523878880e-02
3.470000000000000000e+03 6.152195884114120689e-02
3.480000000000000000e+03 6.120715207894768944e-02
3.490000000000000000e+03 6.093297608480609945e-02
3.500000000000000000e+03 6.069960543773773171e-02
3.510000000000000000e+03 6.050703677048825668e-02
3.520000000000000000e+03 6.035511394505345406e-02
3.530000000000000000e+03 6.024355315325737731e-02
3.540000000000000000e+03 6.017196412198940608e-02
3.550000000000000000e+03 6.013986462067329175e-02
3.560000000000000000e+03 6.014668681737650457e-02
3.570000000000000000e+03 6.019177545938456803e-02
3.580000000000000000e+03 6.027437910926736891e-02
3.590000000000000000e+03 6.039363652127938131e-02
3.600000000000000000e+03 6.054856060242057997e-02
3.610000000000000000e+03 6.073802231916242828e-02
3.620000000000000000e+03 6.096073651510184460e-02
3.630000000000000000e+03 6.121525105344965273e-02
3.640000000000000000e+03 6.149994019786100830e-02
3.650000000000000000e+03 6.181300286721588821e-02
3.660000000000000000e+03 6.215246637189833501e-02
3.670000000000000000e+03 6.251619628440749366e-02
3.680000000000000000e+03 6.290191295159330842e-02
3.690000000000000000e+03 6.330721462937721755e-02
3.700000000000000000e+03 6.372960623756213083e-02
3.710000000000000000e+03 6.416653146743528380e-02
3.720000000000000000e+03 6.461540482068726943e-02
3.730000000000000000e+03 6.507363948727659664e-02
3.740000000000000000e+03 6.553866708726394097e-02
3.750000000000000000e+03 6.600794639209214831e-02
3.760000000000000000e+03 6.647896006451980977e-02
3.770000000000000000e+03 6.694920074702449819e-02
3.780000000000000000e+03 6.741614993997098459e-02
3.790000000000000000e+03 6.787725459683489893e-02
3.800000000000000000e+03 6.832990690861115435e-02
3.810000000000000000e+03 6.877143226552230593e-02
3.820000000000000000e+03 6.919908909270963693e-02
3.830000000000000000e+03 6.961008256725827181e-02
3.840000000000000000e+03 7.000159243270817622e-02
3.850000000000000000e+03 7.037081345195567161e-02
3.860000000000000000e+03 7.071500564492727570e-02
3.870000000000000000e+03 7.103155032830860138e-02
3.880000000000000000e+03 7.131800705312077437e-02
3.890000000000000000e+03 7.157216593197657240e-02
3.900000000000000000e+03 7.179208983318834114e-02
3.910000000000000000e+03 7.197614175066598119e-02
3.920000000000000000e+03 7.212299443508644881e-02
3.930000000000000000e+03 7.223162192175790197e-02
3.940000000000000000e+03 7.230127548266004900e-02
3.950000000000000000e+03 7.233144918570168225e-02
3.960000000000000000e+03 7.232184208208798648e-02
3.970000000000000000e+03 7.227232462392341183e-02
3.980000000000000000e+03 7.218291601442142214e-02
3.990000000000000000e+03 7.205377692525583022e-02
4.000000000000000000e+03 7.188521886097824776e-02
4.010000000000000000e+03 7.167772808824393604e-02
4.020000000000000000e+03 7.143199916383591308e-02
4.030000000000000000e+03 7.114897128492334022e-02
4.040000000000000000e+03 7.082986026419849090e-02
4.050000000000000000e+03 7.047617985391717299e-02
4.060000000000000000e+03 7.008974808626501629e-02
4.070000000000000000e+03 6.967267675609192801e-02
4.080000000000000000e+03 6.922734463770464919e-02
4.090000000000000000e+03 6.875635706691729521e-02
4.100000000000000000e+03 6.826249583093178808e-02
4.110000000000000000e+03 6.774866380115211750e-02
4.120000000000000000e+03 6.721782850168384060e-02
4.130000000000000000e+03 6.667296802676218881e-02
4.140000000000000000e+03 6.611702167602008517e-02
4.150000000000000000e+03 6.555284668311808782e-02
4.160000000000000000e+03 6.498318173198329439e-02
4.170000000000000000e+03 6.441061768335687443e-02
4.180000000000000000e+03 6.383757602290875133e-02
4.190000000000000000e+03 6.326629582978331168e-02
4.200000000000000000e+03 6.269883031327685985e-02
4.210000000000000000e+03 6.213705389198569129e-02
4.220000000000000000e+03 6.158268018186292825e-02
4.230000000000000000e+03 6.103729016751068687e-02
4.240000000000000000e+03 6.050236850775762149e-02
4.250000000000000000e+03 5.997934463216190309e-02
4.260000000000000000e+03 5.946963427892856119e-02
4.270000000000000000e+03 5.897467659724561773e-02
4.280000000000000000e+03 5.849596202329948591e-02
4.290000000000000000e+03 5.803504688322840693e-02
4.300000000000000000e+03 5.759355200110122253e-02
4.310000000000000000e+03 5.717314437555835044e-02
4.320000000000000000e+03 5.677550308376977384e-02
4.330000000000000000e+03 5.640227277006910206e-02
4.340000000000000000e+03 5.605501008558579773e-02
4.350000000000000000e+03 5.573512988026761011e-02
4.360000000000000000e+03 5.544385844251699391e-02
4.370000000000000000e+03 5.518220040550109867e-02
4.380000000000000000e+03 5.495092405954751097e-02
4.390000000000000000e+03 5.475056696488354857e-02
4.400000000000000000e+03 5.458146048982777387e-02
4.410000000000000000e+03 5.444376885454910164e-02
4.420000000000000000e+03 5.433753603242762187e-02
4.430000000000000000e+03 5.426273286555900743e-02
4.440000000000000000e+03 5.421929714060562400e-02
4.450000000000000000e+03 5.420716100794190084e-02
4.460000000000000000e+03 5.422626261694283439e-02
4.470000000000000000e+03 5.427654165942008557e-02
4.480000000000000000e+03 5.435792118177337068e-02
4.490000000000000000e+03 5.447028016693669650e-02
4.500000000000000000e+03 5.461342268596315608e-02
4.510000000000000000e+03 5.478704967660204955e-02
4.520000000000000000e+03 5.499073859788602275e-02
4.530000000000000000e+03 5.522393446246248033e-02
4.540000000000000000e+03 5.548595332738000957e-02
4.550000000000000000e+03 5.577599667222059299e-02
4.560000000000000000e+03 5.609317273396880604e-02
4.570000000000000000e+03 5.643651931238263808e-02
4.580000000000000000e+03 5.680502221297446808e-02
4.590000000000000000e+03 5.719762451576849982e-02
4.600000000000000000e+03 5.761322407508260440e-02
4.610000000000000000e+03 5.805065956694997753e-02
4.620000000000000000e+03 5.850868831926099578e-02
4.630000000000000000e+03 5.898596138268277778e-02
4.640000000000000000e+03 5.948100227478786417e-02
4.650000000000000000e+03 5.999219528263102091e-02
4.660000000000000000e+03 6.051778716652154999e-02
4.670000000000000000e+03 6.105590306747077367e-02
4.680000000000000000e+03 6.160457415960498423e-02
4.690000000000000000e+03 6.216177190663017826e-02
4.700000000000000000e+03 6.272544244562221205e-02
4.710000000000000000e+03 6.329353501371613733e-02
4.720000000000000000e+03 6.386402026361695516e-02
4.730000000000000000e+03 6.443489721500028633e-02
4.740000000000000000e+03 6.500419070164936697e-02
4.750000000000000000e+03 6.556994360748800987e-02
4.760000000000000000e+03 6.613020926845741831e-02
4.770000000000000000e+03 6.668304897472719650e-02
4.780000000000000000e+03 6.722653778384884982e-02
4.790000000000000000e+03 6.775877941249357217e-02
4.800000000000000000e+03 6.827792846482476363e-02
4.810000000000000000e+03 6.878221638854577213e-02
4.820000000000000000e+03 6.926997685411628858e-02
4.830000000000000000e+03 6.973966674252636555e-02
4.840000000000000000e+03 7.018988024476201237e-02
4.850000000000000000e+03 7.061935525175311312e-02
4.860000000000000000e+03 7.102697278280524495e-02
4.870000000000000000e+03 7.141175128196797228e-02
4.880000000000000000e+03 7.177283811869798746e-02
4.890000000000000000e+03 7.210950059875463614e-02
4.900000000000000000e+03 7.242111825861792529e-02
4.910000000000000000e+03 7.270717735067329379e-02
4.920000000000000000e+03 7.296726739764058944e-02
4.930000000000000000e+03 7.320107869777195408e-02
4.940000000000000000e+03 7.340839893269790473e-02
4.950000000000000000e+03 7.358910675683606739e-02
4.960000000000000000e+03 7.374316063245678343e-02
4.970000000000000000e+03 7.387058229429069312e-02
4.980000000000000000e+03 7.397143582663730232e-02
4.990000000000000000e+03 7.404580498374445374e-02
5.000000000000000000e+03 7.409377266259693784e-02
5.010000000000000000e+03 7.411540695150772851e-02
5.020000000000000000e+03 7.411075766294691891e-02
5.030000000000000000e+03 7.407986585034129212e-02
5.040000000000000000e+03 7.402278687759185349e-02
5.050000000000000000e+03 7.393962541641364850e-02
5.060000000000000000e+03 7.383057861670319633e-02
5.070000000000000000e+03 7.369598210231086133e-02
5.080000000000000000e+03 7.353635264444002839e-02
5.090000000000000000e+03 7.335242139564158992e-02
5.100000000000000000e+03 7.314515249260013230e-02
5.110000000000000000e+03 7.291574363549807591e-02
5.120000000000000000e+03 7.266560773405937590e-02
5.130000000000000000e+03 7.239633749401164220e-02
5.140000000000000000e+03 7.210965742171879245e-02
5.150000000000000000e+03 7.180736967041115304e-02
5.160000000000000000e+03 7.149130102195688785e-02
5.170000000000000000e+03 7.116325788749715275e-02
5.180000000000000000e+03 7.082499459670754671e-02
5.190000000000000000e+03 7.047819778522963763e-02
5.200000000000000000e+03 7.012448686761421635e-02
5.210000000000000000e+03 6.976542793885794069e-02
5.220000000000000000e+03 6.940255643764517424e-02
5.230000000000000000e+03 6.903740275425729322e-02
5.240000000000000000e+03 6.867151478209736204e-02
5.250000000000000000e+03 6.830647219302050932e-02
5.260000000000000000e+03 6.794388874917330068e-02
5.270000000000000000e+03 6.758540100011622975e-02
5.280000000000000000e+03 6.723264398961741051e-02
5.290000000000000000e+03 6.688721671742306474e-02
5.300000000000000000e+03 6.655064170700203396e-02
5.310000000000000000e+03 6.622432387587953717e-02
5.320000000000000000e+03 6.590951388488416884e-02
5.330000000000000000e+03 6.560728034245603968e-02
5.340000000000000000e+03 6.531849391875395316e-02
5.350000000000000000e+03 6.504382490453078369e-02
5.360000000000000000e+03 6.478375425281368560e-02
5.370000000000000000e+03 6.453859684254076301e-02
5.380000000000000000e+03 6.430853462981200863e-02
5.390000000000000000e+03 6.409365643423726999e-02
5.400000000000000000e+03 6.389400037359177498e-02
5.410000000000000000e+03 6.370959449930074792e-02
5.420000000000000000e+03 6.354049113233024848e-02
5.430000000000000000e+03 6.338679089062593253e-02
5.440000000000000000e+03 6.324865351816634507e-02
5.450000000000000000e+03 6.312629436395278404e-02
5.460000000000000000e+03 6.301996756988206827e-02
5.470000000000000000e+03 6.292993932757971753e-02
5.480000000000000000e+03 6.285645643138230987e-02
5.490000000000000000e+03 6.279971628592592725e-02
5.500000000000000000e+03 6.275984417484067879e-02
5.510000000000000000e+03 6.273688197873066030e-02
5.520000000000000000e+03 6.273078992608965843e-02
5.530000000000000000e+03 6.274146001628072566e-02
5.540000000000000000e+03 6.276873726759443772e-02
5.550000000000000000e+03 6.281244354325815626e-02
5.560000000000000000e+03 6.287239874702088560e-02
5.570000000000000000e+03 6.294843545004669139e-02
5.580000000000000000e+03 6.304040506577507363e-02
5.590000000000000000e+03 6.314817585512141895e-02
5.600000000000000000e+03 6.327162461279678407e-02
5.610000000000000000e+03 6.341062453347447170e-02
5.620000000000000000e+03 6.356503145945187339e-02
5.630000000000000000e+03 6.373466970798860598e-02
5.640000000000000000e+03 6.391931747106699424e-02
5.650000000000000000e+03 6.411869088508002912e-02
5.660000000000000000e+03 6.433242559093162172e-02
5.670000000000000000e+03 6.456005510488813104e-02
5.680000000000000000e+03 6.480098649458364279e-02
5.690000000000000000e+03 6.505447537416189641e-02
5.700000000000000000e+03 6.531960362481005478e-02
5.710000000000000000e+03 6.559526399898493731e-02
5.720000000000000000e+03 6.588015554841016030e-02
5.730000000000000000e+03 6.617279247528072561e-02
5.740000000000000000e+03 6.647152676484349709e-02
5.750000000000000000e+03 6.677458231764558938e-02
5.760000000000000000e+03 6.708009596475016101e-02
5.770000000000000000e+03 6.738615947290743646e-02
5.780000000000000000e+03 6.769085678985617416e-02
5.790000000000000000e+03 6.799229227974504242e-02
5.800000000000000000e+03 6.828860818723156423e-02
5.810000000000000000e+03 6.857799236311980240e-02
5.820000000000000000e+03 6.885867957288123453e-02
5.830000000000000000e+03 6.912895085712576770e-02
5.840000000000000000e+03 6.938713520945494206e-02
5.850000000000000000e+03 6.963161643288276470e-02
5.860000000000000000e+03 6.986084588529295480e-02
5.870000000000000000e+03 7.007335962291096065e-02
5.880000000000000000e+03 7.026779689189438516e-02
5.890000000000000000e+03 7.044291642668716602e-02
5.900000000000000000e+03 7.059760765132620797e-02
5.910000000000000000e+03 7.073089536371339470e-02
5.920000000000000000e+03 7.084193825568534109e-02
5.930000000000000000e+03 7.093002307370775694e-02
5.940000000000000000e+03 7.099455695300110891e-02
5.950000000000000000e+03 7.103506039548242168e-02
5.960000000000000000e+03 7.105116276091000271e-02
5.970000000000000000e+03 7.104260142651362686e-02
5.980000000000000000e+03 7.100922525275273067e-02
5.990000000000000000e+03 7.095100268053809722e-02
6.000000000000000000e+03 7.086803448736131439e-02
6.010000000000000000e+03 7.076057072523304903e-02
6.020000000000000000e+03 7.062903047603376339e-02
6.030000000000000000e+03 7.047402182020806594e-02
6.040000000000000000e+03 7.029635817916700391e-02
6.050000000000000000e+03 7.009706649972599624e-02
6.060000000000000000e+03 6.987738303669173423e-02
6.070000000000000000e+03 6.963873388187977187e-02
6.080000000000000000e+03 6.938269967326321508e-02
6.090000000000000000e+03 6.911096661699556165e-02
6.100000000000000000e+03 6.882526844947231548e-02
6.110000000000000000e+03 6.852732573250264192e-02
6.120000000000000000e+03 6.821878943510538418e-02
6.130000000000000000e+03 6.790119503135626233e-02
6.140000000000000000e+03 6.757593153262211882e-02
6.150000000000000000e+03 6.724422731316939683e-02
6.160000000000000000e+03 6.690715190754972785e-02
6.170000000000000000e+03 6.656563079033495089e-02
6.180000000000000000e+03 6.622046892315511246e-02
6.190000000000000000e+03 6.587237867035376782e-02
6.200000000000000000e+03 6.552200837276642154e-02
6.210000000000000000e+03 6.516996908732893001e-02
6.220000000000000000e+03 6.481685829407969612e-02
6.230000000000000000e+03 6.446328038634403790e-02
6.240000000000000000e+03 6.410986436035819025e-02
6.250000000000000000e+03 6.375727933537261860e-02
6.260000000000000000e+03 6.340624845254111408e-02
6.270000000000000000e+03 6.305756140759570527e-02
6.280000000000000000e+03 6.271208542189891932e-02
6.290000000000000000e+03 6.237077388828748958e-02
6.300000000000000000e+03 6.203467128227018595e-02
6.310000000000000000e+03 6.170491233357972699e-02
6.320000000000000000e+03 6.138271317565340002e-02
6.330000000000000000e+03 6.106935252077717174e-02
6.340000000000000000e+03 6.076614200443803543e-02
6.350000000000000000e+03 6.047438666999999102e-02
6.360000000000000000e+03 6.019533883869331026e-02
6.370000000000000000e+03 5.993015073207518667e-02
6.380000000000000000e+03 5.967983248736144497e-02
6.390000000000000000e+03 5.944522199626327968e-02
6.400000000000000000e+03 5.922697101603952019e-02
6.410000000000000000e+03 5.902554861969196154e-02
6.420000000000000000e+03 5.884125908733572885e-02
6.430000000000000000e+03 5.867426795083254681e-02
6.440000000000000000e+03 5.852462831995369763e-02
6.450000000000000000e+03 5.839230054228790323e-02
6.460000000000000000e+03 5.827716134154041494e-02
6.470000000000000000e+03 5.817900320467706693e-02
6.480000000000000000e+03 5.809752930208118837e-02
6.490000000000000000e+03 5.803235195277420266e-02
6.500000000000000000e+03 5.798300249828784031e-02
6.510000000000000000e+03 5.794895723659059666e-02
6.520000000000000000e+03 5.792967867495821266e-02
6.530000000000000000e+03 5.792466548823019951e-02
6.540000000000000000e+03 5.793350019541217144e-02
6.550000000000000000e+03 5.795588224882969319e-02
6.560000000000000000e+03 5.799163655954085728e-02
6.570000000000000000e+03 5.804069290831068845e-02
6.580000000000000000e+03 5.810303869743280170e-02
6.590000000000000000e+03 5.817865406414220869e-02
6.600000000000000000e+03 5.826744267496483665e-02
6.610000000000000000e+03 5.836917248311498940e-02
6.620000000000000000e+03 5.848343828095894231e-02
6.630000000000000000e+03 5.860965286291868609e-02
6.640000000000000000e+03 5.874706747456397149e-02
6.650000000000000000e+03 5.889481651686384600e-02
6.660000000000000000e+03 5.905197734530622661e-02
6.670000000000000000e+03 5.921763409910186376e-02
6.680000000000000000e+03 5.939093487059886323e-02
6.690000000000000000e+03 5.957113366927135195e-02
6.700000000000000000e+03 5.975761183673306692e-02
6.710000000000000000e+03 5.994987715045024118e-02
6.720000000000000000e+03 6.014754221760758301e-02
6.730000000000000000e+03 6.035028652376070446e-02
6.740000000000000000e+03 6.055780849887607703e-02
6.750000000000000000e+03 6.076977501329434983e-02
6.760000000000000000e+03 6.098577566017811258e-02
6.770000000000000000e+03 6.120528793546475138e-02
6.780000000000000000e+03 6.142765715828452100e-02
6.790000000000000000e+03 6.165209212333803979e-02
6.800000000000000000e+03 6.187767450598979230e-02
6.810000000000000000e+03 6.210337787376504770e-02
6.820000000000000000e+03 6.232809128358549750e-02
6.830000000000000000e+03 6.255064293962095401e-02
6.840000000000000000e+03 6.276982091972202471e-02
6.850000000000000000e+03 6.298438989052253245e-02
6.860000000000000000e+03 6.319310441339062723e-02
6.870000000000000000e+03 6.339472033492089820e-02
6.880000000000000000e+03 6.358800587195422016e-02
6.890000000000000000e+03 6.377175361863181291e-02
6.900000000000000000e+03 6.394479414020601271e-02
6.910000000000000000e+03 6.410601131327586799e-02
6.920000000000000000e+03 6.425435918254208956e-02
6.930000000000000000e+03 6.438887977093854520e-02
6.940000000000000000e+03 6.450872094107282240e-02
6.950000000000000000e+03 6.461315309345795621e-02
6.960000000000000000e+03 6.470158328451273977e-02
6.970000000000000000e+03 6.477356534580498704e-02
6.980000000000000000e+03 6.482880485928166348e-02
6.990000000000000000e+03 6.486715836915796229e-02
7.000000000000000000e+03 6.488862687341526159e-02
7.010000000000000000e+03 6.489334429345328115e-02
7.020000000000000000e+03 6.488156216949120259e-02
7.030000000000000000e+03 6.485363223352842710e-02
7.040000000000000000e+03 6.480998875342450227e-02
7.050000000000000000e+03 6.475113258763177948e-02
7.060000000000000000e+03 6.467761868819310589e-02
7.070000000000000000e+03 6.459004828084884131e-02
7.080000000000000000e+03 6.448906614562345541e-02
7.090000000000000000e+03 6.437536240267383025e-02
7.100000000000000000e+03 6.424967717893263763e-02
7.110000000000000000e+03 6.411280578765421456e-02
7.120000000000000000e+03 6.396560182615455836e-02
7.130000000000000000e+03 6.380897595875009709e-02
7.140000000000000000e+03 6.364388902701410833e-02
7.150000000000000000e+03 6.347133932721082950e-02
7.160000000000000000e+03 6.329234508258604897e-02
7.170000000000000000e+03 6.310792407621246269e-02
7.180000000000000000e+03 6.291907292708459609e-02
7.190000000000000000e+03 6.272674849856496593e-02
7.200000000000000000e+03 6.253185356496208935e-02
7.210000000000000000e+03 6.233522807467636873e-02
7.220000000000000000e+03 6.213764624711612394e-02
7.230000000000000000e+03 6.193981862850055087e-02
7.240000000000000000e+03 6.174239728283592576e-02
7.250000000000000000e+03 6.154598176850405861e-02
7.260000000000000000e+03 6.135112365746026725e-02
7.270000000000000000e+03 6.115832815206067447e-02
7.280000000000000000e+03 6.096805269767384405e-02
7.290000000000000000e+03 6.078070399821521724e-02
7.300000000000000000e+03 6.059663602277631095e-02
7.310000000000000000e+03 6.041615200850994349e-02
7.320000000000000000e+03 6.023951289374560036e-02
7.330000000000000000e+03 6.006695313679635134e-02
7.340000000000000000e+03 5.989870287073399691e-02
7.350000000000000000e+03 5.973501340079641342e-02
7.360000000000000000e+03 5.957618178577690077e-02
7.370000000000000000e+03 5.942257005001663761e-02
7.380000000000000000e+03 5.927461548642921213e-02
7.390000000000000000e+03 5.913283024060842635e-02
7.400000000000000000e+03 5.899779035874820610e-02
7.410000000000000000e+03 5.887011618950425962e-02
7.420000000000000000e+03 5.875044706377362258e-02
7.430000000000000000e+03 5.863941341750643355e-02
7.440000000000000000e+03 5.853760916395281400e-02
7.450000000000000000e+03 5.844556653471770502e-02
7.460000000000000000e+03 5.836373512645035011e-02
7.470000000000000000e+03 5.829246663352731506e-02
7.480000000000000000e+03 5.823200661745710216e-02
7.490000000000000000e+03 5.818249443088687606e-02
7.500000000000000000e+03 5.814397184156901155e-02
7.510000000000000000e+03 5.811639990044445425e-02
7.520000000000000000e+03 5.809968226483629150e-02
7.530000000000000000e+03 5.809369175881611003e-02
7.540000000000000000e+03 5.809829589476048911e-02
7.550000000000000000e+03 5.811337681946988215e-02
7.560000000000000000e+03 5.813884183735960193e-02
7.570000000000000000e+03 5.817462227519235723e-02
7.580000000000000000e+03 5.822066068847657483e-02
7.590000000000000000e+03 5.827688872724785807e-02
7.600000000000000000e+03 5.834319977762120191e-02
7.610000000000000000e+03 5.841942141416867074e-02
7.620000000000000000e+03 5.850529252732708518e-02
7.630000000000000000e+03 5.860044880923656607e-02
7.640000000000000000e+03 5.870441862751022560e-02
7.650000000000000000e+03 5.881662962028093300e-02
7.660000000000000000e+03 5.893642496138215559e-02
7.670000000000000000e+03 5.906308736619522715e-02
7.680000000000000000e+03 5.919586850992237387e-02
7.690000000000000000e+03 5.933402142651890421e-02
7.700000000000000000e+03 5.947683343803629452e-02
7.710000000000000000e+03 5.962365710279167452e-02
7.720000000000000000e+03 5.977393658363110845e-02
7.730000000000000000e+03 5.992722689251786528e-02
7.740000000000000000e+03 6.008320386834608423e-02
7.750000000000000000e+03 6.024166360200212955e-02
7.760000000000000000e+03 6.040251131042029265e-02
7.770000000000000000e+03 6.056574116034885852e-02
7.780000000000000000e+03 6.073140987427244619e-02
7.790000000000000000e+03 6.089960773092387147e-02
7.800000000000000000e+03 6.107043057516572254e-02
7.810000000000000000e+03 6.124395567728224687e-02
7.820000000000000000e+03 6.142022298117696261e-02
7.830000000000000000e+03 6.159922187456828846e-02
7.840000000000000000e+03 6.178088253000870583e-02
7.850000000000000000e+03 6.196507036674931551e-02
7.860000000000000000e+03 6.215158230273468837e-02
7.870000000000000000e+03 6.234014401727099725e-02
7.880000000000000000e+03 6.253040810328593102e-02
7.890000000000000000e+03 6.272195343610569018e-02
7.900000000000000000e+03 6.291428611095935264e-02
7.910000000000000000e+03 6.310684185542592139e-02
7.920000000000000000e+03 6.329898913439233055e-02
7.930000000000000000e+03 6.349003162952002177e-02
7.940000000000000000e+03 6.367920876907487426e-02
7.950000000000000000e+03 6.386569372215872287e-02
7.960000000000000000e+03 6.404858966512859408e-02
7.970000000000000000e+03 6.422692677580715825e-02
7.980000000000000000e+03 6.439966368031560529e-02
7.990000000000000000e+03 6.456569734772384106e-02
8.000000000000000000e+03 6.472388433204796787e-02
8.010000000000000000e+03 6.487307386027493794e-02
8.020000000000000000e+03 6.501215012231398305e-02
8.030000000000000000e+03 6.514007817532686817e-02
8.040000000000000000e+03 6.525594612235922909e-02
8.050000000000000000e+03 6.535899636597818085e-02
8.060000000000000000e+03 6.544864093740988820e-02
8.070000000000000000e+03 6.552445961252058304e-02
8.080000000000000000e+03 6.558618363060178535e-02
8.090000000000000000e+03 6.563367101971777362e-02
8.100000000000000000e+03 6.566688080846551367e-02
8.110000000000000000e+03 6.568585247134488270e-02
8.120000000000000000e+03 6.569069418855505438e-02
8.130000000000000000e+03 6.568157988846742845e-02
8.140000000000000000e+03 6.565875176833056714e-02
8.150000000000000000e+03 6.562252304906561473e-02
8.160000000000000000e+03 6.557327571535355448e-02
8.170000000000000000e+03 6.551144989777397953e-02
8.180000000000000000e+03 6.543752469610106259e-02
8.190000000000000000e+03 6.535199354977618003e-02
8.200000000000000000e+03 6.525533965294592897e-02
8.210000000000000000e+03 6.514801763877141327e-02
8.220000000000000000e+03 6.503044662373373697e-02
8.230000000000000000e+03 6.490301711248104566e-02
8.240000000000000000e+03 6.476611101530946324e-02
8.250000000000000000e+03 6.462013101056185427e-02
8.260000000000000000e+03 6.446553342371588724e-02
8.270000000000000000e+03 6.430285807009122889e-02
8.280000000000000000e+03 6.413274909726582318e-02
8.290000000000000000e+03 6.395596252023583173e-02
8.300000000000000000e+03 6.377335848087392622e-02
8.310000000000000000e+03 6.358587888344381656e-02
8.320000000000000000e+03 6.339451364066299444e-02
8.330000000000000000e+03 6.320026099285294685e-02
8.340000000000000000e+03 6.300408883744063049e-02
8.350000000000000000e+03 6.280690428198439090e-02
8.360000000000000000e+03 6.260953727246826306e-02
8.370000000000000000e+03 6.241274100396737579e-02
8.380000000000000000e+03 6.221720736947121411e-02
8.390000000000000000e+03 6.202359114099628007e-02
8.400000000000000000e+03 6.183253349246858183e-02
8.410000000000000000e+03 6.164467509568774539e-02
8.420000000000000000e+03 6.146065210428178216e-02
8.430000000000000000e+03 6.128107423540677529e-02
8.440000000000000000e+03 6.110649090612368939e-02
8.450000000000000000e+03 6.093735660018272798e-02
8.460000000000000000e+03 6.077400829990325937e-02
8.470000000000000000e+03 6.061666536058482602e-02
8.480000000000000000e+03 6.046545547045332342e-02
8.490000000000000000e+03 6.032046229746097082e-02
8.500000000000000000e+03 6.018178366958683301e-02
8.510000000000000000e+03 6.004958552296846969e-02
8.520000000000000000e+03 5.992413783825181750e-02
8.530000000000000000e+03 5.980582391492218070e-02
8.540000000000000000e+03 5.969512185501907320e-02
8.550000000000000000e+03 5.959256432336081100e-02
8.560000000000000000e+03 5.949868746758545796e-02
8.570000000000000000e+03 5.941398128324565375e-02
8.580000000000000000e+03 5.933885153596666490e-02
8.590000000000000000e+03 5.927359898221206541e-02
8.600000000000000000e+03 5.921841678793791919e-02
8.610000000000000000e+03 5.917340328347898970e-02
8.620000000000000000e+03 5.913858531733152957e-02
8.630000000000000000e+03 5.911394713898180525e-02
8.640000000000000000e+03 5.909946080467548546e-02
8.650000000000000000e+03 5.909511508725122375e-02
8.660000000000000000e+03 5.910094041733485876e-02
8.670000000000000000e+03 5.911702744943252846e-02
8.680000000000000000e+03 5.914353672349078467e-02
8.690000000000000000e+03 5.918069695288830090e-02
8.700000000000000000e+03 5.922879027464836299e-02
8.710000000000000000e+03 5.928812453600348226e-02
8.720000000000000000e+03 5.935899492183365628e-02
8.730000000000000000e+03 5.944163960239057937e-02
8.740000000000000000e+03 5.953619579871941014e-02
8.750000000000000000e+03 5.964266323292000821e-02
8.760000000000000000e+03 5.976088106614791534e-02
8.770000000000000000e+03 5.989052155973696723e-02
8.780000000000000000e+03 6.003110136422495219e-02
8.790000000000000000e+03 6.018200774403759806e-02
8.800000000000000000e+03 6.034253439321127233e-02
8.810000000000000000e+03 6.051192030377739589e-02
8.820000000000000000e+03 6.068938523405279645e-02
8.830000000000000000e+03 6.087415660667058748e-02
8.840000000000000000e+03 6.106548522309658555e-02
8.850000000000000000e+03 6.126264990141981615e-02
8.860000000000000000e+03 6.146495356644440800e-02
8.870000000000000000e+03 6.167171489486018149e-02
8.880000000000000000e+03 6.188225957729083515e-02
8.890000000000000000e+03 6.209591396229643956e-02
8.900000000000000000e+03 6.231200194689334726e-02
8.910000000000000000e+03 6.252984388693458295e-02
8.920000000000000000e+03 6.274875502015558881e-02
8.930000000000000000e+03 6.296804083199904201e-02
8.940000000000000000e+03 6.318698791324416086e-02
8.950000000000000000e+03 6.340485083332576821e-02
8.960000000000000000e+03 6.362083739965200546e-02
8.970000000000000000e+03 6.383409568331843698e-02
8.980000000000000000e+03 6.404370610877074821e-02
8.990000000000000000e+03 6.424868089541189986e-02
9.000000000000000000e+03 6.444797167479385247e-02
9.010000000000000000e+03 6.464048463090313335e-02
9.020000000000000000e+03 6.482510145831270332e-02
9.030000000000000000e+03 6.500070388921341813e-02
9.040000000000000000e+03 6.516619929514892717e-02
9.050000000000000000e+03 6.532054471390835726e-02
9.060000000000000000e+03 6.546276655737875982e-02
9.070000000000000000e+03 6.559197340655208153e-02
9.080000000000000000e+03 6.570735994405105251e-02
9.090000000000000000e+03 6.580820135745524269e-02
9.100000000000000000e+03 6.589383936720821788e-02
9.110000000000000000e+03 6.596366305902759408e-02
9.120000000000000000e+03 6.601708948221328421e-02
9.130000000000000000e+03 6.605354998768692143e-02
9.140000000000000000e+03 6.607248803965033723e-02
9.150000000000000000e+03 6.607337253090829476e-02
9.160000000000000000e+03 6.605572763807031345e-02
9.170000000000000000e+03 6.601917640637522400e-02
9.180000000000000000e+03 6.596349148804073192e-02
9.190000000000000000e+03 6.588864386101440929e-02
9.200000000000000000e+03 6.579483976608305196e-02
9.210000000000000000e+03 6.568253794571128623e-02
9.220000000000000000e+03 6.555244328327654302e-02
9.230000000000000000e+03 6.540547810669092299e-02
9.240000000000000000e+03 6.524273734301959393e-02
9.250000000000000000e+03 6.506543695929159488e-02
9.260000000000000000e+03 6.487486576467094146e-02
9.270000000000000000e+03 6.467234853305338371e-02
9.280000000000000000e+03 6.445922425869522743e-02
9.290000000000000000e+03 6.423683873214790230e-02
9.300000000000000000e+03 6.400654712949380154e-02
9.310000000000000000e+03 6.376972093046164025e-02
9.320000000000000000e+03 6.352775421847420279e-02
9.330000000000000000e+03 6.328206656026780230e-02
9.340000000000000000e+03 6.303410228375481983e-02
9.350000000000000000e+03 6.278532802545795655e-02
9.360000000000000000e+03 6.253723108239084283e-02
9.370000000000000000e+03 6.229132018238955210e-02
9.380000000000000000e+03 6.204912835428011419e-02
9.390000000000000000e+03 6.181221553798857404e-02
9.400000000000000000e+03 6.158216734484960736e-02
9.410000000000000000e+03 6.136058653456998024e-02
9.420000000000000000e+03 6.114907521724113892e-02
9.430000000000000000e+03 6.094920798508834253e-02
9.440000000000000000e+03 6.076249838113394891e-02
9.450000000000000000e+03 6.059036263952909812e-02
9.460000000000000000e+03 6.043408515128042419e-02
9.470000000000000000e+03 6.029478968039912734e-02
9.480000000000000000e+03 6.017341934645079743e-02
9.490000000000000000e+03 6.007072735412552489e-02
9.500000000000000000e+03 5.998727956812719558e-02
9.510000000000000000e+03 5.992346923701064726e-02
9.520000000000000000e+03 5.987954315471242378e-02
9.530000000000000000e+03 5.985563716541853624e-02
9.540000000000000000e+03 5.985181728226440095e-02
9.550000000000000000e+03 5.986812110522456848e-02
9.560000000000000000e+03 5.990459312477056097e-02
9.570000000000000000e+03 5.996130730732031344e-02
9.580000000000000000e+03 6.003837140310892828e-02
9.590000000000000000e+03 6.013590991762189641e-02
9.600000000000000000e+03 6.025402627099965547e-02
9.610000000000000000e+03 6.039274872597582416e-02
9.620000000000000000e+03 6.055196866550719564e-02
9.630000000000000000e+03 6.073138258571109116e-02
9.640000000000000000e+03 6.093044981782854558e-02
9.650000000000000000e+03 6.114837582151894796e-02
9.660000000000000000e+03 6.138412596183372844e-02
9.670000000000000000e+03 6.163646809572280449e-02
9.680000000000000000e+03 6.190403567798226370e-02
9.690000000000000000e+03 6.218539829971737182e-02
9.700000000000000000e+03 6.247912503776115872e-02
9.710000000000000000e+03 6.278382822535050201e-02
9.720000000000000000e+03 6.309818035308267792e-02
9.730000000000000000e+03 6.342090351428711359e-02
9.740000000000000000e+03 6.375073751558664459e-02
9.750000000000000000e+03 6.408639721539188816e-02
9.760000000000000000e+03 6.442653120726768434e-02
9.770000000000000000e+03 6.476969241613168837e-02
9.780000000000000000e+03 6.511432731029530296e-02
9.790000000000000000e+03 6.545878549761598164e-02
9.800000000000000000e+03 6.580134596200606922e-02
9.810000000000000000e+03 6.614025338570844736e-02
9.820000000000000000e+03 6.647375628186459606e-02
9.830000000000000000e+03 6.680013920613470102e-02
9.840000000000000000e+03 6.711774380569945908e-02
9.850000000000000000e+03 6.742497654488560643e-02
9.860000000000000000e+03 6.772030420300212405e-02
9.870000000000000000e+03 6.800224125105872042e-02
9.880000000000000000e+03 6.826933465079637608e-02
9.890000000000000000e+03 6.852015185465926139e-02
9.900000000000000000e+03 6.875327662170578613e-02
9.910000000000000000e+03 6.896731482164587812e-02
9.920000000000000000e+03 6.916090948427713880e-02
9.930000000000000000e+03 6.933276138840303859e-02
9.940000000000000000e+03 6.948164944031239021e-02
9.950000000000000000e+03 6.960644479776877114e-02
9.960000000000000000e+03 6.970611431648551792e-02
9.970000000000000000e+03 6.977971184785516923e-02
9.980000000000000000e+03 6.982635966448119680e-02
9.990000000000000000e+03 6.984522556485597833e-02
1.000000000000000000e+04 6.983550307223099218e-02
1.001000000000000000e+04 6.979640231991766919e-02
1.002000000000000000e+04 6.972715749811343733e-02
1.003000000000000000e+04 6.962705371480597261e-02
1.004000000000000000e+04 6.949547241403929154e-02
1.005000000000000000e+04 6.933195083970061789e-02
1.006000000000000000e+04 6.913624824144554148e-02
1.007000000000000000e+04 6.890840998482217206e-02
1.008000000000000000e+04 6.864882056045973346e-02
1.009000000000000000e+04 6.835823816288952304e-02
1.010000000000000000e+04 6.803780522859512181e-02
1.011000000000000000e+04 6.768903220202304727e-02
1.012000000000000000e+04 6.731375492786732806e-02
1.013000000000000000e+04 6.691406872802854733e-02
1.014000000000000000e+04 6.649224493442773554e-02
1.015000000000000000e+04 6.605063809357612781e-02
1.016000000000000000e+04 6.559159395391880865e-02
1.017000000000000000e+04 6.511736925350582184e-02
1.018000000000000000e+04 6.463007373617821183e-02
1.019000000000000000e+04 6.413164219709614755e-02
1.020000000000000000e+04 6.362383984465082298e-02
1.021000000000000000e+04 6.310829849604215891e-02
1.022000000000000000e+04 6.258657505628061057e-02
1.023000000000000000e+04 6.206021903854751914e-02
1.024000000000000000e+04 6.153083385041512032e-02
1.025000000000000000e+04 6.100011793723248560e-02
1.026000000000000000e+04 6.046987663802079471e-02
1.027000000000000000e+04 5.994200248858589514e-02
1.028000000000000000e+04 5.941842899326164884e-02
1.029000000000000000e+04 5.890106889002422186e-02
1.030000000000000000e+04 5.839175119773480638e-02
1.031000000000000000e+04 5.789217132480180966e-02
1.032000000000000000e+04 5.740386554761303661e-02
1.033000000000000000e+04 5.692821592308251744e-02
1.034000000000000000e+04 5.646648528309913817e-02
1.035000000000000000e+04 5.601987559896877411e-02
1.036000000000000000e+04 5.558959798743123154e-02
1.037000000000000000e+04 5.517693996175609961e-02
1.038000000000000000e+04 5.478331595347056548e-02
1.039000000000000000e+04 5.441029061476154033e-02
1.040000000000000000e+04 5.405957009300636773e-02
1.041000000000000000e+04 5.373296309571945484e-02
1.042000000000000000e+04 5.343231949823672861e-02
1.043000000000000000e+04 5.315945782841224182e-02
1.044000000000000000e+04 5.291609385654895414e-02
1.045000000000000000e+04 5.270378090990175679e-02
1.046000000000000000e+04 5.252386918797240234e-02
1.047000000000000000e+04 5.237748724504517200e-02
1.048000000000000000e+04 5.226554499527016201e-02
1.049000000000000000e+04 5.218875453537027281e-02
1.050000000000000000e+04 5.214766316279979136e-02
1.051000000000000000e+04 5.214269218212960744e-02
1.052000000000000000e+04 5.217417504258861638e-02
1.053000000000000000e+04 5.224238893303975034e-02
1.054000000000000000e+04 5.234757536889160512e-02
1.055000000000000000e+04 5.248994706258015841e-02
1.056000000000000000e+04 5.266968022176295172e-02
1.057000000000000000e+04 5.288689356666437247e-02
1.058000000000000000e+04 5.314161746980308049e-02
1.059000000000000000e+04 5.343375761724035444e-02
1.060000000000000000e+04 5.376305838963141986e-02
1.061000000000000000e+04 5.412907155341376009e-02
1.062000000000000000e+04 5.453113451651720595e-02
1.063000000000000000e+04 5.496836050163965426e-02
1.064000000000000000e+04 5.543964076442871314e-02
1.065000000000000000e+04 5.594365644683774175e-02
1.066000000000000000e+04 5.647889530743255976e-02
1.067000000000000000e+04 5.704366867957666454e-02
1.068000000000000000e+04 5.763612420083780163e-02
1.069000000000000000e+04 5.825425093906053814e-02
1.070000000000000000e+04 5.889587517648250947e-02
1.071000000000000000e+04 5.955864704157898953e-02
1.072000000000000000e+04 6.024001894188937140e-02
1.073000000000000000e+04 6.093721859543515390e-02
1.074000000000000000e+04 6.164722148400347129e-02
1.075000000000000000e+04 6.236672913336264307e-02
1.076000000000000000e+04 6.309216091013251926e-02
1.077000000000000000e+04 6.381966655960846779e-02
1.078000000000000000e+04 6.454516442469340753e-02
1.079000000000000000e+04 6.526440620375446866e-02
1.080000000000000000e+04 6.597306382083030496e-02
1.081000000000000000e+04 6.666682904213959426e-02
1.082000000000000000e+04 6.734151312381327081e-02
1.083000000000000000e+04 6.799313357598046892e-02
1.084000000000000000e+04 6.861797789113935342e-02
1.085000000000000000e+04 6.921263889567474958e-02
1.086000000000000000e+04 6.977402235320984136e-02
1.087000000000000000e+04 7.029933314743934403e-02
1.088000000000000000e+04 7.078604975914169761e-02
1.089000000000000000e+04 7.123189802361022671e-02
1.090000000000000000e+04 7.163483396228458033e-02
1.091000000000000000e+04 7.199304169407627629e-02
1.092000000000000000e+04 7.230494762894691674e-02
1.093000000000000000e+04 7.256924733713866760e-02
1.094000000000000000e+04 7.278493749665496115e-02
1.095000000000000000e+04 7.295134400650908624e-02
1.096000000000000000e+04 7.306813843838617928e-02
1.097000000000000000e+04 7.313533792173272652e-02
1.098000000000000000e+04 7.315328804033663368e-02
1.099000000000000000e+04 7.312263295259949225e-02
1.100000000000000000e+04 7.304427913941088923e-02
1.101000000000000000e+04 7.291936041425391146e-02
1.102000000000000000e+04 7.274921092191544147e-02
1.103000000000000000e+04 7.253534963444255301e-02
1.104000000000000000e+04 7.227947639440272798e-02
1.105000000000000000e+04 7.198347663001362917e-02
1.106000000000000000e+04 7.164943066596206334e-02
1.107000000000000000e+04 7.127962208517757414e-02
1.108000000000000000e+04 7.087653995220341563e-02
1.109000000000000000e+04 7.044287193984670459e-02
1.110000000000000000e+04 6.998148648555424511e-02
1.111000000000000000e+04 6.949540368601662965e-02
1.112000000000000000e+04 6.898775690785241554e-02
1.113000000000000000e+04 6.846174810523805720e-02
1.114000000000000000e+04 6.792060021331415565e-02
1.115000000000000000e+04 6.736751199198953710e-02
1.116000000000000000e+04 6.680562025430346329e-02
1.117000000000000000e+04 6.623797327621440412e-02
1.118000000000000000e+04 6.566751791140731931e-02
1.119000000000000000e+04 6.509709975669408788e-02
1.120000000000000000e+04 6.452947177699974723e-02
1.121000000000000000e+04 6.396730535488663605e-02
1.122000000000000000e+04 6.341319632438113807e-02
1.123000000000000000e+04 6.286965966364904679e-02
1.124000000000000000e+04 6.233911010592371738e-02
1.125000000000000000e+04 6.182383024566142499e-02
1.126000000000000000e+04 6.132593249462910123e-02
1.127000000000000000e+04 6.084732454898566373e-02
1.128000000000000000e+04 6.038968811832248762e-02
1.129000000000000000e+04 5.995447762790698937e-02
1.130000000000000000e+04 5.954294025980697014e-02
1.131000000000000000e+04 5.915615284409277141e-02
1.132000000000000000e+04 5.879506548492278301e-02
1.133000000000000000e+04 5.846054026702809242e-02
1.134000000000000000e+04 5.815337507376617393e-02
1.135000000000000000e+04 5.787430675065351193e-02
1.136000000000000000e+04 5.762399376633141335e-02
1.137000000000000000e+04 5.740298431188958772e-02
1.138000000000000000e+04 5.721167841362170131e-02
1.139000000000000000e+04 5.705029362007029564e-02
1.140000000000000000e+04 5.691884118364751860e-02
1.141000000000000000e+04 5.681711534861565160e-02
1.142000000000000000e+04 5.674469461876339299e-02
1.143000000000000000e+04 5.670095171537264250e-02
1.144000000000000000e+04 5.668506841739258395e-02
1.145000000000000000e+04 5.669605369153019048e-02
1.146000000000000000e+04 5.673276532232860575e-02
1.147000000000000000e+04 5.679393739161851806e-02
1.148000000000000000e+04 5.687821615806099712e-02
1.149000000000000000e+04 5.698420481177755154e-02
1.150000000000000000e+04 5.711051464670059002e-02
1.151000000000000000e+04 5.725581622509295227e-02
1.152000000000000000e+04 5.741888176522492310e-02
1.153000000000000000e+04 5.759861019758005102e-02
1.154000000000000000e+04 5.779402906842548426e-02
1.155000000000000000e+04 5.800427204923348096e-02
1.156000000000000000e+04 5.822853545271424597e-02
1.157000000000000000e+04 5.846602074238721469e-02
1.158000000000000000e+04 5.871587166977515482e-02
1.159000000000000000e+04 5.897711430749334044e-02
1.160000000000000000e+04 5.924860677326856950e-02
1.161000000000000000e+04 5.952900318213300707e-02
1.162000000000000000e+04 5.981673434942384737e-02
1.163000000000000000e+04 6.011000640276494000e-02
1.164000000000000000e+04 6.040681736630598708e-02
1.165000000000000000e+04 6.070499044939665217e-02
1.166000000000000000e+04 6.100222262724067784e-02
1.167000000000000000e+04 6.129614581935371315e-02
1.168000000000000000e+04 6.158439667557044639e-02
1.169000000000000000e+04 6.186469047809457777e-02
1.170000000000000000e+04 6.213489397998651215e-02
1.171000000000000000e+04 6.239309199745547013e-02
1.172000000000000000e+04 6.263764338113886332e-02
1.173000000000000000e+04 6.286722274988114367e-02
1.174000000000000000e+04 6.308084574476072182e-02
1.175000000000000000e+04 6.327787680563322359e-02
1.176000000000000000e+04 6.345801930483868647e-02
1.177000000000000000e+04 6.362128847119284669e-02
1.178000000000000000e+04 6.376796760885970750e-02
1.179000000000000000e+04 6.389854860873336873e-02
1.180000000000000000e+04 6.401365913205536717e-02
1.181000000000000000e+04 6.411398104959445399e-02
1.182000000000000000e+04 6.420016758133985368e-02
1.183000000000000000e+04 6.427276885179677990e-02
1.184000000000000000e+04 6.433217612616826120e-02
1.185000000000000000e+04 6.437859317473963727e-02
1.186000000000000000e+04 6.441203876850117027e-02
1.187000000000000000e+04 6.443237852225051909e-02
1.188000000000000000e+04 6.443937879255587364e-02
1.189000000000000000e+04 6.443277157798826815e-02
1.190000000000000000e+04 6.441231895083046610e-02
1.191000000000000000e+04 6.437786816900011033e-02
1.192000000000000000e+04 6.432939308869271844e-02
1.193000000000000000e+04 6.426702206080302238e-02
1.194000000000000000e+04 6.419105544028967658e-02
1.195000000000000000e+04 6.410197664253119987e-02
1.196000000000000000e+04 6.400045938659616740e-02
1.197000000000000000e+04 6.388737126534999033e-02
1.198000000000000000e+04 6.376377125792119516e-02
1.199000000000000000e+04 6.363089747282967001e-02
1.200000000000000000e+04 6.349014197095020906e-02
1.201000000000000000e+04 6.334301105059327031e-02
1.202000000000000000e+04 6.319107202648442667e-02
1.203000000000000000e+04 6.303589016583985294e-02
1.204000000000000000e+04 6.287896148403553098e-02
1.205000000000000000e+04 6.272164794959769751e-02
1.206000000000000000e+04 6.256512104114959893e-02
1.207000000000000000e+04 6.241031841140799036e-02
1.208000000000000000e+04 6.225791711363719283e-02
1.209000000000000000e+04 6.210832602392472868e-02
1.210000000000000000e+04 6.196169965971078109e-02
1.211000000000000000e+04 6.181797518354393423e-02
1.212000000000000000e+04 6.167693331860202993e-02
1.213000000000000000e+04 6.153828129796510421e-02
1.214000000000000000e+04 6.140175175971566979e-02
1.215000000000000000e+04 6.126720643090327600e-02
1.216000000000000000e+04 6.113472920090786550e-02
1.217000000000000000e+04 6.100469157137793780e-02
1.218000000000000000e+04 6.087777571823805439e-02
1.219000000000000000e+04 6.075494684321360722e-02
1.220000000000000000e+04 6.063737588463196521e-02
1.221000000000000000e+04 6.052632382906186770e-02
1.222000000000000000e+04 6.042300717088615325e-02
1.223000000000000000e+04 6.032846819384617143e-02
1.224000000000000000e+04 6.024347257366780700e-02
1.225000000000000000e+04 6.016845068535837254e-02
1.226000000000000000e+04 6.010348958271701653e-02
1.227000000000000000e+04 6.004837218376044700e-02
1.228000000000000000e+04 6.000265183768071359e-02
1.229000000000000000e+04 5.996574575256304052e-02
1.230000000000000000e+04 5.993703015311255267e-02
1.231000000000000000e+04 5.991592313921969420e-02
1.232000000000000000e+04 5.990194629311960256e-02
1.233000000000000000e+04 5.989476128249495573e-02
1.234000000000000000e+04 5.989418199908256440e-02
1.235000000000000000e+04 5.990016550396089906e-02
1.236000000000000000e+04 5.991278637729219314e-02
1.237000000000000000e+04 5.993219941517792526e-02
1.238000000000000000e+04 5.995859549069523786e-02
1.239000000000000000e+04 5.999215512979702569e-02
1.240000000000000000e+04 6.003300392160627885e-02
1.241000000000000000e+04 6.008117324877399607e-02
1.242000000000000000e+04 6.013656905762596039e-02
1.243000000000000000e+04 6.019895034474350565e-02
1.244000000000000000e+04 6.026791772442251921e-02
1.245000000000000000e+04 6.034291174119519457e-02
1.246000000000000000e+04 6.042321965048621374e-02
1.247000000000000000e+04 6.050798862144460971e-02
1.248000000000000000e+04 6.059624293019260505e-02
1.249000000000000000e+04 6.068690249123487312e-02
1.250000000000000000e+04 6.077880045821017208e-02
1.251000000000000000e+04 6.087069863926782010e-02
1.252000000000000000e+04 6.096130073653725778e-02
1.253000000000000000e+04 6.104926458737975487e-02
1.254000000000000000e+04 6.113321518728766224e-02
1.255000000000000000e+04 6.121176008681161740e-02
1.256000000000000000e+04 6.128350779870649079e-02
1.257000000000000000e+04 6.134708859533092445e-02
1.258000000000000000e+04 6.140117621362447403e-02
1.259000000000000000e+04 6.144450891098154205e-02
1.260000000000000000e+04 6.147590864510765057e-02
1.261000000000000000e+04 6.149429802201541312e-02
1.262000000000000000e+04 6.149871537024630824e-02
1.263000000000000000e+04 6.148832821117002773e-02
1.264000000000000000e+04 6.146244482925433683e-02
1.265000000000000000e+04 6.142052291734196451e-02
1.266000000000000000e+04 6.136217390028397140e-02
1.267000000000000000e+04 6.128716197139579686e-02
1.268000000000000000e+04 6.119539788092530352e-02
1.269000000000000000e+04 6.108692872914555511e-02
1.270000000000000000e+04 6.096192604587806485e-02
1.271000000000000000e+04 6.082067483679689385e-02
1.272000000000000000e+04 6.066356588625656382e-02
1.273000000000000000e+04 6.049109275120031354e-02
1.274000000000000000e+04 6.030385423610084422e-02
1.275000000000000000e+04 6.010256287990315555e-02
1.276000000000000000e+04 5.988805985755902422e-02
1.277000000000000000e+04 5.966133620076834176e-02
1.278000000000000000e+04 5.942355883863148502e-02
1.279000000000000000e+04 5.917609773796178585e-02
1.280000000000000000e+04 5.892054800172048107e-02
1.281000000000000000e+04 5.865873904298337521e-02
1.282000000000000000e+04 5.839272292334627551e-02
1.283000000000000000e+04 5.812473629691183169e-02
1.284000000000000000e+04 5.785713493635808585e-02
1.285000000000000000e+04 5.759230559219614271e-02
1.286000000000000000e+04 5.733256549679115188e-02
1.287000000000000000e+04 5.708006373853647536e-02
1.288000000000000000e+04 5.683669983314378754e-02
1.289000000000000000e+04 5.660407260060349582e-02
1.290000000000000000e+04 5.638346732132944183e-02
1.291000000000000000e+04 5.617588214857077017e-02
1.292000000000000000e+04 5.598208734269542047e-02
1.293000000000000000e+04 5.580270450063287702e-02
1.294000000000000000e+04 5.563828908045710675e-02
1.295000000000000000e+04 5.548939923225791604e-02
1.296000000000000000e+04 5.535663749056631694e-02
1.297000000000000000e+04 5.524065844645669604e-02
1.298000000000000000e+04 5.514214343706069776e-02
1.299000000000000000e+04 5.506175091126615240e-02
1.300000000000000000e+04 5.500005623927064352e-02
1.301000000000000000e+04 5.495749636921599957e-02
1.302000000000000000e+04 5.493433280592933954e-02
1.303000000000000000e+04 5.493064144637040125e-02
1.304000000000000000e+04 5.494633129559779727e-02
1.305000000000000000e+04 5.498118737999804773e-02
1.306000000000000000e+04 5.503492768766835713e-02
1.307000000000000000e+04 5.510726093630428923e-02
1.308000000000000000e+04 5.519793198425122088e-02
1.309000000000000000e+04 5.530674466258567179e-02
1.310000000000000000e+04 5.543355698595826136e-02
1.311000000000000000e+04 5.557824989556316153e-02
1.312000000000000000e+04 5.574067639503598598e-02
1.313000000000000000e+04 5.592060194782745575e-02
1.314000000000000000e+04 5.611764860535868593e-02
1.315000000000000000e+04 5.633125401312065461e-02
1.316000000000000000e+04 5.656065282707167102e-02
1.317000000000000000e+04 5.680488336671106475e-02
1.318000000000000000e+04 5.706281734377903481e-02
1.319000000000000000e+04 5.733320633988912146e-02
1.320000000000000000e+04 5.761473585054471824e-02
1.321000000000000000e+04 5.790607749168776713e-02
1.322000000000000000e+04 5.820593130044918184e-02
1.323000000000000000e+04 5.851305186400888869e-02
1.324000000000000000e+04 5.882625585684836400e-02
1.325000000000000000e+04 5.914441183473553854e-02
1.326000000000000000e+04 5.946641610143366119e-02
1.327000000000000000e+04 5.979116076115604389e-02
1.328000000000000000e+04 6.011750102625558478e-02
1.329000000000000000e+04 6.044422937348222641e-02
1.330000000000000000e+04 6.077006256091026931e-02
1.331000000000000000e+04 6.109364472974740390e-02
1.332000000000000000e+04 6.141356639726771455e-02
1.333000000000000000e+04 6.172839562861173052e-02
1.334000000000000000e+04 6.203671468616323709e-02
1.335000000000000000e+04 6.233715372714917352e-02
1.336000000000000000e+04 6.262841483670480991e-02
1.337000000000000000e+04 6.290928161897077486e-02
1.338000000000000000e+04 6.317861276651916269e-02
1.339000000000000000e+04 6.343532142222985115e-02
1.340000000000000000e+04 6.367834482778607363e-02
1.341000000000000000e+04 6.390661041859546643e-02
1.342000000000000000e+04 6.411900502790925105e-02
1.343000000000000000e+04 6.431435353503202335e-02
1.344000000000000000e+04 6.449141206788741587e-02
1.345000000000000000e+04 6.464887853755524327e-02
1.346000000000000000e+04 6.478542058761802003e-02
1.347000000000000000e+04 6.489971810524768070e-02
1.348000000000000000e+04 6.499051432330668621e-02
1.349000000000000000e+04 6.505666953631289440e-02
1.350000000000000000e+04 6.509721128816227387e-02
1.351000000000000000e+04 6.511137667941586937e-02
1.352000000000000000e+04 6.509864488211059008e-02
1.353000000000000000e+04 6.505875958221107869e-02
1.354000000000000000e+04 6.499174172759639156e-02
1.355000000000000000e+04 6.489789252402027031e-02
1.356000000000000000e+04 6.477778560700862831e-02
1.357000000000000000e+04 6.463224704562109402e-02
1.358000000000000000e+04 6.446232231144828628e-02
1.359000000000000000e+04 6.426923148287444487e-02
1.360000000000000000e+04 6.405431697899910404e-02
1.361000000000000000e+04 6.381899031739098060e-02
1.362000000000000000e+04 6.356468556576735929e-02
1.363000000000000000e+04 6.329282605015562613e-02
1.364000000000000000e+04 6.300480831430818607e-02
1.365000000000000000e+04 6.270200351384894177e-02
1.366000000000000000e+04 6.238577242010867607e-02
1.367000000000000000e+04 6.205748770515990415e-02
1.368000000000000000e+04 6.171855668352206614e-02
1.369000000000000000e+04 6.137043909240222361e-02
1.370000000000000000e+04 6.101465753713718881e-02
1.371000000000000000e+04 6.065280168767626240e-02
1.372000000000000000e+04 6.028652987146410069e-02
1.373000000000000000e+04 5.991757227484882653e-02
1.374000000000000000e+04 5.954773843739184780e-02
1.375000000000000000e+04 5.917892894573797968e-02
1.376000000000000000e+04 5.881314794523669759e-02
1.377000000000000000e+04 5.845251052477816456e-02
1.378000000000000000e+04 5.809923824463994468e-02
1.379000000000000000e+04 5.775563721428050856e-02
1.380000000000000000e+04 5.742405575039986193e-02
1.381000000000000000e+04 5.710682207195053040e-02
1.382000000000000000e+04 5.680616584321378920e-02
1.383000000000000000e+04 5.652413025278594377e-02
1.384000000000000000e+04 5.626248343816084990e-02
1.385000000000000000e+04 5.602263894740287797e-02
1.386000000000000000e+04 5.580559448422468122e-02
1.387000000000000000e+04 5.561189676033436585e-02
1.388000000000000000e+04 5.544163800499075229e-02
1.389000000000000000e+04 5.529448646020980462e-02
1.390000000000000000e+04 5.516974916962639336e-02
1.391000000000000000e+04 5.506646102814730798e-02
1.392000000000000000e+04 5.498349049446344533e-02
1.393000000000000000e+04 5.491965033457460454e-02
1.394000000000000000e+04 5.487380144502802121e-02
1.395000000000000000e+04 5.484493914433853645e-02
1.396000000000000000e+04 5.483225393696748717e-02
1.397000000000000000e+04 5.483516223974237158e-02
1.398000000000000000e+04 5.485330647596038667e-02
1.399000000000000000e+04 5.488652775044507159e-02
1.400000000000000000e+04 5.493481731680841668e-02
1.401000000000000000e+04 5.499825503004212440e-02
1.402000000000000000e+04 5.507694341095809021e-02
1.403000000000000000e+04 5.517094508503112005e-02
1.404000000000000000e+04 5.528022991183390716e-02
1.405000000000000000e+04 5.540463609053756372e-02
1.406000000000000000e+04 5.554384729219147970e-02
1.407000000000000000e+04 5.569738578075813379e-02
1.408000000000000000e+04 5.586461949623614670e-02
1.409000000000000000e+04 5.604477914201205085e-02
1.410000000000000000e+04 5.623698007052263526e-02
1.411000000000000000e+04 5.644024335643115647e-02
1.412000000000000000e+04 5.665351106522428792e-02
1.413000000000000000e+04 5.687565274905088952e-02
1.414000000000000000e+04 5.710546315868999384e-02
1.415000000000000000e+04 5.734165415101722535e-02
1.416000000000000000e+04 5.758284594124497141e-02
1.417000000000000000e+04 5.782756351688369406e-02
1.418000000000000000e+04 5.807424292667388854e-02
1.419000000000000000e+04 5.832124972845494082e-02
1.420000000000000000e+04 5.856690910143011464e-02
1.421000000000000000e+04 5.880954480922773869e-02
1.422000000000000000e+04 5.904752286059427452e-02
1.423000000000000000e+04 5.927929538481627181e-02
1.424000000000000000e+04 5.950344051195530920e-02
1.425000000000000000e+04 5.971869453376646431e-02
1.426000000000000000e+04 5.992397316412867436e-02
1.427000000000000000e+04 6.011837947682238670e-02
1.428000000000000000e+04 6.030119735931495362e-02
1.429000000000000000e+04 6.047187118483872414e-02
1.430000000000000000e+04 6.062997460131034494e-02
1.431000000000000000e+04 6.077517330906569842e-02
1.432000000000000000e+04 6.090718769726250620e-02
1.433000000000000000e+04 6.102576085600507072e-02
1.434000000000000000e+04 6.113063595304316089e-02
1.435000000000000000e+04 6.122154497178465549e-02
1.436000000000000000e+04 6.129820917338607567e-02
1.437000000000000000e+04 6.136035079644187179e-02
1.438000000000000000e+04 6.140771532444590231e-02
1.439000000000000000e+04 6.144010351967754691e-02
1.440000000000000000e+04 6.145741178299417296e-02
1.441000000000000000e+04 6.145967802622254866e-02
1.442000000000000000e+04 6.144712841915389578e-02
1.443000000000000000e+04 6.142021878290689768e-02
1.444000000000000000e+04 6.137966367536420303e-02
1.445000000000000000e+04 6.132644681002138998e-02
1.446000000000000000e+04 6.126180849874050816e-02
1.447000000000000000e+04 6.118720913064635419e-02
1.448000000000000000e+04 6.110427173265796374e-02
1.449000000000000000e+04 6.101471057718564628e-02
1.450000000000000000e+04 6.092025570418250352e-02
1.451000000000000000e+04 6.082258425763035353e-02
1.452000000000000000e+04 6.072326831773727784e-02
1.453000000000000000e+04 6.062374553327824767e-02
1.454000000000000000e+04 6.052531410544485790e-02
1.455000000000000000e+04 6.042914874745070053e-02
1.456000000000000000e+04 6.033633038313249153e-02
1.457000000000000000e+04 6.024788039932092026e-02
1.458000000000000000e+04 6.016479039774315363e-02
1.459000000000000000e+04 6.008804016500842587e-02
1.460000000000000000e+04 6.001859929864065274e-02
1.461000000000000000e+04 5.995741088588107254e-02
1.462000000000000000e+04 5.990535847358884752e-02
1.463000000000000000e+04 5.986322028581107096e-02
1.464000000000000000e+04 5.983161732527671889e-02
1.465000000000000000e+04 5.981096447282595319e-02
1.466000000000000000e+04 5.980143534135494432e-02
1.467000000000000000e+04 5.980295152514098628e-02
1.468000000000000000e+04 5.981520417384753735e-02
1.469000000000000000e+04 5.983771036208687666e-02
1.470000000000000000e+04 5.986989927968721509e-02
1.471000000000000000e+04 5.991121551303831005e-02
1.472000000000000000e+04 5.996122093335227304e-02
1.473000000000000000e+04 6.001967497329729895e-02
1.474000000000000000e+04 6.008657628182870886e-02
1.475000000000000000e+04 6.016215623263955481e-02
1.476000000000000000e+04 6.024682458520354278e-02
1.477000000000000000e+04 6.034107726662155807e-02
1.478000000000000000e+04 6.044538345692117287e-02
1.479000000000000000e+04 6.056007238433237100e-02
1.480000000000000000e+04 6.068523896996999567e-02
1.481000000000000000e+04 6.082068238560447287e-02
1.482000000000000000e+04 6.096588420169290340e-02
1.483000000000000000e+04 6.112002494896704580e-02
1.484000000000000000e+04 6.128203126718060473e-02
1.485000000000000000e+04 6.145064138555729472e-02
1.486000000000000000e+04 6.162447486452017620e-02
1.487000000000000000e+04 6.180209326261380809e-02
1.488000000000000000e+04 6.198204142622806834e-02
1.489000000000000000e+04 6.216286411308886983e-02
1.490000000000000000e+04 6.234309904321641560e-02
1.491000000000000000e+04 6.252125411615773454e-02
1.492000000000000000e+04 6.269578179069562607e-02
1.493000000000000000e+04 6.286506567694576109e-02
1.494000000000000000e+04 6.302743207208866272e-02
1.495000000000000000e+04 6.318119262317593854e-02
1.496000000000000000e+04 6.332471508740830646e-02
1.497000000000000000e+04 6.345650989352630278e-02
1.498000000000000000e+04 6.357531360261463316e-02
1.499000000000000000e+04 6.368014847102705656e-02
1.500000000000000000e+04 6.377034091585485898e-02
